Time,Latitude,Longitude,Altitude,Angle of Attack,Angle of Sideslip,X-Acceleration,Y-Acceleration,Z-Acceleration,Thrust,True Velocity,Ground Velocity,Pitch,Roll,Yaw,Dynamic Pressure,cp,parachute_deploy_gain,Wind Speed,Mach,omega_x,omega_y,omega_z,Cmq,Angle of Attack(total),Angle of Attack(gust),True Velocity(gust),Acceleration
0.0,31.222186000000004,131.010384,3.000000003643237,0.0,0.0,0.0,0.0,0.0,2.2828121974499247,0.0,0.0,69.99999999623421,0.0,113.69999999388332,0.0,15.288,0.0,0.0,0.0,0.0,0.0,0.0,-0.0,0.0,90.0,0.0,0.0
0.01,31.22218600000153,131.01038399999584,2.99999882256592,0.0,0.0,0.0,0.0,0.0,34.24218696174923,7.502283530665459e-11,7.190531319924593e-11,69.99999999623329,-4.83564628150269e-13,113.69999999388072,3.446445726795683e-21,15.288,0.0,0.0,2.204725565824978e-13,-3.659182332138578e-19,7.589415207398531e-19,4.811147140404426e-19,-1.5108918610345807e-31,0.0,89.9999999995224,7.502283530665459e-11,0.0
0.02,31.22218600000288,131.01038399999217,2.999997775701936,0.0,0.0,0.0,0.0,0.0,25.871876237766408,1.5320717031631675e-10,1.4674636035870463e-10,69.99999999623222,-9.67129256300373e-13,113.69999999387804,1.4372842949972735e-20,15.288,0.0,0.0,4.5023593667086093e-13,-7.284483346386986e-19,1.5178830414797062e-18,9.757819552369542e-19,-6.170906918166791e-31,0.0,89.99999999902465,1.5320717031631675e-10,0.0
0.03,31.22218599928065,131.01038400193067,3.000201659671132,18.81500467334555,-0.00012974450181,11.96616230539064,-1.8916256735984712e-05,3.349833086198469,180.34219359854663,0.0882870268161719,0.0553390044312322,69.99999999799445,-4.212591857125379e-12,113.69999999488518,0.0047728553458352,15.288,0.0,0.0,0.0002594525584132,3.2187251995663407e-17,-7.20264389268894e-10,1.2365134327422308e-11,1.6874092354518158e-13,18.815004673776716,89.46786891739345,0.0882666465974854,12.426199017587786
0.04,31.22218599548236,131.0103840121632,3.001799604587872,9.46752327608497,-4.6177622759613696e-05,55.21900012092241,3.931876292165237e-06,3.349616504302861,548.6359724538078,0.3767519978512604,0.1853356633749705,70.00000000507204,-2.4624598767003407e-11,113.70000000019972,0.086915163246288,15.288,0.0,0.0,0.0011071759353184,1.6174128009138757e-15,-1.3693172015529268e-08,2.7753303060112748e-11,1.3689612277852356e-11,9.467523276196548,87.63554493451223,0.3767447442872393,55.32050167054111
0.05,31.222185984749512,131.01038404118162,3.00777936418888,5.376730308971262,-2.257790939128127e-06,80.28807156553681,5.266841443842784e-05,3.348887800834877,761.6984298824644,1.018787885905993,0.4366201147110198,70.00000000894464,-1.1355399380652658e-10,113.70000001523856,0.635552918586145,15.288,0.0,0.0,0.0029939522895272,1.6418815498809788e-14,-9.32122351075408e-08,4.303264669380585e-11,2.5199270302492604e-10,5.3767303089717045,83.57022052969386,1.0187875312530217,80.35788377762394
0.06,31.22218596447235,131.01038409608267,3.0201664202003013,4.296730121134882,2.4863835723705905e-05,60.21296515808257,0.0001057204249726,3.347700952379021,590.4875390737208,1.721098934225416,0.7081674028809783,69.99999995523842,-3.0560354507026086e-10,113.70000004366592,1.8138247671743823,15.288,0.0,0.0,0.0050578622752421,8.328976953118383e-14,-3.2824985336199985e-07,5.923438275930214e-11,1.4991363363716091e-09,4.296730121206683,79.20467073327266,1.7211028398275985,60.305955550063224
0.07,31.22218593493329,131.01038417609837,3.038741944736831,3.8204913578752526,4.8016684030909405e-05,91.4060317508128,0.0001597686613101,3.346072557365335,855.2937749779139,2.4375792548422868,0.9844712334613328,69.99999973536046,-5.939103491363046e-10,113.7000000850886,3.6383156301599167,15.288,0.0,0.0,0.007163413150771,2.709313825263564e-13,-7.906546256197275e-07,7.920022733617308e-11,5.114174483651565e-09,3.820491358176508,74.87999294483174,2.437586797285377,91.46725557277466
0.08,31.222185894468456,131.01038428575305,3.0647976109320942,3.588632851766762,7.220043782492885e-05,19.18449428359557,0.0002119618497595,3.3440615022685813,241.2171988638848,3.1292508166901074,1.2522236515868983,69.99999919480445,-9.914748373602156e-10,113.7000001418522,5.996012698481753,15.288,0.0,0.0,0.0091960591623389,6.80386533246681e-13,-1.5973238302190878e-06,1.0839624626357699e-10,1.3263625118823921e-08,3.58863285249208,70.86684630658345,3.1292621579083604,19.473766155861934
0.09,31.22218584634549,131.01038441616095,3.0957981580345013,3.551302481506045,9.685468678862004e-05,57.102946699906326,0.0002554087225869,3.341892818148368,563.0937377043176,3.701810007254615,1.479132491047967,69.99999812344194,-1.4359264356978275e-09,113.7000002093888,8.390904013834115,15.288,0.0,0.0,0.010878666406854,1.440096519545733e-12,-2.748643691533636e-06,1.5214952332699618e-10,2.6999776649034504e-08,3.5513024828250237,67.68737872952666,3.701825221153239,57.20065357568538
0.1,31.222185790329306,131.01038456796124,3.1319266121977414,3.608446747536112,0.0001234669721807,54.26147302645416,0.0002914860332524,3.3396271157106168,538.7437595981919,4.174070299823608,1.6716491241860567,69.9999963052332,-1.902380107712657e-09,113.70000028805804,10.668380938744466,15.288,0.0,0.0,0.0122665227999911,2.687800116751415e-12,-4.315796035622946e-06,2.1749089204950437e-10,4.7802076800548326e-08,3.608446749645647,65.17160335282355,4.174089693970246,54.36414778470795
0.11,31.222185727066616,131.0103847393952,3.172681775073216,3.633547373470009,0.0001485939126744,42.987553988990406,0.0003293995000288,3.337005588796181,442.8656393052949,4.672024955140527,1.8729475711242067,69.99999349387662,-2.3433348587116544e-09,113.70000037699285,13.365573690709628,15.288,0.0,0.0,0.0137298902182575,4.5789425819531184e-12,-6.340230783164189e-06,3.1157625832417107e-10,7.860218435507205e-08,3.6335473765043056,62.62546922225161,4.672048296217748,43.116880735560244
0.12,31.22218565692512,131.0103849294629,3.2177790417108385,3.650108937861461,0.0001727442530266,46.86777100765684,0.000367618259785,3.334068179146888,475.58594813540446,5.17479364099247,2.0758708919414386,69.99998941286465,-2.702771525550512e-09,113.70000047573096,16.396890189902592,15.288,0.0,0.0,0.0152074069417046,7.288473386564583e-12,-8.86736416607888e-06,4.42271554299792e-10,1.217615295152289e-07,3.6501089419435786,60.16906436414164,5.174820775596283,46.986210423745625
0.13,31.222185580265183,131.0103851371844,3.2669395832841857,3.7280113734654137,0.0001995014041665,51.64515456841877,0.0003986198234033,3.3311573548369657,515.9156326236895,5.579364582999854,2.2451120211463422,69.99998375846928,-2.9114380666036422e-09,113.70000058383452,19.060875702782603,15.288,0.0,0.0,0.0163963474924215,1.100846422415094e-11,-1.1941028436408576e-05,6.179653149059831e-10,1.7678562106638216e-07,3.728011378795934,58.279338776943774,5.579395920607139,51.75247433579817
0.14,31.22218549718016,131.01038536230575,3.320091807147376,3.768719651034081,0.0002242721760019,48.1660778383537,0.0004326225136175,3.32784677779744,486.2390860568404,6.025734265159953,2.428648685938864,69.99997621008868,-2.890941335368725e-09,113.70000070125378,22.232643351545065,15.288,0.0,0.0,0.0177081261985351,1.5941871344608664e-11,-1.560901486259027e-05,8.477542742712431e-10,2.495765160917323e-07,3.7687196576976176,56.27980129251342,6.025769493750979,48.280903250602165
0.15,31.22218540777004,131.01038560455507,3.377159065217065,3.821894709649632,0.000249725644238,46.56959330999435,0.0004643042952466,3.324387732286376,472.54218587214,6.441023336496372,2.6014999612196745,69.99996641132823,-2.546763407193136e-09,113.70000082794672,25.402620271850456,15.288,0.0,0.0,0.0189285691155931,2.2314099732464315e-11,-1.992367942778425e-05,1.1417519574710292e-09,3.4051816697623295e-07,3.821894717796148,54.501255563441134,6.441062563308839,46.68809885900716
0.16,31.22218531193176,131.01038586421257,3.4382223512025254,3.8463320955387794,0.0002733212404609,36.974247749122085,0.0004987816203583,3.3205066466509234,391.1218908297564,6.895451966878468,2.7877331692857847,69.99995397923414,-1.77088415515292e-09,113.70000096417354,29.113317717489338,15.288,0.0,0.0,0.0202640360420561,3.0367358387834494e-11,-2.4945905791363795e-05,1.5114297685186711e-09,4.5643121540033697e-07,3.846332105235269,52.641145594326446,6.895494900078523,37.12304892183151
0.17,31.222185210004127,131.010386140357,3.503019838429153,3.8860314262554336,0.000297865039677,46.520531453299206,0.0005306403365217,3.31650761597812,471.78125980632376,7.314788342774694,2.9619016331667103,69.99993849340957,-4.3039914767238207e-10,113.70000110959404,32.761746921137856,15.288,0.0,0.0,0.0214963781445172,4.0366633128431416e-11,-3.0713078585132897e-05,1.96747427715988e-09,5.961228045584824e-07,3.886031437653654,51.00464968745696,7.314835131305714,46.63860064094784
0.18,31.22218510147516,131.01038643438045,3.571950002194137,3.9107265153396016,0.0003214293682635,38.895647526122765,0.0005639254295027,3.312149448254175,407.10156721191447,7.754626295791602,3.1430587898572058,69.9999195084231,1.6149322372810674e-09,113.70000126508234,36.81988229018681,15.288,0.0,0.0,0.0227889722876034,5.2593391349219385e-11,-3.731786027786564e-05,2.525509173087448e-09,7.6786585232224e-07,3.9107265285284982,49.36615848311875,7.754676785798701,39.036415444581515
0.19,31.222184986476247,131.0103867459258,3.644912152926752,3.920599115663931,0.0003437679584038,43.86258669386953,0.0005989384366483,3.307389681300437,448.9531328318269,8.219206165926856,3.332657190859447,69.99989653019398,4.538529095696477e-09,113.70000143063515,41.36350714675367,15.288,0.0,0.0,0.02415428010977,6.735860419174937e-11,-4.481243905342629e-05,3.199401151670645e-09,9.773118416308382e-07,3.92059913071168,47.71893898797248,8.21926016487149,43.987104227715655
0.2,31.222184864792144,131.01038707557822,3.722074668489528,3.943376465171875,0.000367328732016,40.28070981710589,0.0006315894240138,3.30251450988504,418.51563019916136,8.65238089736321,3.511445117640573,69.99986902534273,8.534090245934178e-09,113.7000016067622,45.83799876721736,15.288,0.0,0.0,0.025427299120469,8.499785987217288e-11,-5.328041996372527e-05,4.006766070954748e-09,1.2232205148646746e-06,3.9433764822533854,46.2587826635041,8.652438597225508,40.41586552155969
0.21,31.22218473678744,131.01038742234647,3.803156063113743,3.9664546506877016,0.000390962054969,38.67679184347145,0.0006636984664108,3.297405915846789,404.8187610144644,9.079179692250786,3.688002035198235,69.99983642883521,1.3827831253856693e-08,113.70000179318536,50.47126980736161,15.288,0.0,0.0,0.0266815841422463,1.0586558589671407e-10,-6.275155280099118e-05,4.961340042512481e-09,1.5117124669161171e-06,3.9664546699249135,44.88773728276958,9.079241104426773,38.817098210937615
0.22,31.2221846022986,131.01038778667507,3.8882846911135607,3.956175711337521,0.0004112685792646,46.713636108302936,0.0007011135033803,3.291572407481395,472.5421858721365,9.580256326712124,3.889976788904857,69.99979815126248,2.0662823443484168e-08,113.70000199039316,56.195522894218605,15.288,0.0,0.0,0.0281541581291438,1.3033127211465288e-10,-7.330053770532661e-05,6.0817207473359025e-09,1.8632831045819008e-06,3.956175732680424,43.35679625546934,9.580320928629488,46.8294591882524
0.23,31.222184460898035,131.01038816972698,3.977794004014759,3.9879066397329104,0.0004360962274406,38.89105719050748,0.0007308686121188,3.286096544282012,406.3406421461021,9.977039034039262,4.056142701351626,69.99975353557706,2.9316661139418326e-08,113.70000219928508,60.9462612310605,15.288,0.0,0.0,0.0293202403623685,1.5880617816859538e-10,-8.505067486192354e-05,7.393319440773217e-09,2.2514912291167663e-06,3.987906663538912,42.20670487756048,9.97710753587448,39.0296395118868
0.24,31.222184313516166,131.01038856897196,4.070963590490852,4.003523997322975,0.000459165577055,40.0792299321398,0.0007630441688766,3.280134925833028,416.2328240017114,10.408422364424831,4.234121060914368,69.99970190737699,4.010976417051318e-08,113.70000241888,66.32994780718496,15.288,0.0,0.0,0.030588009649109,1.91711512587616e-10,-9.795845222523724e-05,8.904557280909524e-09,2.7052895870113487e-06,4.003524023611085,41.011349410369874,10.408494489985014,40.21323112692186
0.25,31.22218416001652,131.01038898478134,4.167901030441617,4.0261356185860135,0.0004830526730531,41.17760020658354,0.0007934613160587,3.2740610008587527,425.36408079150686,10.816813039390448,4.4041629376391525,69.99964258149416,5.3372865854010094e-08,113.70000264972064,71.63651430352668,15.288,0.0,0.0,0.0317882126436337,2.2947426169209347e-10,-0.0001121037688082,1.0637152702866709e-08,3.217380562698304e-06,4.026135647516394,39.93186687113378,10.816888917126896,41.30755663120434
0.26,31.222184000702686,131.0103894163294,4.26837241014618,4.053359329950934,0.000507503069958,44.80261175215926,0.0008224724146494,3.2678597736729302,455.8015834241788,11.207047269494833,4.567925492611352,69.99957484039399,6.947299261165984e-08,113.70000289176392,76.89781807056055,15.288,0.0,0.0,0.0329350617559806,2.7254099134167665e-10,-0.0001275114371842,1.260720913253598e-08,3.7915697709142366e-06,4.053359361668992,38.945390435244384,11.207126987890645,44.921630958721536
0.27,31.22218383516388,131.01038986473338,4.372698316214008,4.0614460923241,0.0005296455772492,41.029837477288126,0.0008548809954683,3.2610328932384265,423.84219965987256,11.645685385842508,4.748226940060522,69.99949794024376,8.879821051920497e-08,113.70000314600205,83.0342688744587,15.288,0.0,0.0,0.0342241635563461,3.2137296827284217e-10,-0.0001442952656441,1.4842505534226832e-08,4.458527942364847e-06,4.061446126801262,37.8838346421185,11.645768582375233,41.15922617924542
0.28,31.222183663504484,131.01039032970942,4.48079961904222,4.081133040992532,0.0005533279247169,47.27661484082626,0.0008845140695959,3.254218495915602,476.3468732012221,12.047344998676092,4.915789434712848,69.99941106884992,1.1178948978424788e-07,113.70000341275257,88.85982357848233,15.288,0.0,0.0,0.0354045979054623,3.764736350660473e-10,-0.0001625146963723,1.7365685655384934e-08,5.194620655212288e-06,4.081133078439725,36.956255322213885,12.047431915223257,47.38848224631549
0.29,31.22218348566054,131.0103908114315,4.592727908358551,4.1001100265020245,0.0005770279952742,37.989969791857405,0.0009138463939581,3.247164755122801,397.97031042211177,12.446314684600782,5.082367374004485,69.99931338876085,1.3891902435864665e-07,113.70000369260468,94.8417675268915,15.288,0.0,0.0,0.0365771315767517,4.3836067907166327e-10,-0.0001822432988888,2.0202163500922312e-08,6.018074062137429e-06,4.100110067036654,36.07377590258778,12.446405323946324,38.12849176886316
0.3,31.222183301933686,131.01039130907952,4.708251093558373,4.112858061667493,0.0005998635114143,35.655053282557844,0.000944131403186,3.2397207148238625,378.1859457108711,12.860033399289696,5.253940723820665,69.99920403105713,1.707002607527005e-07,113.7000039856728,101.2505662360602,15.288,0.0,0.0,0.03779301412572,5.075709863465428e-10,-0.0002035013069687,2.3370674033523645e-08,6.94335970778e-06,4.112858105337573,35.19685285507256,12.860127625629724,35.80193592228613
0.31,31.222183112488807,131.0103918222051,4.827243246502713,4.136140889545823,0.0006242383343011,37.56633644061071,0.0009716215464757,3.232339252743767,394.1656220930212,13.2364445751808,5.4126574282679245,69.99908210036875,2.0768081583188525e-07,113.7000042923011,107.26326115439352,15.288,0.0,0.0,0.0388992619788015,5.846561731689753e-10,-0.0002263323252403,2.6893437641668458e-08,7.948283231812338e-06,4.1361409365698805,34.43286455705216,13.236542630309057,37.70514091683033
0.32,31.22218291741533,131.01039235056504,4.949637017503345,4.1622282001352975,0.0006491019906456,40.83513712643371,0.0009979686925508,3.224840963348891,421.55939346242695,13.59846554462374,5.566374262777002,69.99894668612772,2.504388718903276e-07,113.70000461297312,113.2095365840355,15.288,0.0,0.0,0.0399632243410653,6.701756367872645e-10,-0.00025078340164,3.0793566854276295e-08,9.047716714467492e-06,4.16222825066026,33.72644865222576,13.598567505326,40.96227562489027
0.33,31.222182716732533,131.01039289410716,5.075419569102976,4.187801887681037,0.0006739743721461,40.48743503284469,0.0010239291638211,3.217136801802925,418.5156301991682,13.956637761217308,5.718704299733134,69.99879684673242,2.995902922462564e-07,113.70000494831164,119.25032483364384,15.288,0.0,0.0,0.0410158804634189,7.647061680070125e-10,-0.0002769136723495,3.509664608790402e-08,1.0253455741189656e-05,4.187801941818244,33.053267359159875,13.956743628864118,40.61505097607
0.34,31.222182510255863,131.01039345333336,5.204736257784645,4.19642921746386,0.0006961879027693,31.814592723444047,0.0010535137542081,3.208669900766693,345.46563688075645,14.367047160772364,5.88887983533068,69.99863160305904,3.557915789971256e-07,113.70000529927128,126.36523219087664,15.288,0.0,0.0,0.042222056531773,8.688448410811866e-10,-0.0003048202762282,3.9835373705550826e-08,1.1618525957862828e-05,4.196429275109305,32.30947868183619,14.367156517712404,31.97598901989736
0.35,31.222182298183583,131.0103940277045,5.337435501771672,4.210915783240843,0.0007193441544952,34.813487415034444,0.0010813034848195,3.200164272309822,370.5765700527033,14.754132934586384,6.050986755458457,69.99844991734221,4.1975736284587617e-07,113.70000566632532,133.26448209504355,15.288,0.0,0.0,0.0433596939127697,9.832256819293898e-10,-0.0003345386312107,4.503361101379695e-08,1.309465610343774e-05,4.210915844572415,31.63649055965014,14.75424592890194,34.96026256388454
0.36,31.222182080444604,131.0103946174141,5.4735747500461605,4.22903876037745,0.0007431682866607,39.2632255716727,0.0011077666085529,3.1915717453569297,407.8625232777193,15.124417129017054,6.2072589919251575,69.99825073022951,4.922382611919288e-07,113.70000605036684,140.03566173682628,15.288,0.0,0.0,0.0444479595865755,1.1084921261805627e-09,-0.0003661511460057,5.0723697896912267e-08,1.4691545926915382e-05,4.229038825557203,31.017264542603208,15.124533865618538,39.39272792946638
0.37,31.22218185710795,131.01039522227452,5.613102797925907,4.249164960780052,0.0007674149135003,37.28328237034959,0.001133274451316,3.1828514669894137,391.1218908297666,15.483077353331511,6.359470679857624,69.99803294268581,5.740349991123437e-07,113.70000645214331,146.75405277514704,15.288,0.0,0.0,0.0455020695186381,1.245311285088233e-09,-0.0003997125883071,5.6934243389647934e-08,1.641828325195534e-05,4.2491650299519,30.439178816713017,15.483197898584232,37.418894813348615
0.38,31.2221816281124,131.0103958424523,5.756069531572451,4.260095806433531,0.0007900626414612,38.9278000801764,0.0011607546399008,3.1735466295306622,404.8187610144602,15.87126705947922,6.521735074464384,69.99779542676283,6.659911329739736e-07,113.70000687263192,154.20298254405043,15.288,0.0,0.0,0.0466429667223463,1.3943646956867835e-09,-0.0004353006984059,6.369875435270817e-08,1.8328108041903096e-05,4.260095879559656,29.83470194713067,15.87139116222873,39.05694584372078
0.39,31.22218139339905,131.0103964781077,5.9025231349944285,4.274091258047817,0.0008133283308351,33.320076729592266,0.0011870382950339,3.164143363712209,357.64062493382744,16.24457853509073,6.678818328235205,69.9975369905506,7.690136753559805e-07,113.70000731287368,161.54010621938565,15.288,0.0,0.0,0.0477401448128051,1.5563705124515804e-09,-0.0004730068442167,7.105463478762673e-08,2.0383860516746246e-05,4.274091335289374,29.274934656826048,16.244706292406182,33.46997636540994
0.4,31.22218115316572,131.01039712870306,6.0523126585892895,4.286421841403391,0.0008363022448449,31.88018820767003,0.0012133780841982,3.1544430614236454,345.465636880754,16.62063299903514,6.836764518435374,69.99725641601981,8.840594270905819e-07,113.70000777359816,169.10340080049767,15.288,0.0,0.0,0.0488453895716005,1.7320643186450851e-09,-0.0005128553637434,7.9027539265021e-08,2.2612406375611563e-05,4.286421922834417,28.730746964325096,16.620764365084565,32.03586915718869
0.41,31.22218090752676,131.01039779392735,6.205351877049411,4.30025870409831,0.0008595777771371,35.882550741685804,0.0012389121673015,3.1445895889870297,378.94687077668647,16.987310563534386,6.99141560549392,69.9969524610574,1.0121301778427253e-06,113.70000825570062,176.64448930727934,15.288,0.0,0.0,0.0499230826371405,1.922193031274436e-09,-0.0005548883906878,8.764667734700782e-08,2.5005077415911235e-05,4.300258789847355,28.21875643368965,16.987445585695873,36.020076248499606
0.42,31.222180656535848,131.0103984736348,6.36160173428776,4.322008670726048,0.0008844838439129,40.34064925656127,0.001261804338223,3.134918999355981,416.2328240017114,17.318628721060172,7.133856886815013,69.99662385300175,1.154276942054023e-06,113.70000876021427,183.59942989625057,15.288,0.0,0.0,0.0508968652507098,2.1275184665783874e-09,-0.0005991661829955,9.694534598491077e-08,2.752657757470936e-05,4.322008761057615,27.772396468009568,17.318767655457478,40.462275036947325
0.43,31.222180400205527,131.0103991677914,6.521055075967404,4.339436441324956,0.0009085827200945,35.541853595187746,0.0012854696362701,3.124839917627212,375.9031395134336,17.662848429084132,7.280642039343927,69.99626930133451,1.3115939750280808e-06,113.70000928827632,190.96736675963504,15.288,0.0,0.0,0.0519085689713619,2.3488101247838237e-09,-0.0006457514522491,1.0695800287133593e-07,3.0255957891170616e-05,4.339436536261635,27.322335771349252,17.662991148924057,35.67895714766603
0.44,31.22218013836212,131.0103998768696,6.683849332059896,4.342209064313268,0.0009296474314902,32.82948243168077,0.0013129688908547,3.113754688841357,353.0750125389216,18.063580761318697,7.446730341918701,69.99588746395321,1.4852372182848018e-06,113.7000098413532,199.7278270846888,15.288,0.0,0.0,0.0530863610987301,2.586862292117705e-09,-0.0006947575786514,1.1773083546077225e-07,3.329010177793299e-05,4.342209163639375,26.81344244367223,18.06372678999575,32.9768158972058
0.45,31.22217987077456,131.0104006014978,6.850166573233225,4.3420317510315165,0.0009500780330031,38.11022602597878,0.001341042003417,3.1022288449712887,397.2093853562869,18.47486275310604,7.616350301328129,69.99547690348253,1.6764536248320808e-06,113.70001042108892,208.92306716049887,15.288,0.0,0.0,0.0542951637545535,2.842521175226318e-09,-0.0007463379956615,1.2932090054593452e-07,3.657529369088674e-05,4.342031854775571,26.30944884471334,18.47501199101448,38.23628058998621
0.46,31.22217959739673,131.01040134180155,7.020045503401754,4.351169003849846,0.0009725797783515,44.3937050866137,0.0013660055515545,3.09098240974522,449.7140588976434,18.844323061800488,7.771531995684422,69.99503610583268,1.8865779683531e-06,113.70001102895836,217.3591612614144,15.288,0.0,0.0,0.0553810645782081,3.1166808800591503e-09,-0.000800596194505,1.417768495237597e-07,4.001824400409673e-05,4.351169112337076,25.873596578896564,18.844475834274814,44.50118229261506
0.47,31.22217931813738,131.01040209802923,7.193559875579052,4.358630093683735,0.0009947969928181,30.22514089990685,0.0013910994973101,3.079396422776949,331.0078106302534,19.2180591098146,7.9280875671397615,69.99456352718363,2.1170044481277104e-06,113.70001166656292,226.0625808853568,15.288,0.0,0.0,0.0564795377574197,3.4102493884459798e-09,-0.0008576351980594,1.551487523304888e-07,4.3718862242359527e-05,4.35863020698899,25.44665981168229,19.218215372160817,30.381603425148434
0.48,31.22217903348153,131.01040286886197,7.370336324605091,4.365514409145237,0.001016880998596,29.779838936311712,0.001416009414045,3.067527859335786,327.2031223011574,19.5915905767454,8.084483592791102,69.99405758812365,2.369198154608765e-06,113.70001233476164,234.93171707892955,15.288,0.0,0.0,0.057577416115756,3.7241711041759195e-09,-0.0009173883913609,1.6944871263079066e-07,4.767297940601472e-05,4.365514527349481,25.03354780044292,19.59175030803913,29.937410312943754
0.49,31.22217874361868,131.01040365378466,7.5502307795521535,4.3786401372577615,0.0010404145545081,37.2489281064929,0.0014385799934191,3.0558405437943126,389.60000969812296,19.93403005898306,8.23012235628909,69.99351671352461,2.644660619562788e-06,113.700013034871,243.21198709852868,15.288,0.0,0.0,0.0585839249886784,4.059374595909599e-09,-0.0009798792959512,1.8470833984680338e-07,5.180951737438081e-05,4.378640260624215,24.667474291142685,19.934193486919103,37.37406598941686
0.5,31.22217844858332,131.0104044527036,7.733219389747018,10.513607711616505,-0.0006991056653363,38.35677187203328,0.0013745820214118,2.5806773063404265,397.97031042210494,21.406983915001824,8.366361539570502,69.99293932307316,2.9449363413826395e-06,113.70001376847225,280.4775422143716,15.288,0.0,2.5051569778986185,0.062912904465517,4.416751211901175e-09,-0.0010494275467989,1.0298120881856823e-05,5.958571682053966e-05,10.513607734598638,24.991412955455523,21.406874099740712,38.44348898958235
0.51,31.222178148583584,131.01040526518412,7.919255648531491,10.437991106395136,-8.833276424248465e-05,29.447785479609955,0.0013545218099488,2.5575149774189474,323.3984349720841,21.75286136461256,8.507544327892873,69.99229299568304,1.9145378157984e-05,113.70003143028866,289.6090664801676,15.288,0.0,2.515098841418872,0.0639295365660829,4.821970365987066e-09,-0.0012281305963434,1.0295748301438933e-05,7.085775865002587e-05,10.43799110676476,24.66766500903348,21.7528474893344,29.558635867502048
0.52,31.22217784362915,131.01040609106738,8.108361009159118,10.360324609707472,-5.176306691477789e-05,35.28620766655654,0.0013762739869482,2.533584447072424,372.0984511843415,22.107403180326248,8.651694664674496,69.99154285168304,3.534282847065709e-05,113.7000490957066,299.12102969265857,15.288,0.0,2.5250067450183704,0.064971638963331,5.2918979449570645e-09,-0.0014124805444571,1.029503889159938e-05,8.282067924411527e-05,10.36032460983537,24.34349157115359,22.10739504940271,35.37704769383577
0.53,31.22217753358648,131.01040693072818,8.300647529659457,10.286117942011982,-1.5804909270830267e-05,37.028883403345006,0.0013976359543504,2.5093814699789267,386.5562464348624,22.4582815456018,8.794395361762989,69.99068556888582,5.1538327343517405e-05,113.70006676599564,308.685698657138,15.288,0.0,2.534882223217355,0.0660029816064663,5.828414622108388e-09,-0.0016027325725451,1.0295056081100412e-05,9.54658730021123e-05,10.286117942024,24.031680081068657,22.45827906297246,37.11381418574193
0.54,31.222177218362976,131.01040778441873,8.49619277340954,10.214424019077317,1.9594070135378847e-05,32.57580613779036,0.0014187097040131,2.484838045432047,349.2703242098436,22.807149271017067,8.936217294712245,69.98971772494706,6.773280601797789e-05,113.70008444224588,318.34447769581766,15.288,0.0,2.5447324323657896,0.0670284220757736,6.433451412101815e-09,-0.0017990963396385,1.0295843110127122e-05,0.0001088247889373,10.21442401909595,23.730037812518542,22.807152348846408,32.67043874287066
0.55,31.22217689823944,131.01040865137574,8.694784635072953,10.1477396370892,5.444393230493466e-05,34.50080593609945,0.0014391168751678,2.4601935265764494,365.2500005919907,23.148033140871327,9.075093655538154,69.98863584899973,8.392725839271313e-05,113.7001021250835,327.9255230212048,15.288,0.0,2.554545836888631,0.0680304054309204,7.108979247950224e-09,-0.0020014300193562,1.0297444221560029e-05,0.0001228707847016,10.147739637233691,23.443669218906404,23.14804169290421,34.588410840911166
0.56,31.222176573222487,131.0104095315816,8.896423601776073,10.087758728419947,8.881754179230831e-05,32.2320900180863,0.0014585665332088,2.4356466104502337,346.2265619465787,23.476339956143995,9.209428534973265,69.98743648369631,0.000100122733344,113.70011981558105,337.28684255597125,15.288,0.0,2.5643222571160065,0.0689954325055248,7.85692930372261e-09,-0.0022098564726,1.029990344184654e-05,0.0001375878789768,10.087758728806891,23.17592419684132,23.47635390757084,32.323984956567976
0.57,31.22217624338929,131.01041042482663,9.101055391342395,10.025343383142438,0.0001226708897846,31.877502528376468,0.0014783609206616,2.4103684257069142,343.1828296833023,23.812618082941288,9.346367817340733,69.98611614170723,0.0001163203389064,113.70013751477283,347.0119093061134,15.288,0.0,2.5740574040221165,0.0699838935517926,8.679244278929754e-09,-0.0024244114803254,1.0303265160987185e-05,0.0001531054545071,10.02534338388528,22.907458125716957,23.812637352039594,31.968500834099867
0.58,31.22217590872396,131.01041133115456,9.308697916468851,9.954712670426048,0.0001558990406781,41.83413877430772,0.0014993917597676,2.383741742736466,426.1250058573153,24.171123191639847,9.490863421159284,69.98467128017505,0.0001325212410385,113.7001552238858,357.5321422111889,15.288,0.0,2.583751259024296,0.0710376855271538,9.57788004835467e-09,-0.0026452255480549,1.0307575296953488e-05,0.000169561818563,9.954712671634486,22.626159245997734,24.17114768020389,41.90199749334483
0.59,31.222175568835983,131.01041225162749,9.51965983044366,9.897391422867871,0.0001888771473993,33.997402265169725,0.0015183976566545,2.357901647552585,360.68438819711065,24.50031708709397,9.624990463265975,69.98309814852519,0.0001487266669171,113.70017294474226,367.3296965067804,15.288,0.0,2.593415294377309,0.0720053407891148,1.0554865793893928e-08,-0.0028728527345616,1.031288881499492e-05,0.0001866572215919,9.897391424652156,22.376843996602474,24.500346755846905,34.07907075119318
0.6,31.22217522393956,131.01041318566337,9.733780851473284,9.824661313494229,0.0002210824822243,30.26481958685949,0.0015397778475005,2.32990110914242,329.4859594986058,24.87010253509367,9.773045699959976,69.98139292312221,0.0001649379173861,113.70019067838412,378.49387153299534,15.288,0.0,2.603041916563197,0.0730923003113989,1.1612322478691816e-08,-0.0031071902110363,1.0319253779559176e-05,0.0002049255994304,9.824661315957307,22.09963069991768,24.87013726264877,30.35436947417048
0.61,31.22217487399272,131.01041413337668,9.951099411221128,9.750900590392094,0.0002527371324535,35.389855159287535,0.0015613628448094,2.3011462482045526,372.0984511843297,25.246202762612167,9.92311503907671,69.97955167579833,0.0001811563596967,113.70020842628608,390.0199023935344,15.288,0.0,2.6126336795680767,0.0741978267073181,1.2752392046116072e-08,-0.0033484218893417,1.032672363774612e-05,0.0002241702487386,9.75090059363579,21.824415881800988,25.246242462468096,35.46458972959972
0.62,31.222174519113366,131.01041509444715,10.171530054315951,9.704065210852928,0.0002846344495603,43.89808485374332,0.0015785988582826,2.274820796625555,442.86563930529206,25.555764456375083,10.049895077795169,69.97757037386647,0.0001973834356439,113.70022618977436,399.63470687510727,15.288,0.0,2.622193708867379,0.0751078059427441,1.3977278969912172e-08,-0.0035966037690439,1.0335350370163624e-05,0.0002437328206784,9.704065214987333,21.60872469450949,25.55580916664987,43.95698654338333
0.63,31.222174159127,131.0104160693496,10.395213749639575,9.650365069248604,0.0003159767136578,25.083318446905764,0.0015968530695306,2.247232933479775,286.11251274707894,25.88455079271855,10.18317564105355,69.97544502830792,0.0002136284193493,113.70024398175823,409.9750065908003,15.288,0.0,2.631706268467262,0.0760742934207194,1.528909611906565e-08,-0.0038520202107026,1.034519372838227e-05,0.0002643944923768,9.650365074372544,21.38260597170036,25.884600426224665,25.183782931008178
0.64,31.22217379461029,131.01041705651627,10.621709240153464,9.585197515370272,0.0003464710522453,24.6337442175458,0.0016169673372123,2.217724376538855,282.30782441796754,26.246216939283407,10.327715296442408,69.97317169615843,0.0002298773408719,113.70026178084088,421.5024459781344,15.288,0.0,2.6411797023209567,0.0771374217202016,1.6690077364505052e-08,-0.0041141371978399,1.035628817996152e-05,0.0002863249894428,9.58519752157361,21.1365692785375,26.246271362829027,24.733371347237505
0.65,31.222173425549503,131.01041805598493,10.851032802946673,9.539762151774209,0.0003772323381312,43.207170827767314,0.0016336899951918,2.1900788718475863,436.7781447787475,26.556288235095423,10.454176480684064,69.97074636364329,0.0002461396101237,113.70027959984584,431.5109835377636,15.288,0.0,2.650597360616844,0.0780489207021375,1.818233610343921e-08,-0.0043831363874324,1.03686882462519e-05,0.0003086430936204,9.539762159163656,20.934513156369075,26.55634749061253,43.26264045425017
0.66,31.222173051455403,131.01041906908617,11.083569102202391,9.49063439052624,0.0004075211021508,36.81618570495897,0.0016509188233118,2.161484426727176,383.51251517160017,26.87762911909084,10.58437383079458,69.9681649892231,0.0002624169265001,113.7002974412299,442.0071790447837,15.288,0.0,2.6599769385164964,0.0789935486650159,1.97679204472028e-08,-0.004659703191619,1.0382471824450817e-05,0.0003320807633456,9.490634399195434,20.728302541225005,26.87769313235588,36.8795817155583
0.67,31.222172672513693,131.0104200953153,11.319180022048956,9.431530782854344,0.0004369965451313,25.47924752297383,0.0016697900080304,2.1310465980835454,289.1562440103425,27.22881381159389,10.724762466857165,69.9654232443343,0.000278718803983,113.70031531762264,453.6229598660356,15.288,0.0,2.6693259825679228,0.0800258957622697,2.144914279445431e-08,-0.0049437525689865,1.039769067882226e-05,0.0003569193802701,9.43153079288654,20.505127424107545,27.228882454850684,25.568211058428982
0.68,31.22217228889353,131.01042113421292,11.55774030423188,9.376311774002373,0.0004662309892385,31.71199327381249,0.0016878950880916,2.1005452997148635,340.8999924858462,27.57089754839313,10.861828071197213,69.9625168830299,0.0002950316832074,113.70033320867634,465.08190568542,15.288,0.0,2.678611883468351,0.0810315031268974,2.3228294617276523e-08,-0.0052352416115218,1.0414397195521111e-05,0.0003827034404228,9.376311785490214,20.293219470502503,27.570970783785665,31.781485346085894
0.69,31.222171900676912,131.0104221855561,11.799192051566,9.332139397378512,0.0004956344632511,38.95572178222165,0.0017039081666501,2.071037530169355,401.0140726853634,27.88219177462277,10.98803793572488,69.95944156078734,0.0003113652208206,113.70035112731702,475.6323492750536,15.288,0.0,2.687857991878736,0.081946627253761,2.5107648328961963e-08,-0.0055341984903793,1.0432646605849966e-05,0.0004091158490359,9.332139410423627,20.106798618558106,27.8822696287022,39.01073517544281
0.7,31.22217150773471,131.01042324969654,12.043640812656813,9.287883760947633,0.0005247131201483,32.7379532548708,0.0017197852268144,2.041027049637162,349.27032420985284,28.194566515041025,11.11445413709076,69.95619293384964,0.000327729204441,113.7003690869344,486.3380102876238,15.288,0.0,2.697069482399464,0.0828649348421036,2.7089404805571765e-08,-0.0058409155257925,1.0452508947931058e-05,0.0004366171748022,9.287883775639258,19.923206027832794,28.1946489367852,32.801514868876374
0.71,31.222171110123067,131.01042432648185,12.291048642831656,9.2373288333436,0.0005530997120908,26.97465090410395,0.0017366694915214,2.009579623285081,301.33126406340574,28.526865895399567,11.247628598069332,69.95276665023252,0.0003441101652082,113.70038706738204,497.85763634864617,15.288,0.0,2.706215496200604,0.0838418097535338,2.9175851662210608e-08,-0.006155448098173,1.0474043923944558e-05,0.0004655409453275,9.237328849758782,19.729993824383023,28.526952776099176,27.04940303734298
0.72,31.222170707847688,131.01042541589672,12.541416742176455,9.179277924974384,0.0005806582110499,32.94064767573886,0.0017548401880921,1.9763996225624625,350.79220534145287,28.883971711057093,11.389252746724768,69.94915810034239,0.0003605258145728,113.70040509311916,510.3879732547591,15.288,0.0,2.71532436955612,0.0848916004457753,3.1369329162285e-08,-0.0064779466054017,1.0497317580222756e-05,0.0004960528888443,9.179277943182516,19.524722519388813,28.8840629206356,32.99988527017464
0.73,31.222170300909287,131.0104265179397,12.79475029925228,9.14053157709412,0.0006090871633855,41.56899488478581,0.0017692151302107,1.9456574852952853,422.320318528234,29.182132434148425,11.51023894534194,69.94536265664357,0.00037696293131,113.7004231443593,520.9668542762143,15.288,0.0,2.724398302497886,0.0857681565417225,3.3672226385126444e-08,-0.0068085920393379,1.0522399668762871e-05,0.0005267414312583,9.140531597215183,19.36089878505745,29.18222810933632,41.61450374462678
0.74,31.22216988924915,131.01042763277073,13.051100188753889,9.095967419544086,0.0006368488333303,26.17185933202216,0.0017845107247464,1.913509106461644,294.48281347105944,29.49910174150332,11.637592625275492,69.94137563215577,0.0003934393571929,113.70044124578187,532.3324453763843,15.288,0.0,2.7334167941941208,0.0867000003914374,3.608688261306045e-08,-0.0071475595332041,1.0549361799551647e-05,0.0005589578047154,9.095967441650744,19.18823593624512,29.49920177748413,26.241717572981873
0.75,31.22216947322444,131.01042875941897,13.310195526468604,9.04784002359603,0.0006640185515437,30.491311124513544,0.0018003312341834,1.880226680167758,330.24688556441487,29.828480036016945,11.769105130404746,69.9371924176982,0.0004099420144657,113.70045937723978,544.2730054768169,15.288,0.0,2.7423833206119195,0.0876683233666134,3.86157808949928e-08,-0.0074944910378949,1.0578238965409973e-05,0.0005926181029014,9.047840047759244,19.011186668599134,29.82858433980711,30.549227644932213
0.76,31.222169052729225,131.01042989817273,13.572123637795949,9.006581163293436,0.0006913683331698,32.79414521157203,0.0018146243648897,1.8475683837714048,349.27032420986166,30.136202400967072,11.892937817995149,69.93280824248963,0.0004264892698782,113.70047756417236,555.5468271928181,15.288,0.0,2.7513085990293766,0.0885730061141104,4.1261236034291616e-08,-0.0078497004032251,1.0609112081502184e-05,0.0006270935402308,9.006581189610143,18.85036477163667,30.13631100085089,32.84614851673246
0.77,31.22216862770982,131.01043104917835,13.83693140788335,8.967170427192249,0.000718578127077,30.69162237985457,0.0018283427842569,1.8147296799120824,331.7687666960708,30.43810887574101,12.014590336342124,69.92821836863497,0.0004430756395206,113.70049579781109,566.7191807294736,15.288,0.0,2.760192859006149,0.0894606036416395,4.402559909432826e-08,-0.008213408516754,1.0642058683749206e-05,0.0006627057941381,8.967170455748166,18.69570676794318,30.43822174972926,30.7452261572684
0.78,31.222168198232616,131.01043221225575,14.10457275987668,8.922307256360606,0.0007450630237729,25.281862927781976,0.0018429452314081,1.7804098852437371,286.8734378128899,30.758721769138617,12.142590165377866,69.92341796494378,0.0004597034531195,113.70051408035503,578.7059987860221,15.288,0.0,2.76901255040447,0.0904031895371374,4.691130050671485e-08,-0.0085856370509922,1.067714254664999e-05,0.0007000181874176,8.92230728721724,18.53282439536978,30.75883880336471,25.344475844946516
0.79,31.22216776438721,131.01043338716138,14.374983743190285,8.874538208193972,0.0007709814443806,35.76098931381171,0.0018579495299326,1.7449779046852432,373.6203323159534,31.09018045986697,12.274208516402304,69.91840210843735,0.0004763758849744,113.7005324151434,591.2302202977155,15.288,0.0,2.7777882312032927,0.0913776610418424,4.9920811208812624e-08,-0.0089664019120133,1.0714426969007116e-05,0.0007389221438381,8.874538241415468,18.366677735917644,31.09030156534905,35.80353764703108
0.8,31.222167325958186,131.01043457448148,14.64833619722618,8.837921327240995,0.0007975858626601,36.23013637032682,0.0018704398401224,1.711107136406058,377.42502064505743,31.38332704827579,12.392352174773034,69.91316572832311,0.0004930956545919,113.70055080525805,602.4162847669527,15.288,0.0,2.7865265394597043,0.0922395374806588,5.3056498791987593e-08,-0.0093562245431517,1.075402041178008e-05,0.0007782971761743,8.837921362944503,18.22477866262881,31.383452332770123,36.270520709569126
0.81,31.222166883049248,131.01043577393432,14.924555166964163,8.794593444112609,0.0008233241801097,23.73908156120231,0.0018840918934116,1.6754291306639573,273.9374926939919,31.700291692001223,12.51861886150387,69.90770373420092,0.0005098655620356,113.70056925341068,614.6299719778873,15.288,0.0,2.7952230116556485,0.0931714267201036,5.6320922370859056e-08,-0.0097550477058135,1.0795984431719604e-05,0.0008196472226818,8.794593482348075,18.072042866316814,31.700421019461007,23.79813143276369
0.82,31.22216643584905,131.0104369850073,15.203500125618076,8.74866353240914,0.0008485139047903,30.36532741709017,0.0018980712975493,1.6386564887221995,328.72500443277005,32.02715175435143,12.64818277970798,69.90201098301701,0.0005266894498068,113.70058776364992,627.3533460390877,15.288,0.0,2.8038623070838806,0.0941324087227711,5.971668544061203e-08,-0.010162724003014,1.0840370872114084e-05,0.0008626827822571,8.748663573236634,17.916536859427453,32.027285038603914,30.409510154518998
0.83,31.222165984343537,131.0104382077389,15.485187137543752,8.715930667541782,0.000874706415879,38.4669606904323,0.0019089970738044,1.6040537764272826,395.68750322465047,32.30614605998666,12.760959150278428,69.89608226482059,0.0005435694670789,113.70060633785396,638.3136612112106,15.288,0.0,2.812451683397165,0.094952714921776,6.324628065853493e-08,-0.0105794635499372,1.0887264998200417e-05,0.0009058571814094,8.71593071109425,17.788921319886498,32.30628345854916,38.50039034764718
0.84,31.222165528429866,131.01043944240905,15.769700454414297,8.680757224034632,0.0009004364911362,23.941037978228625,0.0019201703171856,1.568485488405471,275.4593748256452,32.59360636550245,12.87652663231516,69.8899123667505,0.0005605175727948,113.70062499203912,649.7058852365428,15.288,0.0,2.820998952933976,0.0957979123411697,6.691213783996577e-08,-0.011005541440953,1.0936761482370129e-05,0.0009506986910019,8.680757270376942,17.658657824104605,32.593747805735724,23.99236232406842
0.85,31.22216506840272,131.01044068821685,16.05681758242823,8.635243236800644,0.0009248194391418,26.06365115251105,0.0019333325778628,1.530152432871195,292.96093233939376,32.9197526843213,13.005414105505702,69.88349616199136,0.000577520707449,113.70064370582244,662.7551645469707,15.288,0.0,2.829497282884019,0.096756822883115,7.071693343223197e-08,-0.0114405853754218,1.0988889598365205e-05,0.0009981410138073,8.635243285948365,17.510451367214493,32.91989795461909,26.108528905424507
0.86,31.222164604091592,131.01044194562616,16.346675047377722,8.597750220886969,0.000949783029382,32.51410296109765,0.0019444824169736,1.4930225044783008,346.2265619465587,33.215771866917265,13.12367954222936,69.87682818019226,0.0005945986036271,113.7006625063636,674.7091524392217,15.288,0.0,2.8379524703143257,0.0976271935284603,7.46630938807103e-08,-0.0118850903040776,1.1043768502012464e-05,0.0010462171533332,8.59775027295335,17.379816383659524,33.21592105848664,32.5483641884619
0.87,31.222164135522583,131.01044321456635,16.639257554106536,8.564078478580065,0.0009749347571237,30.31239554384743,0.0019545003645034,1.456262038705718,327.964078366998,33.49669773907909,13.23655032184439,69.86990309350665,0.0006117380869148,113.70068137341244,686.1509812450957,15.288,0.0,2.846364082928039,0.0984532107659541,7.875317653423086e-08,-0.0123391557042316,1.1101479171743024e-05,0.0010953432514754,8.564078533659488,17.258524791430453,33.49685088147262,30.34735617071294
0.88,31.22216366273312,131.01044449493597,16.934540940692838,8.525328253413734,0.0009992805982864,26.267227623397734,0.0019653546335637,1.4178298433261407,294.4828134710418,33.79684831818183,13.355975008812091,69.86271538221513,0.0006289604664351,113.7007003360312,698.4829172914573,15.288,0.0,2.8547182045394286,0.0993357417680794,8.298979501063897e-08,-0.0128028152289753,1.1162096061735056e-05,0.0011466533976683,8.525328311545312,17.129429696964323,33.79700528481114,26.305465066153726
0.89,31.222163185806224,131.01044578650948,17.232465935125376,8.48168369723553,0.0010227872879111,28.761360797101105,0.0019770342674404,1.3776739622677492,315.028134248087,34.11634424176862,13.482003322907891,69.85525958272062,0.000646258371713,113.70071938212337,711.7310836847755,15.288,0.0,2.863025400208928,0.1002751416926061,8.737557429759477e-08,-0.0132760945233267,1.122569296419645e-05,0.0012002476913011,8.48168375845223,16.99287670607133,34.11650490082011,28.794337366155855
0.9,31.222162704669152,131.01044708948498,17.533093352772894,8.450989451080279,0.0010476098792516,31.71782240191185,0.0019854727788255,1.3401458075167278,339.37814235421445,34.383781025389126,13.589768482557348,69.84752999603668,0.0006636385088035,113.70073851991722,722.9124147599357,15.288,0.0,2.8712902802045366,0.1010615376930146,9.19130728861861e-08,-0.0137593073138819,1.1292379270030766e-05,0.0012536483096461,8.450989515541144,16.883002537092157,34.38394558356414,31.746121852073962
0.91,31.222162219393745,131.01044840366745,17.83637226144853,8.415304304754544,0.0010716092662921,24.258402388785868,0.0019947330235774,1.3009047406074283,277.7421810230789,34.67055378265578,13.704134056011572,69.83952105575646,0.0006811048114884,113.7007577534493,734.9999773474642,15.288,0.0,2.879510402229505,0.101904774974558,9.660493849778004e-08,-0.0142524339290865,1.1362226402778036e-05,0.0013093708901932,8.415304372492857,16.765386362001067,34.6707221106457,24.29325922101328
0.92,31.222161730182087,131.01044972850772,18.1421516142112,8.374829613055708,0.0010947491625461,28.78281304554446,0.0020047944937915,1.2599042681499453,315.02813424806214,34.97659674893863,13.825094700933636,69.83122709777689,0.0006986654048301,113.70077709253712,748.0112236094443,15.288,0.0,2.887681901537312,0.1028046607231784,1.0145397604546761e-07,-0.0147552124836751,1.1435273776648477e-05,0.001367486760307,8.37482968409765,16.64042112711684,34.97676871173495,28.810374686887844
0.93,31.22216123694604,131.0104510642457,18.45050366501893,8.34603965375067,0.0011191850234104,34.139973232916624,0.0020118105806273,1.2214518230384126,359.1625070654728,35.233479881764715,13.928797580595267,69.82264246418735,0.0007163121761899,113.70079652410983,759.016523935367,15.288,0.0,2.895808943790789,0.1035600625733364,1.0646264033636161e-07,-0.0152680235824245,1.1511642928052138e-05,0.0014253634289184,8.34603972825923,16.53943796779223,35.23365568293708,34.161816710292925
0.94,31.22216073957792,131.01045241117438,18.761515259554407,8.306959259029936,0.001142047403526,24.921521427154428,0.0020208989647014,1.1797660110847563,283.0687504837787,35.53262863483556,14.047106290903116,69.81376138944586,0.0007340662643539,113.700816077008,771.9369932566733,15.288,0.0,2.9038914257855617,0.1044397025401365,1.1163344924036385e-07,-0.0157911419892622,1.1591446063686808e-05,0.0014866719712773,8.306959336983866,16.4206097522034,35.532808027222195,24.94943049789034
0.95,31.222160238366712,131.01045376850834,19.07496865334148,8.269506506741012,0.0011648810879685,32.126469266914285,0.0020292799838852,1.1379723045104546,342.4218736174873,35.82445581654242,14.162752364433336,69.80457806949681,0.0007519139328329,113.70083572948091,784.6451770679865,15.288,0.0,2.911926119871344,0.1052978314918481,1.1696934508894861e-07,-0.0163241935717754,1.1674707751448536e-05,0.0015494320729378,8.269506588215787,16.306553960161974,35.82463879563582,32.14661743701502
0.96,31.222159733022544,131.01045513703596,19.39109061790609,8.237900430738092,0.0011883321847247,31.488108061679032,0.0020359153722337,1.0973075737873828,337.09533515678345,36.090216271666094,14.269179065812615,69.79508649544265,0.0007698816608213,113.700855518205,796.3058178367806,15.288,0.0,2.919919271539402,0.1060793522303154,1.224726261043398e-07,-0.0168679261380778,1.1761608731789152e-05,0.0016128693641819,8.23790051585624,16.205219910764313,36.09040293444916,31.507221987354242
0.97,31.22215922356637,131.0104565167004,19.70986903015926,8.203627682009385,0.0012112138859174,20.32167920573461,0.0020428239205177,1.055395193220648,245.02188719299323,36.36644247836763,14.379133053130804,69.7852807327783,0.00078795099436,113.70087541496096,808.517193487781,15.288,0.0,2.927870099543469,0.1068916436630459,1.2814601457602302e-07,-0.0174224382063635,1.1852244273627604e-05,0.0016785893836218,8.203627770811593,16.100460152588614,36.36663273539991,20.349066537013172
0.98,31.22215871028544,131.0104579067211,20.031087481076863,8.159737647721126,0.0012324396204832,29.37877308241471,0.002051708926419,1.0100862455743282,319.5937466429581,36.68455916566546,14.503610757663909,69.77515467046939,0.0008061366344484,113.70089543864272,822.6987416626538,15.288,0.0,2.9357700795185333,0.1078270727649087,1.3399262944759868e-07,-0.0179872381406127,1.1946622027640711e-05,0.0017481114239792,8.159737740164344,15.979165486315845,36.68475275682833,29.396132164980873
0.99,31.22215819303389,131.01045930749476,20.354861941270613,8.13253732150588,0.0012559599729889,32.065336287256486,0.0020561692346144,0.9692773570991536,341.6609485517054,36.92729787511588,14.601651264913928,69.76470204494514,0.000824453053847,113.70091560839226,833.5962989800057,15.288,0.0,2.9436274962572164,0.1085409521823624,1.4001493623328254e-07,-0.0185628897737131,1.204490529364316e-05,0.0018159376455149,8.13253741783665,15.890871848126686,36.92749516084709,32.0799827624278
1.0,31.222157671811093,131.01046071902337,20.68119637386861,8.095993576479925,0.0012778664937715,28.74566103265179,0.0020625281838275,0.9251223649029332,314.2672081822764,37.21083396742052,14.713831845663432,69.7539169156308,0.0008428862363329,113.70093590227872,846.419992965317,15.288,0.0,2.951441652357446,0.1093747567652774,1.4621564602490002e-07,-0.0191494362651465,1.2147183431618604e-05,0.0018876418660201,8.095993676656652,15.786525253405715,37.21103469421996,28.760543872607514
1.01,31.22215714679675,131.01046214081856,21.00995690434308,8.061218376131958,0.0012998343058479,30.04664845645564,0.002068076060964,0.8810027807799271,324.9203161036979,37.48532736474708,14.822753256687632,69.74279296859557,0.0008614503166244,113.70095633842692,858.9265125398464,15.288,0.0,2.9592114651489885,0.1101819909841462,1.5259773236723525e-07,-0.0197466825109291,1.2253507743377271e-05,0.001960811936191,8.061218480235734,15.686998441376444,37.48553154224237,30.0595617673064
1.02,31.22215661791586,131.01046357308445,21.34120449063892,8.02905866880519,0.0013220285542884,25.152285070893395,0.0020725836160711,0.8372370342665086,284.59063161540416,37.74646280333009,14.9269001785593,69.73132393189795,0.0008801619477713,113.70097693892734,870.9076307289979,15.288,0.0,2.9669387994747143,0.1109499706262394,1.5916377831976325e-07,-0.0203549364030636,1.2364009612836235e-05,0.0020352261922848,8.029058776931434,15.593844754941967,37.74667046708977,25.16621573527965
1.03,31.222156085236488,131.0104650156362,21.67489037111392,7.990638892932816,0.0013429928053554,20.6250640772746,0.0020782572334166,0.7908919213601076,247.30469339049705,38.035723769428245,15.040792049679288,69.71950367325856,0.0008990077789914,113.70099768257803,884.2784169166523,15.288,0.0,2.974622284563418,0.1118006300949074,1.6591658740181268e-07,-0.0209741592202573,1.2478766619482893e-05,0.0021131435418363,7.990639005059062,15.490423583219542,38.03593472624478,20.640222444104353
1.04,31.22215554882007,131.01046646830704,22.01097110581388,7.958492828696829,0.0013647975508088,32.565728314473795,0.0020819575809617,0.7461275550324756,345.46563688072297,38.29417352367636,15.143809633187944,69.70732572593015,0.0009180004414431,113.70101858541211,896.3075157582898,15.288,0.0,2.9822629955732065,0.1125607334730437,1.728589821639671e-07,-0.0216044120299796,1.2597872674260708e-05,0.0021913607900179,7.958492944967383,15.400154716549016,38.294387905574304,32.57427468593961
1.05,31.222155008386288,131.01046793185913,22.34966394970665,7.921344846423983,0.0013855707873845,19.80061797498176,0.0020864998529055,0.6991397959407574,240.45625879819983,38.57517035042394,15.254619327770405,69.69478368981157,0.0009371453143212,113.70103965351775,909.4801257816268,15.288,0.0,2.9898650528828985,0.1133871203935156,1.7999322680698921e-07,-0.0222464753147989,1.2721548373205291e-05,0.0022729698268136,7.921344966830218,15.30197133723089,38.57538799537425,19.81295719974483
1.06,31.22215446416899,131.010469405657,22.690793590121025,7.880014693696493,0.0014053934814597,28.044223060896563,0.0020916929414769,0.6500726170338674,308.17968365593924,38.87558097935722,15.37215030102776,69.68187089444422,0.0009564479789349,113.70106089247176,923.6704771393312,15.288,0.0,2.9974252968978887,0.1142705815529145,1.8732261433397659e-07,-0.0228999431304423,1.284981362199143e-05,0.0023578798553251,7.88001481823061,15.197392820919262,38.87580173804904,28.051756555907854
1.07,31.22215391605458,131.01047089000963,23.03445003101609,7.848868140994753,0.001426828482103,32.958679469649155,0.0020938598182689,0.6041401544242032,348.5093681440308,39.12482984078644,15.47165623668032,69.66858051130598,0.0009759141663875,113.70108230850506,935.5216999973236,15.288,0.0,3.004947982054316,0.1150036677130486,1.948497495780231e-07,-0.0235653362203014,1.29828508843316e-05,0.0024418677682224,7.84886826987247,15.113163501980484,39.12505396648028,32.9642160849232
1.08,31.222153363943864,131.01047238518683,23.380711659648696,7.81571567739341,0.0014477465183365,22.313571390337607,0.0020960885505968,0.556993905316501,261.00157857466235,39.38219055770152,15.573906457978802,69.65490579835372,0.0009955496557329,113.70110390788128,947.8382622068416,15.288,0.0,3.0124335745563675,0.1157606070741284,2.02577348517206e-07,-0.0242429889612405,1.3120815712012776e-05,0.002528527193615,7.815715810647582,15.026556711213576,39.38241796919281,22.320522278742494
1.09,31.222152808107623,131.01047389045263,23.729374968188,7.772012141035034,0.0014665095523223,20.557220769432384,0.0021006021306783,0.5052950813949753,246.54375332474407,39.69133125471596,15.69425710348466,69.64083992316948,0.0010153603533614,113.7011256964775,962.7450269281763,15.288,0.0,3.0198777522760967,0.1166697589665178,2.1050891377144497e-07,-0.0249323345442833,1.3263698555877126e-05,0.0026207504082164,7.772012278543998,14.9216767662176,39.69156161349774,20.563429998300222
1.1,31.22215224862085,131.01047540560347,24.080385883540785,7.733968122749785,0.0014861020954315,40.859503947967056,0.0021032147810363,0.4551489983913613,413.1890617385841,39.97094091213126,15.80417908141168,69.62637596426755,0.0010353522880325,113.7011476805814,976.324198322676,15.288,0.0,3.0272810302179813,0.1174921164597832,2.1864740517817322e-07,-0.0256334189699426,1.3411599618522104e-05,0.0027133343682647,7.733968264660777,14.828627355349877,39.97117434850251,40.862038959261255
1.11,31.222151685088,131.01047693171455,24.434047964602083,7.707016762048552,0.0015076694435109,30.021733541315907,0.0021024605760698,0.408925263051544,324.1593910376397,40.1915759645938,15.89328451890686,69.61150686196127,0.0010555316317186,113.701169867303,987.0988099136448,15.288,0.0,3.03464683885179,0.1181411311024753,2.2699483560535805e-07,-0.0263474604985967,1.3564848966179269e-05,0.0028042159330871,7.707016908625458,14.757475408882206,40.19181278875617,30.024518466028308
1.12,31.22215111756981,131.01047846862096,24.79031700340101,7.659701908482707,0.0015251007505018,11.573338126344344,0.0021065520882755,0.3539177254254314,172.73281794065943,40.5163552569038,16.01892202843629,69.59622563627948,0.0010759046067881,113.70119226316176,1003.081995666614,15.288,0.0,3.0419756925400367,0.1190962824470879,2.355544080924703e-07,-0.0270743508878543,1.3723530364953888e-05,0.0029047664240867,7.659702059406248,14.64988604099744,40.51659481916946,11.57874853257586
1.13,31.22215054664801,131.0104800147417,25.14875431950572,7.623623143012477,0.0015445106918457,35.32201936977401,0.0021072414826216,0.3029076459355309,367.5328077900705,40.78129375159315,16.123474876828297,69.5805247930154,0.0010964777717201,113.70121487430072,1016.2083052994376,15.288,0.0,3.049262776763979,0.1198755439556876,2.443305047115976e-07,-0.0278128018540955,1.3887486618688308e-05,0.0030034027942292,7.623623298543455,14.564356745512194,40.78153636276526,35.323318216740674
1.14,31.222149971670017,131.0104815718505,25.509857153531247,7.595396570911787,0.0015653689091855,19.741841876085385,0.0021053519190861,0.2547640914079638,239.69531773195544,41.00222176654017,16.2124438364326,69.56439731668318,0.0011172575259271,113.7012377084454,1027.2128833378583,15.288,0.0,3.056517657647915,0.1205254472212266,2.533243425665772e-07,-0.0285647362272184,1.405720478730224e-05,0.0031012043428233,7.595396731272694,14.494630290434868,41.0024676541134,19.743485756956296
1.15,31.2221493931134,131.01048313864956,25.87326508883761,7.546702493881283,0.0015818293062406,19.46625494145581,0.0021084020602082,0.1972094117943727,237.41251153546767,41.33169693081245,16.339602711117056,69.54783614592131,0.0011382503802646,113.70126077184146,1043.7512030991977,15.288,0.0,3.0637316203697607,0.1214944330467648,2.625402502737388e-07,-0.0293288491032415,1.4232523320787446e-05,0.0032096366610983,7.546702658701409,14.388275412569769,41.3319454039788,19.467253977980874
1.16,31.22214881111364,131.01048471477074,26.23887830607116,7.520470161133104,0.0016027658136207,50.29238262045445,0.0021049855352031,0.149010511128883,490.0437743845894,41.53748487610744,16.423126180730563,69.5308337170675,0.0011594631757239,113.70128407157593,1054.133599598944,15.288,0.0,3.070907705533169,0.1220998500593935,2.719813761096132e-07,-0.0301051142494325,1.4413534017212736e-05,0.003310875406242,7.5204703309422385,14.324639582623078,41.537736637972685,50.29260341447417
1.17,31.222148224811484,131.01048630254942,26.607348232662574,7.483512992564098,0.0016213266952882,9.258917193231076,0.0021038903391982,0.0955687210865477,153.70937929486794,41.79952610655049,16.526390389567286,69.51338290972751,0.0011809025982738,113.70130761598357,1067.4378743790314,15.288,0.0,3.078055282537254,0.1228706338050722,2.816483808271333e-07,-0.0308960432503704,1.460087924749927e-05,0.0034191740795323,7.4835131671969854,14.242446913319572,41.7997807839522,9.259410639879555
1.18,31.222147635337937,131.01048789891186,26.977821366525063,7.432347325383682,0.0016365648611368,24.67796905821716,0.0021061192294921,0.0348721092622628,280.02501822196746,42.13983184237876,16.657286434594766,69.49547622252022,0.0012025756274342,113.7013314108958,1084.8508481316028,15.288,0.0,3.0851591019661875,0.1238714879693387,2.915476797616981e-07,-0.0316983974580704,1.4793971177554187e-05,0.0035364020952096,7.432347504553541,14.135172636335238,42.14008891338597,24.67799378673368
1.19,31.222147042182662,131.01048950524515,27.350685700698765,7.412548300261941,0.0016585043393683,42.801158848436,0.0020993802543488,-0.0115338145823872,428.4078130529292,42.30154180517548,16.72504300772772,69.4771059273925,0.0012244894286245,113.70135546467333,1093.1538142351328,15.288,0.0,3.0922314824326262,0.1243473632358677,3.0168040150476685e-07,-0.0325141330448614,1.4993337731806584e-05,0.0036411984913306,7.412548484764788,14.086982931311033,42.30180232242787,42.80116045395648
1.2,31.22214644490463,131.0104911227478,27.72627426507168,7.367553509330358,0.0016747264642954,4.7990168273916245,0.0020988717339192,-0.0704878352141484,117.1843741360236,42.60368918105988,16.84236687712171,69.45826488136589,0.0012466509319134,113.70137978533116,1108.785726741692,15.288,0.0,3.0992732648180694,0.1252360704500385,3.120484928633399e-07,-0.0333444537629056,1.5199365679545904e-05,0.003760721079711,7.367553698622042,13.993510759957523,42.60395224647769,4.799534920152546
1.21,31.222145844639297,131.01049274833423,28.10373298824493,7.323908416302477,0.0016909863149818,34.45335060211236,0.0020974968974434,-0.1294764456059308,359.92343213200894,42.89727128231591,16.9566892058015,69.43894515897965,0.0012690675809812,113.70140437920386,1124.0789076943854,15.288,0.0,3.106272921422395,0.1260996096227691,3.226586112095368e-07,-0.0341860923256708,1.5411425925395632e-05,0.0038820729354481,7.323908610450424,13.90362847242622,42.8975369018251,34.45359395275819
1.22,31.222145240520085,131.01049438435953,28.483715955882143,7.301702667363731,0.0017120437033123,25.069080768880127,0.002089740932322,-0.1780683865201886,283.0687504825761,43.06331140151851,17.025790492340008,69.41913920444782,0.0012917466772668,113.70142925531624,1132.756220460493,15.288,0.0,3.1132339784775818,0.1265882393485311,3.3351055097197773e-07,-0.0350420744892111,1.5630318894701306e-05,0.0039945323242702,7.301702866989014,13.854478221813766,43.06358032871452,25.06971326748534
1.23,31.2221446328906,131.01049602988985,28.86596458902322,7.25605952919779,0.0017274836720076,10.00535853388068,0.0020877898642338,-0.2391332881446072,159.79687382222795,43.36441739677856,17.14272775557212,69.39883983050676,0.0013146953958041,113.70145442084755,1148.6102710827947,15.288,0.0,3.120155557351716,0.1274739157750341,3.4460874138812013e-07,-0.0359111904642516,1.58558818608644e-05,0.0041220768074533,7.256059733732301,13.763236236720791,43.36468874927918,10.008216048820305
1.24,31.22214402223093,131.01049768362063,29.250119742830048,7.218576005229368,0.001744619762298,41.638295619792245,0.0020830850593312,-0.2965159406844083,418.51563019980495,43.61559771205193,17.241985563133145,69.37803924811615,0.001337921321137,113.70147988322746,1161.9121501869197,15.288,0.0,3.1270379171035314,0.1282128405870747,3.559576766253008e-07,-0.0367921274684091,1.6087909011231417e-05,0.0042475007467575,7.218576214936666,13.688113442803012,43.61587175628331,41.63935143783502
1.25,31.222143407734915,131.01049934774264,29.636787073833805,7.1932671367797605,0.0017645732334012,20.336959964272488,0.002074474783666,-0.3477096352766153,244.26094612573488,43.79046550575353,17.314093270467254,69.35672998182241,0.0013614319163159,113.70150565158409,1171.2042180955896,15.288,0.0,3.13389256422234,0.1287274454462006,3.675570978340728e-07,-0.0376877637353544,1.6327204999354492e-05,0.0043681800651597,7.193267352074302,13.6365893017545,43.79074268426883,20.339932322461937
1.26,31.22214278993445,131.01050102081038,30.025567368363987,7.143684076334464,0.0017784216247482,12.147842903938615,0.0020719133562647,-0.4126838424749093,177.29844633640863,44.11024702875692,17.437698631791704,69.33490470939184,0.0013852346290942,113.70153173313864,1188.3278169632613,15.288,0.0,3.140709960621848,0.1296680514355126,3.7941228672362873e-07,-0.038596211186336,1.657343090571953e-05,0.0045059725894519,7.1436842965554215,13.541380362538357,44.110526382572445,12.154850861505318
1.27,31.22214216900557,131.01050270234566,30.4163303096993,7.113864051914533,0.0017969571342204,40.08139466414088,0.0020633854870082,-0.467135015932092,405.5796860799648,44.30679705515392,17.51750015704315,69.31255528158117,0.0014093374571023,113.701558136212,1198.8964992580563,15.288,0.0,3.147493389168851,0.130246411315412,3.9152652390952804e-07,-0.0395172911717099,1.6826651086396766e-05,0.0046338887283492,7.113864277702149,13.483684791474442,44.30707932052046,40.084116774643924
1.28,31.222141544302588,131.01050439410278,30.809558273686896,7.079536697645118,0.0018142513515392,13.268612132654477,0.0020554807998028,-0.5244833634376463,186.4296881246888,44.52789262060247,17.605996279597967,69.28967440284745,0.001433747946574,113.70158486981256,1210.8458487426687,15.288,0.0,3.1542484462695217,0.130896935517431,4.039002291055034e-07,-0.0404531824680184,1.708753418198248e-05,0.0047671246384387,7.079536928927217,13.41879761595276,44.52817760253832,13.27897416784707
1.29,31.222140916619484,131.01050609392442,31.204657850067367,7.033167270991677,0.0018282663638456,21.5596418245862,0.0020502866862178,-0.5893650842090623,254.15312898457216,44.82224764347574,17.720649058294423,69.26625441625559,0.00145847393064,113.70161194122262,1226.860970576461,15.288,0.0,3.1609485856611923,0.1317628272484709,4.165397241719653e-07,-0.0414011684474505,1.7355508030395817e-05,0.0049109036796292,7.033167507425153,13.332741473440748,44.82253482688456,21.56769600607832
1.3,31.22214028567984,131.01050780256165,31.60183602066276,7.00934784900555,0.0018479567235756,30.97452105798329,0.0020383272480766,-0.6411895316260638,331.0078106278993,44.970894847215526,17.78333291045937,69.24228741203532,0.0014835234494226,113.70163935947052,1234.9647926623136,15.288,0.0,3.167618358215695,0.1322003943071564,4.294462383940506e-07,-0.0423625979187076,1.763103276162273e-05,0.0050414182689292,7.0093480913883095,13.289378437132571,44.97118512357882,30.981156901279444
1.31,31.2221396511358,131.01050952095937,32.001350459169736,6.965227278273432,0.0018621992593991,6.468722810520983,0.0020312890661811,-0.7056891391649899,130.8812523207192,45.24593794832906,17.891133101655903,69.21776619465895,0.0015089041532493,113.70166713327556,1250.0691566153355,15.288,0.0,3.17425828653894,0.1330095349515801,4.426214932990617e-07,-0.0433385697538851,1.791452446884702e-05,0.005188909748265,6.9652275259815255,13.20961218014916,45.24623046190465,6.507101972969625
1.32,31.2221390138536,131.01051124676425,32.40255670169882,6.924047787237297,0.001876986820526,36.5787428794854,0.0020228614538827,-0.7689188611969449,376.6640645805601,45.50015939455769,17.991575684862877,69.1926826852028,0.0015346243096325,113.7016952703061,1264.1073165259236,15.288,0.0,3.18086168818348,0.1337574757317087,4.560721567600867e-07,-0.0443261366598071,1.8205317250126847e-05,0.0053367640973833,6.9240480404065226,13.13626155205523,45.50045423095795,36.58682373410647
1.33,31.222138372966985,131.01051298232943,32.80609803982325,6.8987476706532975,0.0018959453223573,17.378098070923965,0.0020094605641262,-0.8223577780052675,219.91093801978792,45.647005194570895,18.05357746843595,69.16702919760401,0.0015606919784915,113.70172378047104,1272.2306399107017,15.288,0.0,3.1874403631822257,0.1341897716578697,4.6979666345723733e-07,-0.0453287510698216,1.8504462649071086e-05,0.0054748775756351,6.898747929919238,13.093365367080231,45.64730300896566,17.397544910579445
1.34,31.22213772884972,131.0105147266396,33.21169499209086,6.847562022379075,0.0019076612266189,11.03660880091416,0.0020024764412232,-0.8929571660053098,168.1671895463213,45.96158164519237,18.175705737958967,69.14079836966665,0.0015871150671908,113.7017526717675,1289.7759628217548,15.288,0.0,3.1939736904267177,0.1351151593677309,4.838001978173827e-07,-0.0463448277312529,1.8811661974115646e-05,0.0056359571646775,6.847562286840256,13.003627115874483,45.96188129991707,11.072674037225516
1.35,31.222137081798888,131.01051647888744,33.6191277800411,6.814023327405841,0.0019240582519403,43.22293433366296,0.0019900570924037,-0.9523930625398512,430.6906502517929,46.15612467570878,18.25486894795281,69.11398161179325,0.0016139023341726,113.7017819532226,1300.666706495783,15.288,0.0,3.2004683090431625,0.1356876895481864,4.980866979389189e-07,-0.0473736502888535,1.912683631471867e-05,0.0057852300530335,6.814023597769654,12.947571072255316,46.15642690607219,43.23342582907399
1.36,31.222136431074777,131.0105182410824,34.028941991424794,6.78064435555221,0.0019404002490982,12.998369150711357,0.0019769296195989,-1.0119542361714056,184.14688192685685,46.34558398953503,18.332191938855487,69.08657138850613,0.0016410618874185,113.70181163464451,1311.314810750102,15.288,0.0,3.206939284604472,0.1362452837103672,5.126553223980392e-07,-0.0484180786955024,1.9450923803420857e-05,0.005936811466494,6.780644631894616,12.892907238242952,46.34588878689335,13.037701325867252
1.37,31.222135777485256,131.01052001102963,34.440538607446314,6.732530993992382,0.0019523459455649,16.544786604800915,0.0019671668006528,-1.0820975183664476,213.06250343083377,46.632725111906346,18.444715303817286,69.0585599439613,0.0016686020354448,113.70184172387364,1327.5615488773672,15.288,0.0,3.213376983326744,0.1370900490153532,5.275134786617949e-07,-0.0494748599933978,1.9783133185719608e-05,0.0061037331954342,6.732531275765657,12.811890222948442,46.63303178569028,16.580135786760007
1.38,31.22213512091551,131.01052178904115,34.85400202661051,6.70423722558512,0.0019698410333005,37.73938435974896,0.0019513863995884,-1.1386475272870829,385.7953213659793,46.78023132234711,18.50704927986235,69.02993911951232,0.0016965313970548,113.70187223040078,1335.920309124954,15.288,0.0,3.219787243936369,0.1375243269534087,5.426626948932635e-07,-0.0505448532554624,2.012383265211321e-05,0.0062552147640609,6.704237513652858,12.768681843808736,46.780540744253,37.75655775957562
1.39,31.222134460835672,131.0105235765558,35.26971977374666,6.66237690878931,0.0019832646866223,8.23838088466329,0.0019385877264785,-1.2051134838170574,145.33906257168647,47.0178195865531,18.60185952698833,69.00070161766152,0.0017248580392561,113.70190316372316,1349.47065860995,15.288,0.0,3.2261496174129127,0.1382234365433244,5.581032311940131e-07,-0.0516300487295702,2.0473744089558204e-05,0.0064217085903589,6.662377202648037,12.701363746544857,47.01813111704152,8.326056801859181
1.4,31.222133798093257,131.0105253712716,35.687066634400786,6.616487797294296,0.0019952680364959,28.87901454125332,0.0019262248907515,-1.2750149159056734,313.50625311863485,47.28136570512127,18.70616664401491,68.97083940755955,0.0017535905799915,113.7019345319892,1364.5865496003844,15.288,0.0,3.232478839148905,0.138998866760562,5.73842667290492e-07,-0.0527270410033412,2.0831991464669886e-05,0.0065946472735899,6.616488096802331,12.62748864696538,47.28167912109147,28.907146998969733
1.41,31.22213313203868,131.0105271749526,36.106518374626816,6.588951483191255,0.0020126505564259,17.76715741175565,0.0019082504083447,-1.3314151809605048,222.9546852836364,47.41059590094244,18.761991370003468,68.9403444191988,0.0017827376946113,113.70196634554108,1372.0008696893287,15.288,0.0,3.238785862140245,0.1393794406414067,5.89879362089487e-07,-0.0538388905633482,2.119962408332016e-05,0.0067518404739132,6.588951789225511,12.588865725012283,47.41091204735249,17.81697371945122
1.42,31.22213246282072,131.0105289871945,36.527962150348976,6.540258991635759,0.0020234538397906,8.890569532615833,0.0018952424934571,-1.4042331728624708,150.66563203211305,47.68784048354409,18.871420352014624,68.90920936268071,0.0018123075448204,113.7019986130506,1388.0377738512886,15.288,0.0,3.245066004744912,0.140195161564582,6.062176626380091e-07,-0.0549646968781935,2.1576516442116748e-05,0.006933053702915,6.540259303287534,12.511789608787694,47.68815832692992,9.000783355352379
1.43,31.22213179092757,131.01053080667123,36.9510393200306,6.500679945585102,0.0020368527489468,44.127709359139104,0.0018791297699751,-1.4703523167549852,437.539069843865,47.89617610634755,18.95603665137188,68.8774257718825,0.0018423091662317,113.70203134365964,1400.1352922267172,15.288,0.0,3.2512972301047465,0.1408083097870629,6.228628870639512e-07,-0.0561026703402335,2.1962248448898e-05,0.0071072205358415,6.500680263317356,12.452716211837004,47.89649605442912,44.15219895714333
1.44,31.22213111531705,131.010532636213,37.37650854368581,6.465139926611418,0.0020514107921083,13.09747274525272,0.0018612046561527,-1.533451808159366,184.90782199166685,48.07039257248709,19.02830105383632,68.84498576712271,0.0018727511973246,113.70206454826403,1410.2818035044722,15.288,0.0,3.2575048388474674,0.1413211614788005,6.398111064336e-07,-0.0572574610357748,2.2358420365081447e-05,0.0072795983467591,6.465140250688703,12.402313565859185,48.07071480734072,13.18693558885717
1.45,31.222130436785395,131.0105344736571,37.80378494272681,6.411055140602136,0.0020599067738004,12.067204641509507,0.0018474674903872,-1.6120456347624283,176.53750627236283,48.379190717936986,19.14958374415448,68.81188131255877,0.001903642432172,113.70209823533628,1428.400302331516,15.288,0.0,3.263685388955965,0.1422296768212794,6.570709819280286e-07,-0.0584254041303124,2.2764034455429623e-05,0.0074754984757281,6.411055470149482,12.318108815931447,48.3795142873363,12.174404396181414
1.46,31.22212975535394,131.01053631894547,38.23285178441208,6.380312142616669,0.002075687781146,44.33775178024557,0.0018268737269649,-1.6716035516200771,439.06095097160846,48.509487435382106,19.206066699625893,68.77810345760287,0.0019349923718203,113.7021324152201,1436.0455049194247,15.288,0.0,3.269843776033968,0.1426134260630342,6.746445948101601e-07,-0.0596068834382612,2.317935215435284e-05,0.0076468932818161,6.380312478858482,12.27872695675168,48.50981348365625,44.3692516806169
1.47,31.222129070113148,131.01053817454766,38.664365411863,6.332559685565867,0.0020858672039655,2.0575377631408047,0.0018099501462648,-1.7457111863033772,95.11718822828608,48.7638304195328,19.30777009222041,68.74364465973638,0.0019668094941031,113.7021670984924,1451.0836478097408,15.288,0.0,3.2759581755985576,0.14336186935291,6.925293840822109e-07,-0.0608057598114742,2.360579345576873e-05,0.0078412708155962,6.332560027695418,12.208498551893015,48.76415806678695,2.6983277170600948
1.48,31.22212838221761,131.01054003732804,39.09748460785078,6.279732364235377,0.0020941284987452,29.004754250998666,0.0017936112018756,-1.824804801903692,314.26720818612995,49.055051211925246,19.42313964438256,68.70849597988983,0.0019991033686811,113.7022022939952,1468.4062229619758,15.288,0.0,3.282044150824072,0.1442187409682649,7.107363770040463e-07,-0.0620168395627017,2.4041817116034373e-05,0.0080448733474381,6.279732712004964,12.129606620288076,49.05538015686054,29.06210049089565
1.49,31.22212769085855,131.01054190948267,39.53279291629842,6.250585194774743,0.0021101248415575,26.856765427988968,0.0017703629775162,-1.8831611265708224,296.765619663911,49.15793536556114,19.46978427240696,68.67264846593837,0.0020318836034883,113.70223801340848,1474.510441668437,15.288,0.0,3.288115249120781,0.1445219240510704,7.292617511093865e-07,-0.0632443631148926,2.448898781724469e-05,0.0082209714424565,6.250585549537442,12.096529708388848,49.15826682319608,26.922706925880167
1.5,31.222126996045272,131.0105437909857,39.97027749520705,6.194824630888458,0.0021170393679584,4.669229991511437,0.0017531633846,-1.96577270940778,116.42344107135528,49.46526811397837,19.591325138860995,68.63609435075715,0.0020651589294539,113.70227426632611,1492.942433835677,15.288,0.0,3.294156677359736,0.1454261855059661,7.481098681757317e-07,-0.0644878802937095,2.4947341757219804e-05,0.0084346660940136,6.194824991219679,12.01415266899047,49.46560065774458,5.066159702601582
1.51,31.222126298542868,131.01054567975967,40.4093836980926,6.149245453688611,0.0021271798129095,40.7217925199726,0.0017325941160344,-2.0394886529679552,409.3843734110053,49.68915146606954,19.68251986923979,68.598824073028,0.002098939502711,113.70231106282216,1506.423783727524,15.288,0.0,3.300154827298201,0.1460851190062147,7.67288824708895e-07,-0.0657440281334981,2.541589568970668e-05,0.0086375185107673,6.149245820197549,11.952038148296324,49.68948560269312,40.77283290387319
1.52,31.22212559729217,131.01054757867985,40.85086991560473,6.1116118074023005,0.0021399495516494,13.845183487687407,0.001709181718541,-2.105860429459935,190.99531651748063,49.84409938320598,19.748480523431684,68.5608292346412,0.0021332345947049,113.70234841461937,1515.7692262061253,15.288,0.0,3.306140669504273,0.1465413931650071,7.867930681990255e-07,-0.0670181456536026,2.5896667281738265e-05,0.008831995463627,6.111612180626483,11.90616922126657,49.844435525695424,14.004419191005365
1.53,31.22212489320988,131.01054948525712,41.294071323802434,6.05618957576935,0.0021463163337663,16.091701773251614,0.0016894715608822,-2.189661187952471,209.25781510265423,50.14017086472504,19.86650663895772,68.52210163778535,0.0021680533511955,113.70238633052534,1533.764574242383,15.288,0.0,3.3121039371243084,0.1474125793437104,8.066337188303571e-07,-0.0683053912528855,2.638815606446737e-05,0.009054718939102,6.056189954679638,11.827355437105547,50.14050800730629,16.23999645725358
1.54,31.2221241860787,131.010551400081,41.739140904865714,6.019488365695419,0.0021591246288069,32.49295418378704,0.0016642807850952,-2.2552446257286567,342.42187361453745,50.2778016614873,19.926367863365083,68.48263202413574,0.0022034057853962,113.70242482190588,1542.130300118144,15.288,0.0,3.318020294695648,0.1478179579102304,8.268107327438973e-07,-0.0696073050785636,2.689107004215124e-05,0.0092522361257723,6.019488751496856,11.78539900256118,50.27814081599082,32.57112529037633
1.55,31.222123475430244,131.0105533244226,42.18640748444297,5.96965596246728,0.0021671161499129,5.406641621938167,0.0016415004696239,-2.334133443464198,122.51094359707427,50.51974099929758,20.024805847252207,68.44241261685377,0.0022393007391178,113.70246389924034,1556.94071054845,15.288,0.0,3.323919268001245,0.1485300154228616,8.473239357555124e-07,-0.0709260068781006,2.74063624383226e-05,0.0094724771660711,5.969656354398214,11.71938684484771,50.520081409106304,5.88896894664049
1.56,31.22212276230381,131.01055525546028,42.63512395253053,5.920757325460973,0.002175210957549,30.812153738876727,0.0016177218776607,-2.4123668611646325,328.7250044353954,50.750626831922936,20.11941558686112,68.40143461030883,0.0022757479162282,113.70250357182148,1571.1365751137707,15.288,0.0,3.3297963179164687,0.1492095846706408,8.681846829089796e-07,-0.0722561829127406,2.79322893866822e-05,0.0096938130850221,5.920757723610119,11.656092376836122,50.75096851326106,30.906444870253914
1.57,31.222122045881683,131.01055719541338,43.08586859007979,5.883595269184126,0.0021874811873229,16.187015699256303,0.0015902803589167,-2.4782503266598086,210.01875616350367,50.875911337958094,20.17507170474255,68.35968993464797,0.0023127564277503,113.7025438509532,1578.8348709554691,15.288,0.0,3.335636292187813,0.149578689054249,8.893877350336362e-07,-0.0736023275047742,2.8470670540037554e-05,0.0098983579321577,5.88359567439917,11.616576828473155,50.87625494669941,16.375628368357383
1.58,31.22212132647437,131.01055914343843,43.53841325767132,5.8289782802258685,0.0021931209712466,6.430026307098922,0.001566194113155,-2.5629187040371466,130.881252323257,51.14708738461955,20.284998333484527,68.31717110748295,0.0023503349107352,113.7025847458519,1595.6411753606362,15.288,0.0,3.341447148661541,0.150376733630842,9.109395366025194e-07,-0.0749624345947735,2.902096125412069e-05,0.0101345648989662,5.828978691376389,11.544361485943424,51.14743187925605,6.921978983387023
1.59,31.222120604444992,131.01056109854963,43.99249612132312,5.784423495655134,0.0022023143452491,37.764371819838765,0.0015389280055222,-2.6367859412894816,385.03439630430495,51.32665903493504,20.361159498427792,68.27386928433233,0.0023884931553674,113.70262626692436,1606.7949601016892,15.288,0.0,3.347240265339944,0.1509054629898971,9.328450371380328e-07,-0.0763348375708703,2.9582710733300947e-05,0.0103558880904732,5.784423913475441,11.492635654790105,51.32700497366335,37.85631283439413
1.6,31.22211987889582,131.01056306318296,44.44874638279824,5.741065751088249,0.0022118555300158,10.836740701707363,0.0015105149371472,-2.709222580249566,166.64532341110595,51.48966571328934,20.43127903442992,68.22977671043151,0.0024272400416975,113.70266842540306,1616.9462066293613,15.288,0.0,3.35300116509211,0.1513854985698843,9.550985322645823e-07,-0.0777243681661741,3.0157952654979872e-05,0.0105774211810456,5.741066175741151,11.44444037540247,51.49001315074345,11.170265811834133
1.61,31.222119150694823,131.01056503498216,44.9065435131438,5.684886631967824,0.0022162680364001,14.775363550983055,0.0014842276453579,-2.796431052994746,198.60469218265743,51.763242687904416,20.5428779903384,68.18488542052488,0.0024665846451093,113.70271123025452,1634.102409729417,15.288,0.0,3.3587286575605124,0.1521906327325445,9.77711498160699e-07,-0.0791260454287898,3.074498056670656e-05,0.0108249115075643,5.684887062558267,11.372201807341252,51.7635908184734,15.037665939260773
1.62,31.22211841956847,131.0105670146893,45.3660757874898,5.646325041755234,0.0022273530619229,26.699197814977964,0.0014531184220501,-2.8630668156582013,295.2437695318118,51.872247715242125,20.59322746414863,68.13918666855712,0.0025065367244477,113.70275469282248,1640.9195012509465,15.288,0.0,3.3644434044095792,0.1525119128848898,1.0006825093801996e-06,-0.080541676409865,3.134468077107591e-05,0.0110412939468664,5.646325479653403,11.33557804791714,51.87259758704285,26.852268389575592
1.63,31.222117685262408,131.01056900299386,45.82751368119788,5.593297677952648,0.0022326210653824,5.665421279162564,0.0014243754977021,-2.9467854134621474,124.79374979481824,52.10795762221671,20.691159330973587,68.09267353999486,0.0025471044579148,113.70279882274154,1655.7927854284733,15.288,0.0,3.3701214830625115,0.153205732281188,1.024012533345146e-06,-0.0819723685944758,3.1957704271434044e-05,0.0112879874238458,5.593298122122825,11.271657795837996,52.10830832151348,6.385964654789973
1.64,31.22211694856128,131.0105709977663,46.29030073427976,5.542091528742817,0.0022383802392589,38.06632987968625,0.0013944158119569,-3.028395773185258,387.317202502268,52.322908432717206,20.781633357301107,68.04533777108935,0.0025882972137953,113.7028436294854,1669.4073520991751,15.288,0.0,3.375767634677465,0.1538385258713827,1.047711402741971e-06,-0.0834136009603637,3.258244507406469e-05,0.0115333218876606,5.542091979358858,11.212304545284702,52.323260036662894,38.18660306197104
1.65,31.22211620833905,131.01057300206148,46.75521845433674,5.4997808633790495,0.002247598344075,11.108591411261232,0.0013616429038497,-3.098769123335043,168.9281306090331,52.44803500449096,20.83851948409485,67.99717140366758,0.0026301240979405,113.70288912497423,1677.3264962584817,15.288,0.0,3.3814068624257647,0.1542072293952915,1.071769028316888e-06,-0.0848721611142313,3.322184757730448e-05,0.0117625300117506,5.499781321231218,11.171808039568129,52.44838805641317,11.532700250858548
1.66,31.22211546521996,131.01057501418504,47.22182156026468,5.438285089340916,0.0022488111211324,9.13002847801451,0.0013320063046479,-3.193607304160755,152.94843823292413,52.75098284697575,20.96262063755556,67.94816695235457,0.0026725938085596,113.70293531823704,1696.6833602056888,15.288,0.0,3.387002299551112,0.1550987709521925,1.0961960646538765e-06,-0.0863438914035767,3.3874460446199365e-05,0.0120350794240834,5.438285552902051,11.094180152433356,52.75133608940053,9.67246346060742
1.67,31.22211471935663,131.01057703372234,47.689998853603775,5.394922931326197,0.0022572908774637,44.93833261151766,0.0012977526883447,-3.264849295649084,442.8656393001777,52.87425041890112,21.01925847677265,67.89831491282648,0.0027157168813139,113.7029822209838,1704.5454884970222,15.288,0.0,3.392576912419443,0.1554620248274891,1.1209947964354428e-06,-0.0878283698973303,3.454031450104744e-05,0.0122700488635478,5.394923402166556,11.05389246437928,52.87460499332291,45.056775078902994
1.68,31.22211396962343,131.01057906372677,48.16052253426543,5.340327663399909,0.0022609722031304,0.4758632425125935,0.0012647762939196,-3.350892126376319,82.94219117491815,53.10073724548658,21.115060271147065,67.84760795032764,0.0027595019023586,113.7030298446542,1719.101863854106,15.288,0.0,3.398146605514982,0.1561287757929183,1.146156745999459e-06,-0.0893320050657304,3.5222344808714644e-05,0.01253300578745,5.340328140634968,10.992300953945634,53.101092398169655,3.3845125894055235
1.69,31.22211321760625,131.01058109989506,48.63228566669592,5.283862257635963,0.0022636182618259,28.114913764237112,0.0012313068006248,-3.4395174631389605,306.6578325295533,53.34176827327985,21.21677164405154,67.7960371570913,0.0028039589248924,113.7030781984666,1734.665078382226,15.288,0.0,3.4036614938302066,0.1568382996741846,1.1717021356546709e-06,-0.090844974498357,3.591664869287242e-05,0.0128025426834492,5.283862741130222,10.927931688164447,53.342123841604845,28.32452396538808
1.7,31.222112462213488,131.01058314518812,49.10603577634217,5.239908919247323,0.0022714636626224,14.385445503396744,0.0011945020021591,-3.510470790273441,195.56094491290364,53.45066363068098,21.26855030543855,67.74359464098983,0.0028490970874314,113.7031272944688,1741.675521703303,15.288,0.0,3.409169750879298,0.1571593202602656,1.19761941027112e-06,-0.0923742675190926,3.662643553054452e-05,0.0130440439100155,5.239909410205655,10.890183610262673,53.45102043135866,14.807580792533116
1.71,31.22211170383689,131.01058519854243,49.58149204186292,5.179199521677417,0.0022718865428372,8.548308244660678,0.0011598916318486,-3.6051191735368486,148.38280983672328,53.724539080337095,21.383364306946564,67.69027343703787,0.0028949246818854,113.70317714172334,1759.4891612180168,15.288,0.0,3.4146563871036126,0.1579654357461461,1.2239171579529152e-06,-0.0939169054129204,3.735069012295969e-05,0.0133292210288308,5.179200018607711,10.819412913621152,53.72489594744064,9.277416636461108
1.72,31.22211094280797,131.01058725905827,50.05842017747469,5.131718514667315,0.0022778911934117,34.891858305271406,0.0011220037145372,-3.6802739408162366,361.44531325985855,53.856438908452326,21.444409997368727,67.6360645187906,0.0029414519629793,113.70322775153493,1768.0582115722095,15.288,0.0,3.420102541632287,0.1583541115466747,1.2505999874670103e-06,-0.0954709958837411,3.808881530822395e-05,0.0135824300413421,5.131719018875105,10.776892089039094,53.85679671876418,35.08541283116789
1.73,31.222110178292446,131.0105893289978,50.537381752968805,5.077518372508743,0.0022807874600123,5.718212058273745,0.0010843234447395,-3.7650742892155007,125.5546908582312,54.05170932103783,21.52987706974828,67.58096129028378,0.0029886869094221,113.70327913442452,1780.8205776104255,15.288,0.0,3.425543894868233,0.1589291247484891,1.277660624970748e-06,-0.0970416252930216,3.884333373501499e-05,0.0138552986828044,5.077518883424291,10.721813569324706,54.05206758629418,6.846439565384054
1.74,31.22210941132588,131.0105914055515,51.017659382862206,5.0178363568143896,0.0022809875255069,27.927904320215347,0.0010466664971212,-3.8581090028986176,305.13595139666023,54.30058680001829,21.636289431877884,67.52495598632261,0.0030366386404209,113.70333129953607,1797.1747103851744,15.288,0.0,3.430946155937808,0.159661769133475,1.3051142573102868e-06,-0.098621746006752,3.961135442555285e-05,0.0141450849766545,5.01783687392924,10.656426428451176,54.30094509670084,28.193134729803656
1.75,31.22210864105575,131.01059349103096,51.49982650239576,4.971349966230783,0.0022870167044116,17.94868831181691,0.0010059030632827,-3.9301402204055766,224.4765664120468,54.4003889164678,21.685762011694155,67.46804055301233,0.0030853165902421,113.7033842590602,1803.703448983424,15.288,0.0,3.436329418642062,0.1599560914020012,1.3329504473479037e-06,-0.1002172690316551,4.0395811207562856e-05,0.0143996784082765,4.971350490968863,10.619850058231863,54.40074816021156,18.37393303782953
1.76,31.22210786787908,131.01059558435855,51.98360116165698,4.910770683827143,0.0022863972507074,5.136742428971734,0.0009664121819312,-4.024240748577936,120.98906246686956,54.647832013910666,21.79233472884053,67.41020881568977,0.0031347283976078,113.70343802150718,1820.064620228061,15.288,0.0,3.441701458809164,0.1606845380688113,1.3611781821881976e-06,-0.1018248465862502,4.119546946277688e-05,0.0146965275358916,4.910771214783008,10.554923637807804,54.64819116035087,6.525384074371871
1.77,31.222107092242908,131.01059768432145,52.46867266455416,4.859218861740631,0.0022897564651412,36.21660254600948,0.0009247072646307,-4.103147334427393,372.0984511817177,54.78939942695308,21.858492909289087,67.35145289410973,0.0031848834089888,113.70349259720408,1829.4214414194585,15.288,0.0,3.447023419420848,0.1611016802676319,1.3898034157931388e-06,-0.1034415570371654,4.200922023465656e-05,0.014967848266731,4.859219399934968,10.510223439012098,54.789759101057456,36.4482937718451
1.78,31.22210631310421,131.01059979374708,52.95573497672532,4.804317807335623,0.002291402357596,4.467634251625779,0.0008824845298491,-4.187082709589765,115.66250100244405,54.96101881629988,21.936509645200584,67.29176675631231,0.0032357891817293,113.70354799667992,1840.8139760007584,15.288,0.0,3.4523434217904447,0.1616071954023206,1.4188143382491691e-06,-0.1050742513371997,4.284057714945136e-05,0.0152510073568476,4.804318352492386,10.45977982231426,54.96137874894043,6.123023615994335
1.79,31.222105531541928,131.01060190970907,53.444049983376,4.741459282400401,0.0022890145362351,24.814623787291463,0.0008404039776038,-4.284331477474193,280.02501822604995,55.21848077132381,22.048246530619373,67.23114355707054,0.0032874541224471,113.70360422842064,1858.0135513274115,15.288,0.0,3.457628589970511,0.162365130979752,1.4482278843707606e-06,-0.1067150615625194,4.3686100310655874e-05,0.015560990612049,4.741459833667486,10.393417365627334,55.218840328886266,25.18176027643751
1.8,31.22210474665788,131.01060403464217,53.93421266608056,4.692531151300573,0.0022931740727872,16.425849305739955,0.0007955844556277,-4.356575129120111,212.3015623593172,55.30697284893184,22.094678032401127,67.16957545373293,0.0033398877032572,113.70366130490429,1863.885740384164,15.288,0.0,3.462893297725217,0.1626262343737773,1.4780311004783411e-06,-0.1083705824793174,4.454924994816564e-05,0.0158269745063611,4.692531710368109,10.358421608806372,55.30733305987277,16.99377159148317
1.81,31.22210395870673,131.01060616785475,54.42603868824456,4.627392427085216,0.0022892380072062,8.500458926268397,0.0007516554477717,-4.457413288915065,148.3828098364039,55.57963366939408,22.21316662625038,67.10705689208739,0.0033930971293515,113.70371923455352,1882.21979998136,15.288,0.0,3.468148294824556,0.1634288818677685,1.5082317798156567e-06,-0.1100382390177883,4.542912517077812e-05,0.0161489908052802,4.627392992112992,10.289547695492356,55.57999326205927,9.59824649351946
1.82,31.22210316810452,131.0106083082184,54.91924182693776,4.573688962568704,0.0022907232788919,36.40756960346888,0.0007055599944679,-4.536669008378329,373.6203323127005,55.70933308197321,22.276314661375885,67.0435793994632,0.0034470926666509,113.70377802893064,1890.9250182670523,15.288,0.0,3.4733572987973087,0.1638111682714947,1.5388353834558455e-06,-0.1117151674103206,4.632461238741512e-05,0.0164325736394908,4.573689535001799,10.24689631490232,55.70969290794434,36.68913314076562
1.83,31.222102373888127,131.010610458343,55.41445023208654,4.514272995213336,0.0022892036082331,2.5479355793346783,0.0006589682872957,-4.625988174987829,100.44374968807423,55.90033784076656,22.3637381430912,66.97913745305065,0.0035018816169279,113.7038376983654,1903.8230554076056,15.288,0.0,3.4785672546634983,0.1643737296961875,1.569830311463344e-06,-0.1134079617678601,4.7239363121176255e-05,0.0167379702782319,4.51427357444327,10.193121121701449,55.90069742802837,5.281263366449923
1.84,31.22210157737881,131.01061261464602,55.91077560958131,4.452053621433274,0.0022860076147985,29.80279648494012,0.0006117302918515,-4.720139178216137,320.3547027125185,56.120475078576256,22.46311045682416,66.91372431966576,0.0035574726171109,113.70389825145132,1918.7556643708672,15.288,0.0,3.4837365923825185,0.1650219634005763,1.6012378682741267e-06,-0.1151063394182467,4.816851977754891e-05,0.0170547232678713,4.452054207152717,10.134282078173394,56.1208341638126,30.174267059179815
1.85,31.22210077743891,131.0106147802106,56.40896018568895,4.398615599624815,0.002287150263111,10.459527919810844,0.0005627852879569,-4.796057666889125,164.3625022151224,56.22198863023523,22.51615637200329,66.84733366103391,0.0036138739913808,113.70395969996116,1925.6112122561133,15.288,0.0,3.488893864300953,0.1653213935641172,1.633040002512861e-06,-0.1168189616633083,4.911684538211229e-05,0.0173389519370973,4.398616193081447,10.096571280255338,56.22234789495835,11.506689087924284
1.86,31.222099974805136,131.01061695303866,56.90850383227871,4.332952022545291,0.0022817294159959,9.884961785814037,0.0005137316946353,-4.89596725580049,159.7968738257949,56.472718958872086,22.62848724319109,66.77996086557302,0.0036710923168587,113.704022051157,1942.7313201773927,15.288,0.0,3.494029995747255,0.1660596057399455,1.6652514395268243e-06,-0.1185393236214531,5.00813556836748e-05,0.0176719138897687,4.332952622178017,10.03257824884382,56.47307737209053,11.031000187688996
1.87,31.22209916953819,131.0106191329651,57.409357481353226,4.2790471945941615,0.0022822741374818,32.7237288981299,0.0004631364018616,-4.970446619015492,343.9437557428203,56.56342692722725,22.677995993727563,66.71159926460847,0.0037291364834083,113.70408531582054,1948.8834335665365,15.288,0.0,3.499132396503532,0.1663272758410343,1.6978711796292574e-06,-0.1202670704592473,5.106217945543426e-05,0.017957421665309,4.279047802099349,9.996713027533906,56.56378542601034,33.09905999881688
1.88,31.22209836089976,131.01062132198973,57.91199031856088,4.216990745837603,0.0022783205382866,1.2822471460511236,0.0004119151836965,-5.061186086420503,90.5515668317428,56.75280544112981,22.76694406933897,66.64224524080043,0.0037880121985806,113.70414950243756,1961.8604973375088,15.288,0.0,3.5042348127572995,0.1668850991030886,1.7308898656470762e-06,-0.122007142478862,5.206234177039969e-05,0.0182773463449655,4.21699136018177,9.943668774093442,56.753163318883,5.22108825003053
1.89,31.22209754998306,131.01062351714896,58.41567655396912,4.152655669048236,0.0022728734352733,28.469083179190044,0.0003598821718274,-5.156052496372091,309.70156479092924,56.96678635695388,22.866250257193144,66.57189349106723,0.0038477271162929,113.70421461907172,1976.5866888441567,15.288,0.0,3.5092839998274408,0.1675152759759955,1.7643253330484197e-06,-0.1237505415956643,5.307736424905131e-05,0.0186075139015931,4.152656289964637,9.886576392647784,56.96714337907813,28.932223809076646
1.9,31.22209673578929,131.0106257211486,58.92105483181304,4.097667878606803,0.0022723542513536,11.561110196805,0.0003067113424435,-5.228768032306681,173.493759003727,57.04409063446728,22.91143082794481,66.50053899814921,0.0039082887324209,113.70428067661804,1981.8585250348176,15.288,0.0,3.5143371651904,0.167743552633661,1.7981591332334851e-06,-0.1255052085055667,5.411194830208903e-05,0.018896041558881,4.097668507597175,9.852917855971054,57.04444757503831,12.688549334435859
1.91,31.22209591884973,131.0106279325479,59.42776485120441,4.028860134775432,0.0022639679233684,9.567601519735112,0.0002526796996521,-5.332133133131627,157.51406662904287,57.305949139712,23.03087282603252,66.42817906294185,0.0039697020970645,113.70434768118312,1999.99814171748,15.288,0.0,3.5193501029091885,0.1685145367250941,1.8324034788826648e-06,-0.1272657258340197,5.516353916537966e-05,0.0192481253767766,4.028860769830919,9.788007589298472,57.30630476296171,10.953111094740377
1.92,31.222095099267456,131.01063015106683,59.9357301643748,3.972087848319497,0.0022620879539296,33.94005238535328,0.0001978789778484,-5.405942492346303,353.8359375978539,57.38990782643094,23.07950305762253,66.35480769115104,0.0040319761268637,113.70441564375076,2005.7648646139528,15.288,0.0,3.524351612946853,0.1687623947813891,1.8670566799021527e-06,-0.129031400756861,5.623211330057709e-05,0.0195428096585469,3.972088491412169,9.753237305452087,57.39026315437575,34.36788282961633
1.93,31.22209427614625,131.01063237913226,60.44551182334341,3.9069070239676,0.0022552740255393,-0.4638801833047517,0.0001418437574569,-5.498702902485118,76.85468964740448,57.58519814849952,23.17324951143488,66.28042247975758,0.0040951158602302,113.70448457252596,2019.339836234428,15.288,0.0,3.5293311122654942,0.1693376460115055,1.9021053631471009e-06,-0.1308087113481829,5.732182724350246e-05,0.0198784406060119,3.906907673890271,9.699871393709556,57.58555240611496,5.518235085095665
1.94,31.22209345085169,131.01063461304375,60.95622083851804,3.84118783416112,0.0022478509447935,29.490261740533143,8.495702103117949e-05,-5.591714555461689,318.0718965145692,57.78251171837383,23.26844574502393,66.20501899512507,0.0041591288357543,113.70455447530028,2033.102112362008,15.288,0.0,3.534282982120785,0.1699188553393763,1.9375728975171303e-06,-0.1325857476726651,5.842625740112587e-05,0.0202165346987957,3.841188490893039,9.64642291951284,57.78286480997447,30.01570937362855
1.95,31.22209262224148,131.0106368558948,61.46857493716316,3.7823145320270606,0.0022442447285734,12.942329204591047,2.7501745855540605e-05,-5.665687242570536,184.9078219909956,57.8673808077059,23.318573817192167,66.128594135371,0.0042240212952193,113.70462536204036,2038.9783757624475,15.288,0.0,3.539224875876403,0.1701694113844135,1.973436060503308e-06,-0.1343718743401587,5.955129426310114e-05,0.0205179641783481,3.782315196873304,9.61157335169125,57.86773333284341,14.128124333095077
1.96,31.22209179091256,131.0106391060671,61.982177324168696,3.7129062563099056,0.0022341653034115,8.960693304392048,-3.161243264300684e-05,-5.765821633515674,152.94843823482103,58.10503142748493,23.431189528640683,66.05114642972268,0.0042897977817574,113.7046972384438,2055.658676802143,15.288,0.0,3.544130562341208,0.1708692568343204,2.00970796764712e-06,-0.1361608440861205,6.0693751115773714e-05,0.0208754861561381,3.7129069275503057,9.551901505549449,58.105382369350046,10.655455110219046
1.97,31.22209095691551,131.01064136342288,62.49698462124219,3.6530193289699335,0.002229551361712,22.66825761717182,-9.067972492726588e-05,-5.838750694468276,263.28438576860447,58.18610131205119,23.48064145874348,65.9726718852693,0.0043564660688038,113.70477011457024,2061.296891925117,15.288,0.0,3.5490329311847897,0.1711086536622294,2.04638511439386e-06,-0.1379521547462058,6.185376018878954e-05,0.0211785818601621,3.65302000843002,9.517816660108458,58.186451529160045,23.408137753329395
1.98,31.222090119672306,131.01064362952638,63.01334568721614,3.585651176615176,0.002220202154123,0.4304946089813952,-0.0001515091054944,-5.930564677476927,84.46406530793345,58.375730954629056,23.574817856338385,65.8931701994494,0.0044240298117998,113.70484399690416,2074.651407153246,15.288,0.0,3.553893579052105,0.1716673012946507,2.083457701577702e-06,-0.1397497510070936,6.303425204250868e-05,0.0215234033290695,3.58565186308195,9.466345629514697,58.37607970316781,5.9461687686319555
1.99,31.22208928020419,131.0106459016108,63.53060401859232,3.519468705138232,0.0022112707751204,30.981008339908,-0.0002129359938824,-6.017531442478826,330.246885567478,58.53963266171584,23.65910545483565,65.81263907072167,0.0044924953394433,113.70491889265332,2086.2140242359847,15.288,0.0,3.5587553936028486,0.172150297823944,2.1209427818592272e-06,-0.1415440459608718,6.422979193930927e-05,0.0218598698124168,3.519469398931384,9.41926205539512,58.53998000731686,31.55999940532338
2.0,31.22208843729601,131.01064818296584,64.04950762701068,3.456272808586472,0.0022040452375247,8.264682216737214,-0.0002748499976066,-6.093709395900146,147.6218847660987,58.64272010327238,23.71886045785752,65.73107763996273,0.0045618675681657,113.70499481068777,2093.46363874886,15.288,0.0,3.563571199923228,0.172454462743101,2.1588136474009825e-06,-0.1433452204269553,6.544727710836254e-05,0.0221759191864902,3.456273510487261,9.381950578613203,58.64306631388862,10.268313708729227
2.01,31.2220875917872,131.01065047131712,64.56951479770302,3.3846720205744103,0.0021911711648861,13.079708291149467,-0.0003390768603829,-6.193650862633276,186.4296881318677,58.8809687286838,23.83488065359728,65.64848581473319,0.0046321507826135,113.70507175633236,2110.402972309661,15.288,0.0,3.568389550889913,0.1731561130094295,2.19708745038084e-06,-0.1451447154704933,6.668186869876514e-05,0.0225444045808621,3.384672729010036,9.323618148914711,58.88131291704544,14.472044779668668
2.02,31.22208674331463,131.01065276764686,65.09083932042945,3.322479807905286,0.0021841491856477,19.51061847305398,-0.0004022780899803,-6.262349680232301,238.1734365950983,58.946290978468376,23.880019066359424,65.56486119197497,0.004703352535243,113.70514974025744,2114.982102190349,15.288,0.0,3.573166554633729,0.1733492322848286,2.235751202785141e-06,-0.1469454905906154,6.793600525070418e-05,0.022848283250572,3.322480525014113,9.292534876534196,58.94663406382009,20.49100429164975
2.03,31.22208589147665,131.01065507304128,65.61371160026722,3.2502790411728424,0.0021703239564597,-1.331685191003352,-0.0004687023750742,-6.361156722012182,70.76718712607814,59.1792245710787,23.995109273532183,65.48020525134903,0.0047754759090719,113.70522876832752,2131.623196554201,15.288,0.0,3.577944590336076,0.174035271165026,2.274798135485693e-06,-0.1487499221890991,6.921193361976552e-05,0.0232190802505062,3.250279764995538,9.235659451221824,59.179565484768496,6.499053816489006
2.04,31.222085037260364,131.01065738482683,66.13750875370495,3.183870593703204,0.0021600520230354,37.48784921574417,-0.0005344209530067,-6.438967333985738,382.7515591016225,59.29944636143198,24.06404066234288,65.39451588089054,0.0048485289788606,113.70530884999523,2140.184937846439,15.288,0.0,3.582682761054034,0.1743898532318676,2.3142434334939084e-06,-0.150548482056395,7.050390961240192e-05,0.0235463797297156,3.1838713256771727,9.196472161342031,59.29978566161025,38.03681295056293
2.05,31.222084179343216,131.0106597065827,66.66302748069715,3.116458126289288,0.0021489073227245,2.150359780177041,-0.0006013739058424,-6.517819904992802,98.92187555189255,59.426351366664925,24.13618398611901,65.307794725941,0.0049225155147039,113.70538999329322,2149.246437399056,15.288,0.0,3.5874207714484307,0.1747640972436676,2.354057595778865e-06,-0.152352138869861,7.182004239631885e-05,0.0238782669261886,3.11645886643194,9.156453786579592,59.42668891623776,6.86338282917207
2.06,31.22208331923295,131.0106620342261,67.18932693832687,3.044016207143164,0.002133967569868,19.19024756787741,-0.0006705155472803,-6.612214183517491,235.890630410218,59.64186762276288,24.24612223149957,65.22004347426655,0.0049974396777428,113.70547220274288,2164.7541226242847,15.288,0.0,3.59212000019186,0.1753989413621565,2.3942706729855893e-06,-0.1541458127975319,7.315066846294831e-05,0.0242457806044381,3.044016954434067,9.103339481725044,59.642202825604826,20.29746236786081
2.07,31.222082456027312,131.01066437019824,67.71694445753002,2.979466636614743,0.0021243014383794,14.350829695218856,-0.0007377549473486,-6.675584920963272,197.0828110428685,59.69261452104042,24.28743690034848,65.13126364918502,0.0050733064397486,113.70555548721924,2168.329495941945,15.288,0.0,3.596814616429058,0.1755492276112247,2.4348553878268484e-06,-0.1559373524883302,7.450187506070221e-05,0.0245471982863144,2.9794673932244797,9.07532438167739,59.69294820552998,15.827499724291574
2.08,31.222081589768298,131.01066671438403,68.24583492363335,2.9057130002198246,0.0021078297079054,1.5430045645043455,-0.000809193467831,-6.770753655240797,94.35625516513028,59.91714272396571,24.402498335818983,65.04145998553176,0.0051501170162823,113.70563985017344,2184.5610194843484,15.288,0.0,3.6014766110060283,0.1762105923984654,2.4758127213724827e-06,-0.1577248214110021,7.587310953785793e-05,0.0249206994419516,2.9057137640831354,9.021581811491863,59.91747382108191,6.944347975212066
2.09,31.22208072102224,131.01066906524977,68.77564219243105,2.837872922458452,0.002095305670522,29.117591400209232,-0.0008788712778514,-6.840784442799908,315.78905931083045,60.01206810276511,24.463494177507425,64.9506334908048,0.0052278782926921,113.70572530063352,2191.376770303224,15.288,0.0,3.606129287868776,0.1764908151212216,2.517147335875257e-06,-0.1595022173535068,7.726071505207193e-05,0.0252401704255282,2.8378736953461607,8.987481573337265,60.01239723261012,29.910373811017585
2.1,31.22207984877943,131.01067142552645,69.30695664575036,2.7675728124572023,0.0020807589075843,1.14013597084961,-0.000950425655123,-6.917596953752724,91.31249989625807,60.14606052361359,24.541529926671146,64.85878942373255,0.0053065920321133,113.70581184425129,2201.0608749804182,15.288,0.0,3.6107535595896105,0.1768859380294006,2.558833472694424e-06,-0.1612776440981855,7.867150479958472e-05,0.0255767957783436,2.767573594042629,8.94788134657079,60.14638736845842,7.010924229365418
2.11,31.22207897432352,131.0106737917393,69.83899100310622,2.694731077873571,0.0020639315603692,23.979960746020296,-0.0010237174761199,-7.002396009630126,274.6984487617491,60.32805951794717,24.64072687454071,64.7659324809701,0.0053862614310132,113.70589948508017,2214.2883527838094,15.288,0.0,3.615365689798269,0.1774222524155059,2.600895671400988e-06,-0.1630375503278663,8.009613540919587e-05,0.0259328088412737,2.694731867687341,8.901661185319714,60.32838371955848,24.981434472510895
2.12,31.222078096588486,131.01067616677165,70.37236731826029,2.6264541876082506,0.0020503468465553,9.176371720708142,-0.0010953200322023,-7.0646474119095535,155.99218548998823,60.396081873710486,24.69183134113332,64.672067706126,0.0054668900221765,113.70598823091991,2219.170753995578,15.288,0.0,3.619949287595952,0.1776233734951725,2.6433002531571675e-06,-0.1647913258418559,8.154257239841741e-05,0.0262399740368554,2.6264549873512646,8.872374654721254,60.39640394143994,11.58080490341403
2.13,31.22207721602569,131.01067854940072,70.90679707188023,2.550672269791056,0.0020305705207999,5.556231227765603,-0.0011718533286976,-7.15731645244017,127.07656400030532,60.62784613993538,24.81373536110939,64.57720282033249,0.005548478259586,113.7060780840727,2236.1202370588976,15.288,0.0,3.6245241582962153,0.1783060629112981,2.6860559425505503e-06,-0.1665327646557249,8.300698666710002e-05,0.0266176556390778,2.550673077517604,8.819817866184025,60.62816510120685,9.06084353854588
2.14,31.222076332742823,131.01068093933415,71.44220281788631,2.482272622826754,0.0020163422082313,23.09906592893548,-0.0012443659742441,-7.213149076598486,267.8499991619534,60.67476427834996,24.85687995478849,64.48134204068116,0.0056310326193098,113.70616905405844,2239.4672178079363,15.288,0.0,3.629066840850677,0.1784451281193752,2.7291536017668924e-06,-0.1682601549544983,8.448887309237034e-05,0.0269131786460371,2.4822734412484184,8.794236726689594,60.67508100464333,24.19909849434454
2.15,31.222075445996,131.01068333858288,71.97900301329582,2.4081732933240203,0.0019972263959239,-3.008903418497349,-0.0013213496719407,-7.292571409049075,58.592187067308245,60.848258764498006,24.955121385591767,64.38449494496035,0.0057145526250542,113.70626114394554,2252.176418247439,15.288,0.0,3.6336066008935566,0.1789564624739033,2.772572976441216e-06,-0.169978596966961,8.599348151475526e-05,0.0272643777309854,2.4081741210392,8.750948221488757,60.84857248808659,7.888922567999384
2.16,31.22207455695072,131.0106857439928,72.51649698071277,2.334204646501088,0.0019778065537451,30.86064064819264,-0.0013987056246246,-7.368579422064831,330.2468855659735,61.01183086943444,25.04989615901435,64.28666848127469,0.0057990427104388,113.70635435961287,2264.184254954256,15.288,0.0,3.638107978154472,0.1794386222601565,2.816333199276249e-06,-0.1716756589882789,8.751155270440291e-05,0.0276091813518238,2.334205483949941,8.709590537942175,61.01214154256135,31.72814375081742
2.17,31.22207366405283,131.0106881597665,73.05557604429785,2.2620884474691536,0.0019596680712249,5.979732861618856,-0.0014754962682141,-7.431800105684961,130.88125231851762,61.114736354890205,25.11889123414804,64.18787106834816,0.0058845062983864,113.70644870971564,2271.710697198077,15.288,0.0,3.642613600945366,0.1797423667040533,2.86038684747484e-06,-0.1733650081635947,8.905580071041005e-05,0.0279264429905246,2.262089295867112,8.677215550632136,61.11504417883095,9.538808106061923
2.18,31.222072768676423,131.01069058218587,73.59542056446364,2.186183193005609,0.0019378533928908,18.877519750711723,-0.0015558719375177,-7.511969103326563,234.36874927713336,61.31199796538857,25.2297818756338,64.08811253927625,0.0059709457076163,113.70654419760776,2286.2805949817625,15.288,0.0,3.647076669538052,0.1803236255304227,2.904763488282525e-06,-0.1750311834169711,9.061419671610488e-05,0.0282843751393877,2.186184051454315,8.63215347120267,61.31230236268765,20.317244748453998
2.19,31.222071870072327,131.01069301327595,74.1364492713133,2.115203615380281,0.0019200553025258,8.801886898119518,-0.0016323083309016,-7.561266044030152,153.70937929308252,61.36044002950728,25.27621035998308,63.98740236535616,0.0060583652481614,113.70664083191488,2289.775630687001,15.288,0.0,3.651546834528303,0.1804672006802315,2.9494304743181298e-06,-0.1766803463568958,9.219333896796778e-05,0.0285719448763043,2.115204486439889,8.608259938286812,61.36074163108887,11.60370457312327
2.2,31.222070968439688,131.01069545249655,74.67852610862533,2.038573636733457,0.0018967928548769,-1.1873332879800822,-0.0017147227561254,-7.639330510853184,73.81094238931682,61.56171004306284,25.390376141811394,63.885754329315766,0.0061467635332437,113.70673861363537,2304.701633248016,15.288,0.0,3.655971090926416,0.1810602647914202,2.994388382373204e-06,-0.1783081633417206,9.379080360466726e-05,0.028928263129387,2.0385745187972533,8.563738038503967,61.562007990587695,7.731049988913026
2.21,31.222070064266,131.01069789852835,75.2213562298937,1.966133240746948,0.0018769773609615,21.12444118992092,-0.0017929821821393,-7.688751688616173,252.63126284538905,61.629266224726976,25.446394258276005,63.78317930392866,0.0062361454917859,113.7068375504552,2309.6420770305253,15.288,0.0,3.660402655295588,0.1812600671251616,3.0396347827187454e-06,-0.1799086072906379,9.540223775015464e-05,0.0292184198667975,1.9661341363273803,8.538136599968063,61.62956105964133,22.480189530571373
2.22,31.22206915658992,131.01070035396927,75.76546912771234,1.8906820650238017,0.0018539883679051,-1.5014134591958932,-0.0018751399974134,-7.752708866354141,71.52812818788428,61.77753884670641,25.53867480350285,63.6796931227587,0.0063265092826739,113.70693764460724,2320.647459127141,15.288,0.0,3.664790318701411,0.181697274051642,3.0851366534477147e-06,-0.1814886501151266,9.70358700832386e-05,0.0295443973504013,1.8906829736969568,8.502006744751373,61.777830070518185,7.896755071423368
2.23,31.222068246657376,131.0107028154492,76.31013842171464,1.8149476959811484,0.001830190983313,32.599326570870346,-0.0019578721644295,-7.815388884227007,344.7046808185258,61.93075229102036,25.633996511405208,63.57531027376754,0.0064178569671117,113.707038899617,2332.05037792916,15.288,0.0,3.669179625222799,0.1821490193153774,3.13091442138238e-06,-0.1830344163113134,9.867965420932945e-05,0.0298683635675787,1.814948618453432,8.465828687816213,61.9310397767477,33.523072653311715
2.24,31.22206733288561,131.0107052872458,76.85624266000697,1.741040822170162,0.0018079132643522,7.0224896370963705,-0.0020387404169599,-7.861003622053379,140.01250910530104,62.00808540512379,25.696123675084152,63.47004650156032,0.0065101903972698,113.70714132282198,2337.7553144938165,15.288,0.0,3.6735357140278713,0.1823775945961765,3.176911418613603e-06,-0.184559038473941,0.0001003485256862,0.0301531819135329,1.7410417605580024,8.44042901173268,62.00836939147523,10.540908063612202
2.25,31.22206641650781,131.01070776602387,77.40306557049878,1.663349450844462,0.0017811876214621,9.001780385006516,-0.0021253566454109,-7.930514585157683,155.99218550271715,62.21484839258624,25.81689557139065,63.363919540403856,0.0066035096348464,113.70724491563686,2353.247819030384,15.288,0.0,3.677885724099242,0.1829868544589423,3.223152230537725e-06,-0.1860483203375352,0.0001020298634023,0.0304962521067231,1.6633504042632812,8.398298250216145,62.21512818088351,11.996879436021171
2.26,31.22206549720223,131.01071025265193,77.95077261733172,1.5901497363986772,0.0017588150668082,17.92838542888532,-0.0022051104400749,-7.961651955917744,227.5203136714266,62.24510275729616,25.85921604325013,63.25694646636684,0.0066978183060993,113.70734968571423,2355.41302055754,15.288,0.0,3.6822086616082976,0.1830769717782204,3.269608688659957e-06,-0.1875033357920908,0.0001037264834401,0.0307480783971218,1.590150708834054,8.38030944002048,62.24537903132076,19.616699794214835
2.27,31.222064574595983,131.01071274813623,78.49955060420235,1.51363740076134,0.0017323838599498,-6.144179331201376,-0.0022906310260058,-8.014395698104648,35.00312702946996,62.392818201203376,25.954993564126745,63.14914932767518,0.0067931127273904,113.70745563263527,2366.4807693776147,15.288,0.0,3.6865188863996288,0.1835125742661446,3.316260201765784e-06,-0.1889249199689987,0.0001054416566711,0.0310530828453625,1.5136383919018674,8.347307680932017,62.39309032342371,10.098588183837926
2.28,31.22206364974252,131.01071524962836,79.04879711046561,1.4375364150432444,0.0017058083545837,19.32908561424433,-0.0023754141251736,-8.060245606184786,238.93437766866384,62.521464172181126,26.04302151278977,63.040549129927406,0.0068893936110602,113.707562758941,2376.1240729042547,15.288,0.0,3.690808849378045,0.1838920947936416,3.3631188904161225e-06,-0.1903008885553474,0.0001071634696609,0.0313420852998189,1.437537426903021,8.317502316479251,62.521732119930846,20.942328322261606
2.29,31.22206272186924,131.0107177592149,79.59892258116743,1.3633411979783043,0.0016810429877045,14.943344771564744,-0.0024562507863832,-8.084021779487673,203.93126162897704,62.55663512227999,26.089268051171626,62.93117009487779,0.0069866578629071,113.70767106551598,2378.672311395585,15.288,0.0,3.695075334660905,0.1839966855011568,3.410143218664064e-06,-0.1916359410394908,0.0001088995746056,0.0315780493144006,1.3633422341721906,8.300580471668502,62.55689917989498,16.989848943597185
2.3,31.222061791061307,131.0107202766642,80.1498594516424,1.2868310020885707,0.0016529174485626,-6.952128397481074,-0.0025420203907451,-8.12491333961236,28.91562550114089,62.6894747815899,26.18059930697913,62.8210385356771,0.0070849005347333,113.7077805499813,2388.658738868552,15.288,0.0,3.699335574877353,0.1843885521780729,3.45732144774873e-06,-0.1929263557142882,0.0001106481185278,0.0318565055758201,1.2868320634849388,8.271508704306532,62.68973442125554,10.693283522526713
2.31,31.222060857854647,131.01072280052682,80.70129697468894,1.2100076275638758,0.0016237003966479,6.7324043012108,-0.002628632239908,-8.165768844339537,138.49062798801748,62.83841706856107,26.28017731930868,62.71018105259485,0.0071841189599257,113.70789121191758,2399.8952447108104,15.288,0.0,3.703557006322384,0.1848277877398998,3.5046485766119444e-06,-0.1941649515860989,0.0001124023504327,0.0321354943802425,1.2100087168171334,8.241059489865453,62.83867211882293,10.583244086944957
2.32,31.22205992197151,131.010725331552,81.25337048681571,1.1350766411149675,0.0015963705975164,22.51856018900431,-0.0027102137499636,-8.182359352827987,264.8062669041958,62.88677841720328,26.334346626762,62.598626143870966,0.0072843095376906,113.70800305103052,2403.463034583564,15.288,0.0,3.7077839929487113,0.184971187711007,3.552093373252895e-06,-0.195351546659957,0.0001141644939174,0.0323550482574718,1.1350777635345424,8.224311963709827,62.88702917451032,23.959060184195042
2.33,31.222058983241503,131.01072787019856,81.80615314018306,1.0598918554733627,0.0015681869373835,7.94604264878397,-0.0027919311945214,-8.196145788481932,148.38280982659873,62.9389248869612,26.39081291944148,62.48640518396317,0.0073854651288561,113.70811606290629,2407.3226578147564,15.288,0.0,3.711964079297352,0.1851257243465932,3.5996318525231235e-06,-0.1964843454045589,0.0001159352061124,0.0325679209823705,1.059893015463857,8.207711216300481,62.93917121718927,11.415621198919649
2.34,31.22205804203704,131.010730415459,82.35942522154417,0.9837742584716684,0.0015379065005129,-3.8715510421153705,-0.002876308773368,-8.21759152040462,54.026562674543406,63.04643344652144,26.47354508391656,62.37355103444977,0.0074875783750839,113.70823024212818,2415.425238833024,15.288,0.0,3.716145790970808,0.1854431045246623,3.647253454333507e-06,-0.1975575411457169,0.0001177091993724,0.0327999956901494,0.9837754604357616,8.184671383710127,63.04667502030961,9.083926801834252
2.35,31.222057098714075,131.01073296637065,82.91297953514612,0.9081248219797846,0.0015075373165505,8.776716612621591,-0.0029587813622929,-8.229804566245654,155.23126043312428,63.12950546799378,26.54573645072924,62.260098399650815,0.0075906409393721,113.70834558220288,2421.665781815442,15.288,0.0,3.7202931487778894,0.1856886118370073,3.694943403223057e-06,-0.198565759902625,0.000119480952538,0.0330090691981333,0.9081260731716578,8.16546963265456,63.12974227140169,12.031643547381746
2.36,31.222056152963585,131.01073552376687,83.4669648256547,0.8331799640116103,0.0014775699996585,11.813013109027713,-0.0030380819321717,-8.228027272602597,179.58125353103176,63.16556570195748,26.59668229509873,62.14608446823705,0.0076946417281183,113.7084620744539,2424.3039555341406,15.288,0.0,3.7244273570465065,0.1857958421797562,3.742666144077012e-06,-0.1995084647067939,0.0001212528366545,0.0331829585588065,0.8331812740868606,8.152952103472899,63.16579779811026,14.39610088679204
2.37,31.22205520494474,131.01073808721657,84.02127877453368,0.758132460357161,0.0014466217940886,3.803370186535188,-0.003117206768954,-8.224110621074228,115.66250100150394,63.21254092223703,26.653326623117128,62.0315483512624,0.0077995680936726,113.70857970776991,2427.781686696213,15.288,0.0,3.728544026520392,0.1859351802162216,3.7904018276117375e-06,-0.2003815189175545,0.0001230213090642,0.0333511754898171,0.7581338404531177,8.139722979591035,63.21276815705705,9.060994978503667
2.38,31.222054254906823,131.01074065604516,84.57577295332764,0.6831632844838486,0.0014148989159003,-1.2555368835291385,-0.0031954763216928,-8.216225153304919,75.33281551688272,63.26272342229988,26.712129836330668,61.91653106340013,0.0079054058311013,113.70869846912302,2431.508215609213,15.288,0.0,3.732629142795003,0.186083954428128,3.838130090257271e-06,-0.2011806168733731,0.00012478191509,0.0335089709244894,0.6831647496112573,8.126775752048767,63.26294567410184,8.311602664153973
2.39,31.222053303054672,131.01074322969828,85.1303239988418,0.6085342737125429,0.0013827829028222,5.591307880300795,-0.0032716520917198,-8.20077665119395,130.12031125441527,63.29970682356276,26.76537403585233,61.80107575369372,0.008012138168628,113.70881834259995,2434.22212316336,15.288,0.0,3.736713167839949,0.1861939059370251,3.885828029867208e-06,-0.2019020253508235,0.0001265305052804,0.0336469947263273,0.6085358447120423,8.116195496625338,63.29992403059319,9.92549606814637
2.4,31.222052349309728,131.01074580838693,85.68495773776836,0.5342360421872792,0.0013503567521407,5.105674545294422,-0.0033453707158243,-8.176763962690583,126.31563092509812,63.319270345539245,26.81099436350304,61.68522744098279,0.0081197462961429,113.7089393103228,2435.5970677011974,15.288,0.0,3.7407474150559663,0.1862526187094985,3.933463015532176e-06,-0.2025436701797499,0.0001282663372721,0.0337625557373677,0.5342377487433233,8.108503956763197,63.31948245908184,9.639885510498972
2.41,31.222051393720218,131.01074839197975,86.23963329987708,0.4601485106638351,0.0013171711057359,0.809562669041544,-0.0034177753693835,-8.148465062222858,92.07344096205104,63.34244052200375,26.85890498949072,61.56903271947695,0.0082282101603853,113.709061352761,2437.2498533640555,15.288,0.0,3.7447819106431632,0.1863219412959826,3.981006190163085e-06,-0.2031027625587224,0.0001299870326259,0.0338663341583719,0.460150395814545,8.101041697009133,63.3426474227572,8.188582677518784
2.42,31.22205043641961,131.01075098011512,86.79426621278074,0.3862837228372795,0.0012831339357278,0.4189196390278778,-0.0034890728486551,-8.116945794835251,89.02968570019311,63.375066240580544,26.91194166382848,61.452539657153714,0.0083375086466053,113.7091844489858,2439.6310465556367,15.288,0.0,3.748782574042577,0.1864190783430173,4.028429921864012e-06,-0.203576394480342,0.0001316892773046,0.0339609821537777,0.3862858539185234,8.093070243200078,63.37526779478783,8.127749680808721
2.43,31.22204947740345,131.01075357280405,87.34884428635985,0.3128449232012557,0.0012487055477506,1.0772516107673062,-0.003557757227978,-8.077596128848565,94.35625516198084,63.39543432247801,26.95973720139312,61.33579768487064,0.0084476201484789,113.709308577625,2441.069220368466,15.288,0.0,3.752764957976363,0.1864801601794931,4.07570080008684e-06,-0.2039623197977894,0.0001333713567592,0.0340344826961634,0.3128474152402478,8.087323640572983,63.39563046868676,8.149113013778038
2.44,31.22204851667202,131.0107561700446,87.90335272928918,0.239837484299947,0.0012138453280667,-0.1692604156808243,-0.0036238234885403,-8.030749997513356,84.46406530816766,63.40554593345308,27.003187818547417,61.21885765372948,0.008558521948179,113.70943371594616,2441.7177448551474,15.288,0.0,3.756735114947536,0.1865110726407852,4.122785033235451e-06,-0.2042583144142592,0.0001350315475718,0.0340874924533387,0.239840555968846,8.083539339221636,63.40573660383132,8.03253432877656
2.45,31.22204755422124,131.01075877184675,88.4577789172051,0.1672146876855152,0.0011782492894371,-1.6063207560304915,-0.0036882703916468,-7.9797333990561885,73.0500013181566,63.42196821719954,27.050252553026308,61.10177173923452,0.0086701903285297,113.70955983998692,2442.8524529738625,15.288,0.0,3.760665652008397,0.1865605486476908,4.169649062077468e-06,-0.20446207605768,0.0001366678348469,0.0341285144858118,0.1672188387882535,8.079623347778348,63.42215329616512,8.139804978904943
2.46,31.22204659009336,131.0107613780952,89.0120871196319,0.095092405883383,0.0011420499320424,0.0067408173262298,-0.0037505978376801,-7.923287922589439,85.98593843764652,63.439005315069366,27.09819457011736,60.98459332290825,0.0087826017549686,113.70968692582628,2444.03475891928,15.288,0.0,3.764595390175377,0.1866118335667812,4.2162586648612095e-06,-0.2045714079767592,0.0001382780329562,0.0341541157119372,0.0950992635826607,8.076283780352746,63.43918470785318,7.923291677696462
2.47,31.222045624226126,131.01076398895708,89.56629475557169,0.0234911267977237,0.0011052819336187,1.2394063670069708,-0.0038106952113219,-7.861155314712063,95.87812829277556,63.455922797471445,27.14666281096269,60.86737705097468,0.0088957320987814,113.7098149489026,2445.2080878868137,15.288,0.0,3.7684854775015153,0.1866627670609715,4.2625761205453175e-06,-0.2045842018225326,0.0001398608977322,0.0341635388898577,0.0235171147553843,8.073600507648925,63.45609641475157,7.958260208487853
2.48,31.22204465664972,131.01076660434967,90.12037254863112,-0.0475132921377958,0.0010680375373772,1.1385111005748552,-0.0038681337217061,-7.792406557098147,95.11718822806812,63.46854150739912,27.19360944095869,60.750178805136485,0.0090095570057376,113.70994388415085,2446.0503044215693,15.288,0.0,3.772363495869216,0.1867010555221647,4.308565759460917e-06,-0.2044982858631954,0.0001414141455237,0.0341541621448931,0.0475252946629295,8.072084419779667,63.46870927434317,7.875139518744849
2.49,31.222043687390897,131.01076922419983,90.67429328904625,-0.1178862917882099,0.0010304026566291,-1.2493923531140296,-0.0039224614994578,-7.716113724273792,76.09374858278413,63.47261835271311,27.236932835332063,60.633055677387766,0.0091240513689641,113.71007370552574,2446.234201867987,15.288,0.0,3.7762265439164286,0.1867142169639549,4.3541913471753305e-06,-0.2043116445471354,0.0001429354085161,0.0341233638838632,0.1178907948894487,8.072251457624606,63.47278020798392,7.816611007569098
2.5,31.22204271656474,131.01077184819593,91.2279859237162,-0.1875607419527677,0.0009921433489918,-3.637306182506708,-0.0039746501692726,-7.635435720547258,57.07031394300064,63.48397091578788,27.2843848815865,60.51606580552604,0.0092391884225067,113.710204384821,2446.978995524254,15.288,0.0,3.780052481124052,0.1867487808441175,4.39941920123408e-06,-0.2040225155766198,0.0001444214648089,0.0340793539765629,0.1875633660043166,8.072098791154298,63.48412676130069,8.45753455244225
2.51,31.222041744087168,131.01077447656382,91.7814791695248,-0.2565143985061645,0.0009535920423668,0.2686138684201762,-0.0040231877977599,-7.546314135960342,88.2687526322175,63.482832473304974,27.326222466199265,60.39926845396816,0.0093549414801523,113.71033589406204,2446.7609511255355,15.288,0.0,3.7838770822996506,0.1867466001188888,4.444207761535718e-06,-0.2036289480374672,0.0001458711891,0.034011192591916,0.2565161709762359,8.07408690197155,63.48298226319271,7.551094399816664
2.52,31.222040770019863,131.01077710913611,92.3347294611574,-0.3246774830489911,0.0009145374769632,-0.9734186510256108,-0.0040690416194404,-7.451751077263621,78.37656277911502,63.48429853569274,27.36987211791405,60.282723867026405,0.0094712832524081,113.71046820422806,2446.743736104396,15.288,0.0,3.787663705369963,0.1867520805457932,4.488520537955044e-06,-0.2031293750079114,0.0001472819311021,0.0339267290322173,0.3246787710473287,8.076300804123663,63.484442190903685,7.5150618457045155
2.53,31.22203979436328,131.0107797459106,92.88772382114944,-0.3920110026786199,0.0008751159523879,-0.7842155278380007,-0.0041115370722836,-7.350195259112766,79.89843690921948,63.480801021283646,27.41157363688216,60.166493216679264,0.0095881857894423,113.71060128546956,2446.344001999886,15.288,0.0,3.791436184585781,0.1867429590380099,4.532317931426852e-06,-0.2025221574546462,0.0001486516496067,0.0338216485233055,0.3920119794557272,8.07966687265476,63.480938484176,7.39191323311652
2.54,31.222038817169697,131.01078238674515,93.44042409768724,-0.4583857638577111,0.0008352057023289,-0.9759036092653371,-0.0041513678357793,-7.243794128549186,78.3765627802707,63.483215140469206,27.45672958581624,60.050638441391314,0.0097056203109687,113.71073510674388,2446.399988172345,15.288,0.0,3.7951986272990728,0.1867512273022454,4.5755625379347845e-06,-0.2018061075741156,0.0001499776932582,0.0337015562615456,0.4583865247374708,8.082793852323213,63.48334633427413,7.30923788539104
2.55,31.222037838399714,131.01078503174529,93.99283735104596,-0.5238646804265013,0.0007950157482696,-0.1173267786824675,-0.004187423236073,-7.129824368540701,85.22499837146472,63.47807849782813,27.49862562998243,59.93522240021784,0.0098235580029072,113.71086963692971,2445.874123019182,15.288,0.0,3.7989190843648974,0.1867372825406685,4.618212158883624e-06,-0.2009795625145576,0.0001512585124428,0.0335590242353723,0.5238652836669204,8.08734804548458,63.47820337860984,7.130790884168892
2.56,31.2220368580442,131.01078768093458,94.54495587103033,-0.5882962393416522,0.0007544518027338,-2.5962331679696686,-0.0042203111995409,-7.010084963614577,65.4406256619233,63.474566388039925,27.54181936694909,59.8203087044076,0.0099419696153747,113.71100484418469,2445.4735812049994,15.288,0.0,3.802637518777381,0.1867281160058535,4.660226371603069e-06,-0.2000411297268688,0.0001524920803918,0.0333987051054028,0.5882967230923133,8.092146777778057,63.47468489705197,7.475408729332973
2.57,31.22203587614929,131.01079033418765,95.09674558138865,-0.6516710484434652,0.0007135920570784,-2.2128217421259824,-0.0042496236582388,-6.883849497170411,68.48437292375992,63.46899600302119,27.58446516530216,59.70596169359709,0.0100608256130171,113.71114069607763,2444.914587902764,15.288,0.0,3.8063280230084047,0.1867128936421435,4.701565530509708e-06,-0.1989899092727074,0.0001536759722281,0.0332185151191625,0.6516714391248504,8.097624617959339,63.4691080937994,7.230766350907768
2.58,31.22203489271532,131.0107929915028,95.64819489262734,-0.7139338897552541,0.000672466745037,-1.160572068912506,-0.0042752454259935,-6.751095506417591,76.85468964629574,63.46122683396884,27.626474384328866,59.59224631262187,0.0101800960088301,113.71127715953229,2444.18638948371,15.288,0.0,3.809994627573989,0.1866912019609956,4.7421886870322485e-06,-0.1978248611655274,0.0001548081083734,0.033018232805788,0.7139342064430916,8.103768512982075,63.46133246479813,6.850126739092868
2.59,31.22203390773933,131.01079565288703,96.19929396469504,-0.774997750529372,0.0006310889970764,-2.683095419326511,-0.0042972011952018,-6.612116018189996,64.67968559640212,63.452748481611415,27.668579124901143,59.4792280644529,0.0102997504513962,113.7114142008618,2443.403797459921,15.288,0.0,3.813658925640127,0.1866674229782742,4.782054209179232e-06,-0.1965449318533178,0.000155886540468,0.0327984827262324,0.7749980074648255,8.11035738629885,63.452847612839264,7.135761888765189
2.6,31.22203292122749,131.01079831832294,96.75002884454666,-0.8348340209942927,0.0005894931671962,-1.4379571164494822,-0.004315404097464,-6.466932252305357,74.57187544829654,63.44368460245219,27.710843385067204,59.36697287864804,0.0104197581815672,113.71155178569556,2442.5763671171185,15.288,0.0,3.8172798602977935,0.1866419204049282,4.821121106233918e-06,-0.1951494184251157,0.000156909113055,0.0325592290313402,0.8348342291061429,8.11734503898408,63.44377719982236,6.624873738220788
2.61,31.22203193312979,131.01080098794444,97.30041249284488,-0.8932770098943577,0.0005476553947216,0.5714315240567089,-0.004330295657182,-6.316649144398838,90.55156683124268,63.44020568559909,27.756395973821355,59.2555474334912,0.0105400885685151,113.7116898796895,2442.1791740775425,15.288,0.0,3.8208927343158976,0.1866328470140715,4.85934542183414e-06,-0.1936366469334278,0.0001578743585147,0.0323033522149415,0.8932771777607376,8.123915121485105,63.44029171110733,6.342445045215672
2.62,31.22203094336349,131.0108036619737,97.85047333529984,-0.9503841145463544,0.0005056881324086,-3.047742576006182,-0.0043411218276364,-6.159640875704893,61.635938333987326,63.43386697713581,27.80092069812253,59.14501943130772,0.0106607114303426,113.71182844886404,2441.561954155049,15.288,0.0,3.824495922555,0.1866153596485162,4.896682084038202e-06,-0.1920048788625512,0.0001587807089268,0.032026237801694,0.9503842490697628,8.131098661430054,63.4339464104419,6.87240346404328
2.63,31.22202995209493,131.01080633996165,98.40012294602896,-1.0062043726033807,0.00046367049073,-2.085419504953672,-0.0043472580870159,-5.995060934365771,69.24531398985869,63.4190275793292,27.841512257836424,59.03545664343837,0.0107815958829127,113.71196745786249,2440.2906992754897,15.288,0.0,3.82805802683116,0.1865728629700889,4.9330942843089615e-06,-0.1902557317548691,0.000159624980007,0.0317253800610878,1.006204479425062,8.139575911058682,63.41910041251957,6.347420658586658
2.64,31.22202895928065,131.01080902202455,98.94937178897992,-1.0605531099713104,0.0004215731048451,-2.457983974101829,-0.0043492203465385,-5.824267510485854,66.20156672372235,63.40290945788605,27.88183537539891,58.92692652968779,0.0109027100851514,113.71210687029269,2438.921553303956,15.288,0.0,3.83161750549652,0.1865266030165614,4.968539277746909e-06,-0.188388328462501,0.0001604054303459,0.0314043446522466,1.0605531937498365,8.148394362348744,63.4029756784345,6.321692508051949
2.65,31.22202796494896,131.01081170808527,99.49819705914469,-1.1132693156092146,0.0003793925455441,-3.211572824124098,-0.0043474811869464,-5.64850683945992,60.11406420199117,63.3922797744511,27.925384068050857,58.81949677713841,0.0110240220352343,113.71224664925548,2437.9750946551026,15.288,0.0,3.835155970976524,0.1864964882757726,5.002976282206408e-06,-0.1864027445811579,0.0001611199915061,0.0310664976397089,1.113269380247939,8.156658937805112,63.39233936929279,6.497680233796566
2.66,31.222026969070114,131.01081439822337,100.04660329946353,-1.164476114113081,0.0003372339319476,-3.200424480293265,-0.0043411215492781,-5.465999458913196,60.11406420131667,63.37692409471058,27.96687065148024,58.71323533421536,0.0111454996209885,113.712386757584,2436.665546691745,15.288,0.0,3.838664658710432,0.1864524685860335,5.036362426612282e-06,-0.1842984791943002,0.0001617668613444,0.0307067331289693,1.164476162938032,8.165628470339147,63.376977067292735,6.334026032803787
2.67,31.222025971666326,131.01081709237812,100.594571191857,-1.2139915133121613,0.0002950997961948,-2.0428329148040425,-0.0043305479668109,-5.277875391575732,69.24531398875841,63.36277334672601,28.009346078824965,58.60821001646672,0.0112671103655076,113.71252715738784,2435.449143419161,15.288,0.0,3.842170550813828,0.1864119923185532,5.068657128368823e-06,-0.1820758791018078,0.0001623440433786,0.0303280439547059,1.213991549173554,8.174508418714153,63.3628197008936,5.659430512026202
2.68,31.222024972774104,131.0108197904505,101.14207538202903,-1.2618961272810412,0.0002530608212408,-2.220279626020029,-0.0043151657807494,-5.083210415598527,67.72343985824304,63.34366029895315,28.04959188227716,58.50448855417399,0.011388821547116,113.71266781024444,2433.851864031649,15.288,0.0,3.8456470108281513,0.1863569155040915,5.099820399982022e-06,-0.1797359762932919,0.0001628495358591,0.0299276832746306,1.2618961526516608,8.184048185874572,63.34370004965399,5.546953070616761
2.69,31.22202397228035,131.0108224927446,101.68915912072184,-1.3079015463141086,0.0002111051918857,-1.919644299225252,-0.004295911726673,-4.883889363228249,70.00625405259574,63.331421178887766,28.093766981236875,58.40213836854883,0.011510600093738,113.7128086773034,2432.7833611397627,15.288,0.0,3.849102593220608,0.1863220603352645,5.129807738593504e-06,-0.1772764630047679,0.000163281926495,0.0295108948780431,1.3079015633480422,8.192700645332621,63.33145433921376,5.247611647469695
2.7,31.22202297021045,131.01082519919137,102.23580272614036,-1.3521027486846653,0.0001693113114518,-2.954464875660124,-0.0042719954480829,-4.678596872949661,61.635938331148765,63.3175250838477,28.137403439951665,58.30122810259681,0.011632413510047,113.7129497199709,2431.587979576253,15.288,0.0,3.85255541782972,0.1862823289381863,5.1585782787428574e-06,-0.1746981083704776,0.0001636392751826,0.0290737704496333,1.3521027592835568,8.201511652549865,63.31755167920631,5.5333669362359155
2.71,31.22202196662315,131.01082790963187,102.7819717513817,-1.3946224624165764,0.0001277374230664,-3.3196541623307207,-0.0042427611399919,-4.466412282623032,58.59218706674122,63.294941831160585,28.17678930720633,58.20182538779336,0.0117542285915093,113.713090898544,2429.7260607242097,15.288,0.0,3.855973046017064,0.1862170379844484,5.1860935397542165e-06,-0.1720030057165185,0.0001639196209965,0.0286135301116655,1.394622468265196,8.211346789819803,63.29496189610808,5.564976229676786
2.72,31.22202096158064,131.0108306238979,103.32763070208166,-1.4352370832475114,8.640262532254775e-05,-4.638634951866898,-0.0042087511711111,-4.248792044568698,47.93906414673634,63.270985128593935,28.21573912437439,58.103996310792375,0.0118760113479952,113.71323217216067,2427.7596651067315,15.288,0.0,3.859375718064396,0.1861477043714399,5.2123175943462486e-06,-0.1691941280852413,0.0001641211555518,0.0281341293569909,1.4352370858478238,8.22123182685971,63.27099870068658,6.29040426111533
2.73,31.22201995515266,131.01083334180095,103.87274122046588,-1.473862328370402,4.534923504939141e-05,-4.237966033417816,-0.0041699948863,-4.026122220747699,50.982815411735935,63.246617273556126,28.25474437694186,58.00780528375671,0.0119977271397219,113.713373498953,2425.762753012604,15.288,0.0,3.862775032463405,0.1860771591091909,5.237214792800517e-06,-0.1662742668801382,0.0001642423148979,0.0276365075866544,1.4738623290677817,8.231004577933449,63.24662439699731,5.845513974464424
2.74,31.22201894727265,131.0108360635199,104.41732663057878,-1.5105008454074336,4.622009676782603e-06,-2.594786761749325,-0.004126378133749,-3.798296192325153,63.918752526855165,63.22091249017962,28.2933046554178,57.91331594064676,0.0121193411329008,113.7135148367887,2423.664377572527,15.288,0.0,3.866135438938113,0.1860026784941264,5.260746181783436e-06,-0.1632433211305448,0.0001642816929028,0.0271202844070085,1.5105008454144753,8.24075342970577,63.2209132162032,4.59999884028005
2.75,31.22201793797274,131.01083878896756,104.96136628002246,-1.5449929597236067,-3.5734508279549404e-05,-2.956037451812447,-0.0040781576286996,-3.566064232551609,60.87500126416428,63.19751374139053,28.33333589407588,57.820591243146815,0.0122408183868588,113.71365614304504,2421.743874680235,15.288,0.0,3.869484768633919,0.1859349804634715,5.282876784624387e-06,-0.160103713839829,0.0001642379049232,0.0265874521348513,1.5449929601366768,8.249970300113919,63.19750812822709,4.631952952974735
2.76,31.222016927201068,131.01084151828317,105.50487731736732,-1.5773350717015646,-7.567473061361574e-05,-3.411897528179077,-0.0040251219425758,-3.3291562538885104,57.07031393551561,63.17437207608912,28.3737337259458,57.72969349536957,0.0123621238227949,113.71379737483228,2419.8440464224354,15.288,0.0,3.872830840320991,0.1858680368725051,5.303568908799873e-06,-0.1568553585664906,0.0001641095304126,0.0260371174103964,1.5773350735164402,8.258883358325281,63.17436018913023,4.767005591270701
2.77,31.222015915018904,131.01084425130122,106.04782697405024,-1.6076574756767312,-0.0001151589184,-3.675631645481343,-0.0039667682310386,-3.0870124818380367,54.787502739389765,63.14545599647785,28.41126881490093,57.64068428504567,0.0124832222209944,113.71393848871558,2417.5030254137614,15.288,0.0,3.8761369853288175,0.185784102029487,5.322789698529988e-06,-0.1535020578048324,0.0001638954053653,0.0254674945751173,1.607657479800212,8.268243365181553,63.14543790735725,4.799992686612962
2.78,31.222014901494,131.0108469878388,106.59018011010563,-1.6359183205938257,-0.0001541512921314,-6.135050791628665,-0.003903034485187,-2.83995844972486,35.003127028307844,63.109875470860736,28.445423433175407,57.55362233839281,0.0126040777690483,113.71407944033244,2414.653388347057,15.288,0.0,3.8794334299632935,0.1856805569166685,5.340509718456326e-06,-0.1500490439176492,0.0001635946935832,0.0248792798956553,1.6359183278546203,8.278132153435944,63.10985125683239,6.760490177916489
2.79,31.22201388693007,131.01084972707733,107.13179838438472,-1.6622430570179916,-0.0001926285133632,-5.059175390456455,-0.0038334983788604,-2.588107931177744,43.37343975468588,63.06090898971038,28.47255596693304,57.46856170401831,0.0127246539458283,113.7142201839357,2410.782162780992,15.288,0.0,3.88272551431816,0.1855376248791611,5.356711093057309e-06,-0.1465102962481866,0.0001632079437229,0.0242724149160592,1.6622430681761624,8.289392639609721,63.06087873169425,5.682743438739355
2.8,31.22201287122878,131.01085246928145,107.67272087742175,-1.68607380099164,-0.0002304906276094,-5.893241749729773,-0.0037598522110373,-2.3343314226888987,36.525001161149824,63.01992315819262,28.50412908094753,57.3855503014043,0.0128449135363685,113.7143606733148,2407.524125143887,15.288,0.0,3.885978211346939,0.1854181704274963,5.3713671166576e-06,-0.1428863282472046,0.0001627344352529,0.0236554139777708,1.686073816741313,8.299237266022775,63.0198869528095,6.338723503056389
2.81,31.2220118543648,131.01085521451893,108.21295497172405,-1.7077021550751057,-0.0002677358639614,-3.765164590174891,-0.0036810905377312,-2.0771086431094816,53.265625602936126,62.97385190914613,28.53308587306898,57.30463713968638,0.0129648198224907,113.71450086255535,2403.8803508003043,15.288,0.0,3.8892199407040287,0.1852837505955802,5.384450857419318e-06,-0.1391789671546189,0.0001621736236925,0.0230236034382919,1.707702176056746,8.309332512031162,62.97380985329496,4.300099796145958
2.82,31.222010836365104,131.01085796271684,108.7524854425548,-1.7267849234754704,-0.0003042721923456,-4.980060730612984,-0.0035981235272184,-1.818143709884097,43.3734397523079,62.9340143842697,28.565522769972123,57.22586858344586,0.0130843360463784,113.71464070543452,2400.715249492404,15.288,0.0,3.8924574442983246,0.1851676688367644,5.39594073589454e-06,-0.135392787103338,0.0001615254118726,0.0223819459423283,1.72678495027467,8.31818111012233,62.93396658930549,5.301571877931822
2.83,31.22200981731797,131.01086071363716,109.29127091168446,-1.7437478134576008,-0.0003401234861751,-3.041458675541885,-0.0035098523724251,-1.556064263279147,58.59218706620188,62.88449851408049,28.59282469124292,57.14928808206992,0.013203425431441,113.7147801554422,2396.8147361410283,15.288,0.0,3.8956593211715504,0.1850231078147202,5.405819201527438e-06,-0.1315358470235829,0.0001607905661898,0.0217261157016723,1.743747846618452,8.327841296123658,62.88444508760822,3.4164044235931947
2.84,31.22200879715918,131.01086346745265,109.8293365592406,-1.7580990655623832,-0.0003751662095288,-4.637318825900679,-0.0034175275511591,-1.2928840811496505,45.6562499505332,62.84183326448812,28.623923081143364,57.074935434019565,0.0133220511929159,113.71491916610388,2393.439564008282,15.288,0.0,3.8988468932563567,0.1848987000243619,5.41406626952792e-06,-0.1276091449416159,0.0001599685627072,0.0210621410214964,1.7580991055787198,8.336135359087693,62.84177433351774,4.814175611653317
2.85,31.22200777583313,131.0108662243127,110.36670401289216,-1.769969526658346,-0.0004093835525536,-5.85068913113699,-0.0033207297252222,-1.0280585753157438,35.76406409430929,62.800150852071454,28.65562324585613,57.002850010239605,0.0134401766579975,113.7150576909093,2390.141912469462,15.288,0.0,3.9020302632980575,0.184777181074763,5.42066262784224e-06,-0.1236148722941069,0.0001590590668737,0.0203882909763553,1.7699695739872796,8.343810993441382,62.8000865462534,5.940326486880216
2.86,31.22200675341415,131.0108689840171,110.90333921487463,-1.7794869717936608,-0.000442759632,-4.3883205183153216,-0.0032192261739639,-0.761523740291579,47.17812708140805,62.75476082131268,28.6853614950032,56.93306931273813,0.0135577651528377,113.71519568301484,2386.564858187546,15.288,0.0,3.9051843876832897,0.1846447501171022,5.425594327062214e-06,-0.1195597867173545,0.00015806290579,0.0197041993352284,1.7794870268580452,8.351473610157058,62.75469127279232,4.453906795377749
2.87,31.22200572982473,131.01087174677423,111.43927374015406,-1.7864095642189053,-0.0004751994512956,-4.26330005177383,-0.0031135799789538,-0.4941789593103472,47.93906414598076,62.71340198008295,28.717338429912672,56.86562727535243,0.0136747800096605,113.71533309565704,2383.297207884365,15.288,0.0,3.9083188068214736,0.1845241772290355,5.428845950154385e-06,-0.1154453265690829,0.0001569796205966,0.0190125906801821,1.7864096274017671,8.358095854917206,62.713327335927694,4.291846906596283
2.88,31.22200470501279,131.01087451272414,111.97452847775264,-1.7907850672305388,-0.0005066771318674,-6.144596542952689,-0.003003604774496,-0.2258343382217979,32.72031283152717,62.6734078080076,28.750082503981965,56.80055770817651,0.0137911844050908,113.71546988172364,2380.135765987663,15.288,0.0,3.9114492680047768,0.18440761681436,5.430402044543406e-06,-0.1112728989347551,0.000155808657056,0.0183128071277076,1.7907851388856495,8.364016056590446,62.67332821934984,6.148745957154828
2.89,31.222003679033552,131.01087728171808,112.50907867118168,-1.7926372359801035,-0.0005371524863969,-4.490201305597314,-0.0028893511483755,0.0431508212049472,45.6562499486834,62.63376861127026,28.783035131653737,56.73789180657592,0.0139069414156006,113.71560599371142,2377.0036847063334,15.288,0.0,3.914559097073136,0.1842920979981346,5.430254007474145e-06,-0.1070501566379512,0.0001545512874325,0.0176057980729623,1.7926373164308922,8.3693629016524,62.63368423555501,4.490409570017921
2.9,31.222002651881635,131.01088005377042,113.042925879422,-1.7921348061986326,-0.0005666371462586,-5.033109037803294,-0.0027704974059381,0.3130295259516499,41.090625555050096,62.58836794896225,28.812821507346968,56.677657935382,0.0140220139944222,113.715741383946,2373.436997053173,15.288,0.0,3.917641521957681,0.1841596238276084,5.428392360197991e-06,-0.1027813012180503,0.0001532079097331,0.0168906082910937,1.792134895749018,8.374941831615033,62.58827894180745,5.0428346935221455
2.91,31.222001623640995,131.010882828655,113.57603393280536,-1.789129827089562,-0.0005950562892125,-4.237968487578248,-0.0026475087700768,0.5828008891056435,47.17812707951601,62.5413744013924,28.84170250121885,56.61987970044908,0.0141363652405857,113.71587600470356,2369.7526209386806,15.288,0.0,3.9207196907419175,0.1840224596022437,5.424815390969642e-06,-0.0984759812250906,0.0001517807717099,0.0161701111844358,1.7891299260137776,8.380200243515224,62.54128093016907,4.2778546945111735
2.92,31.222000594301942,131.01088560639784,114.10840692295764,-1.7835514940010944,-0.0006223461728121,-4.971842737934754,-0.002520630513319,0.8519837029123989,41.09062555313811,62.49531599034788,28.87105357104601,56.5645766562584,0.0142499583337197,113.71600980840536,2366.142268488464,15.288,0.0,3.923787842291216,0.1838880437743154,5.419520360561874e-06,-0.0941386921570383,0.0001502705660714,0.0154457372946689,1.783551602545578,8.384808435070417,62.49521823243966,5.0443139071989815
2.93,31.22199956397073,131.0108883867129,114.64000018032056,-1.7756166075105386,-0.0006485335931863,-6.087830161301468,-0.0023896936900952,1.1204217353187524,31.95937576639485,62.44320751501852,28.897017154652943,56.51176466030631,0.0143627565419402,113.71614274734628,2362.077284773104,15.288,0.0,3.926818154543803,0.1837358227214283,5.412511652404271e-06,-0.0897806889383797,0.0001486805737611,0.0147176656135205,1.775616725909121,8.389701658900867,62.44310564359993,6.190074849988687
2.94,31.22199853268849,131.0108911694894,115.1707970344868,-1.7652046314954106,-0.0006735517778781,-6.057001617065547,-0.0022551119566277,1.387304591193306,31.959375764299384,62.38850582898184,28.92146733833819,56.46145307099047,0.0144747237656995,113.7162747746142,2357.820167664835,15.288,0.0,3.9298439054222407,0.1835759677610466,5.403796349220082e-06,-0.0854102882580467,0.0001470132567721,0.0139882497936039,1.765204759958877,8.39442809721752,62.38840002771598,6.213846449938283
2.95,31.22199750044364,131.01089395475864,115.70080345180244,-1.7521639417962351,-0.0006973042527358,-5.548603357536408,-0.0021173156420216,1.6519845430773892,35.76406409142815,62.336942311208254,28.9475550325692,56.413647689745005,0.0145858240543665,113.71640584351144,2353.8042666314445,15.288,0.0,3.9328651709554703,0.1834253432529737,5.393381521797899e-06,-0.0810319938246301,0.000145269721397,0.013259540460166,1.7521640805052063,8.398239898901943,62.33683277891237,5.78930536704158
2.96,31.22199646722835,131.0108967425417,116.23002413430976,-1.736528184297584,-0.0007197477972115,-5.805211650967102,-0.0019764323890262,1.9141795020287573,33.48124989822239,62.28869189414616,28.975378006924828,56.36835174778582,0.014696021372304,113.71653590720804,2350.0421545514805,15.288,0.0,3.935850592643016,0.1832844641155881,5.381276693289091e-06,-0.0766514912216305,0.000143451597953,0.0125323971280328,1.736528333410725,8.401132296880494,62.28857883642656,6.112656491640622
2.97,31.22199543302134,131.01089953289588,116.75846971874616,-1.7185643701162827,-0.0007409612742918,-6.061853010303285,-0.0018320723254237,2.1741716610029,31.19843769831812,62.234069797971216,28.99954844216738,56.32556543196689,0.0148052796623037,113.71666491885344,2345.8030504709955,15.288,0.0,3.9388245416918286,0.1831248329165129,5.367492568750912e-06,-0.0722737329337588,0.0001415602698951,0.0118056778639173,1.7185645298015295,8.404407904079193,62.233953408046425,6.439960223985867
2.98,31.221994397921183,131.010902325556,117.28610080770106,-1.6981309121916048,-0.0007608504333249,-6.987975307241848,-0.0016848361095992,2.4309313182042565,23.589064040646782,62.17852730607692,29.023067674863004,56.2852841006637,0.0149135633167079,113.71679283196713,2341.4988472013183,15.288,0.0,3.941793905929541,0.1829624898341386,5.352048334468039e-06,-0.0679103260280276,0.0001396001402349,0.0110824665752957,1.6981310825917697,8.407361727968118,62.178407791970336,7.398731567445922
2.99,31.22199336203608,131.01090512023092,117.81287442483008,-1.6753871103103355,-0.0007794406383899,-5.429056571309265,-0.0015348526806998,2.683973036295624,35.76406409072257,62.11747192680325,29.04337429818929,56.24749652746166,0.0150208377355462,113.7169196012789,2336.7842084048384,15.288,0.0,3.944742872825228,0.182783921087789,5.334967636495436e-06,-0.0635733921267981,0.0001375762173122,0.0103639979798347,1.6753872915684411,8.410633436511294,62.11734949255408,6.056266908732723
3.0,31.22199232540797,131.01090791680787,118.33877574082848,-1.6501884461882903,-0.0007966238709831,-6.54724625742228,-0.0013826983186969,2.9324719572582194,26.63281330541912,62.057493522388285,29.064115123516284,56.21218518351228,0.0151270694078866,113.71704518295098,2332.155696941909,15.288,0.0,3.9476648127766047,0.1826085174928236,5.316276697475484e-06,-0.0592716156476299,0.0001354922323377,0.0096528859257252,1.6501886384190745,8.413372084051671,62.05736838900325,7.173968723606937
3.01,31.221991287966816,131.01091071547555,118.86383705117336,-1.6225244516550203,-0.0008123603756564,-5.563104122293994,-0.001228490653101,3.17626894767977,34.24218696007312,61.9997968085012,29.085941897060994,56.17932874700379,0.0152322251995064,113.71716953380188,2327.703514877488,15.288,0.0,3.9505820508896416,0.1824398241586851,5.296000189517626e-06,-0.0550077888356661,0.000133349100754,0.0089497042099156,1.622524654965782,8.415441757886935,61.9996692032318,6.405998237017277
3.02,31.221990249698845,131.01091351627136,119.388067382559,-1.592647687742802,-0.0008267342906702,-5.535265299608724,-0.0010720425588376,3.4154118421240804,34.24218695837674,61.936115651680765,29.10423798959857,56.14890507991833,0.0153362712525913,113.71729260975827,2322.8070986663865,15.288,0.0,3.953494706435437,0.1822535172634781,5.274164503645126e-06,-0.050786970597057,0.0001311488517119,0.0082540783295829,1.592647902264074,8.417980392972725,61.93598578856207,6.504167981967341
3.03,31.22198921073323,131.01091631884773,119.91141639494288,-1.5603069521519943,-0.0008395562583981,-7.802845125128296,-0.0009142636122786,3.6487158790991296,15.979688387736632,61.87876120215792,29.12586119159768,56.12088525488814,0.0154391751895267,113.71741436839191,2318.3903336993567,15.288,0.0,3.9563676049201697,0.1820858234608664,5.2508069961326735e-06,-0.0466226828863497,0.0001288981028101,0.0075698854201117,1.560307177966483,8.419376432382178,61.87862932496924,8.613798259130899
3.04,31.22198817104997,131.01091912325876,120.43389627479102,-1.5258898508047565,-0.000851002819327,-6.7248668134318335,-0.000754817716753,3.876310558448677,24.35000010511094,61.813320258646655,29.142754364673376,56.0952356389386,0.0155409054101157,113.71753476850012,2313.3728672826014,15.288,0.0,3.959233490856767,0.1818943302530662,5.225962434805664e-06,-0.0425211906960721,0.0001265999189288,0.0068962989697641,1.5258900880547737,8.421594205000103,61.81318658343639,7.762062726729751
3.05,31.221987130649712,131.01092192950293,120.9555108486891,-1.489106560442046,-0.0008608738428348,-6.795159281454086,-0.0005943518737149,4.097543958113408,23.589064040145303,61.753316250722925,29.16244683013932,56.07191875092397,0.0156414308014135,113.71765376952924,2308.7677990138013,15.288,0.0,3.9620946368890975,0.1817188320471637,5.199668621000006e-06,-0.0384876353557715,0.0001242567454553,0.0062357443079669,1.4891068092278137,8.422855017456794,61.75318102497592,7.934989382617815
3.06,31.221986089573225,131.01092473747084,121.4762475157874,-1.4502569926670317,-0.0008692843113065,-8.300249672529846,-0.000432849214205,4.3121998249353215,11.414062989657848,61.68913742169799,29.17956790037472,56.05089358157314,0.015740720613724,113.71777133140743,2303.8559020550265,15.288,0.0,3.964936702440093,0.1815310448352156,5.171967210165005e-06,-0.0345309577749035,0.0001218733595856,0.0055885911250056,1.4502572531358189,8.424491155913957,61.68900087483768,9.353566813994673
3.07,31.22198504791612,131.0109275469055,121.99607117707671,-1.4093940684876638,-0.0008762191799592,-6.842271468916552,-0.0002707548829847,4.519620557256409,22.828124973290755,61.6209720929804,29.1942117084489,56.03211302263177,0.0158387457772438,113.71788741611924,2298.652252253336,15.288,0.0,3.967751691513509,0.1813315225055062,5.1429062195881485e-06,-0.0306627111755867,0.0001194564676166,0.0049568112270993,1.4093943408050371,8.426520037112294,61.620834456793474,8.200222491446949
3.08,31.2219840057062,131.01093035773232,122.51497515162806,-1.3665156762305717,-0.0008816454371385,-8.062224512681722,-0.0001084062021577,4.719379446511973,12.935938119230494,61.55069584136916,29.207407174497625,56.01552464812557,0.0159354753949581,113.71800198142012,2293.297641454777,15.288,0.0,3.9705617300013167,0.1811257841201567,5.112534456475104e-06,-0.0268900495040274,0.0001170103535842,0.0043417634373244,1.3665159605858497,8.42872877219973,61.55055735282775,9.341948750919029
3.09,31.22198296296437,131.01093316989548,123.03295585953929,-1.32159936715712,-0.0008854989515591,-7.562283769817913,5.382340929763529e-05,4.911069242424371,16.74062444709442,61.48232330717098,29.221388993124,56.001071458624935,0.0160308905827836,113.7181150069729,2288.091433923783,15.288,0.0,3.973366757575356,0.1809256435559755,5.0809039000402375e-06,-0.0232202743619881,0.0001145395561675,0.0037448769293874,1.3215996637558425,8.430617745441845,61.48218421332093,9.01702483760775
3.1,31.221981919705783,131.01093598335444,123.55001231999204,-1.2747352069259257,-0.0008877683273927,-5.437991671617408,0.000215688792853,5.094418176633177,33.48124989417879,61.41617453872494,29.23633648696461,55.98869299959819,0.0161249614431694,113.7182264513638,2283.05692827292,15.288,0.0,3.976139367151324,0.1807320427357051,5.048068183147086e-06,-0.0196598743676211,0.0001120482869625,0.003167100283836,1.2747355160103695,8.432188369446289,61.416035088402175,7.451499850735585
3.11,31.221980875810058,131.01093879843367,124.0661999018036,-1.2259627892929923,-0.0008884354149926,-7.426333648171965,0.0003772178595214,5.269530466016736,17.501563513783047,61.353451959362665,29.25290885378461,55.97832649372289,0.0162176611592588,113.71833627926684,2278.282851340961,15.288,0.0,3.978898983507269,0.180548520337137,5.014077539552953e-06,-0.0162086172793563,0.0001095360277421,0.0026083250018352,1.2259631111612546,8.433316592002607,61.35331240425403,9.105953158705738
3.12,31.22197983137333,131.01094161487478,124.58148444236762,-1.1754860825068376,-0.0008875951825989,-8.459479165008931,0.0005381333597878,5.4359411276466165,9.131249795289026,61.28751804702053,29.267381249965087,55.969907198594925,0.0163089685907206,113.71844446601776,2273.2759658459604,15.288,0.0,3.9816538322158936,0.1803555437203001,4.978990178635142e-06,-0.0128763503544169,0.0001070094851479,0.002069760093557,1.175486417566072,8.434942716646548,61.28737862389528,10.055458417001569
3.13,31.221978786474622,131.01094443246555,125.09583909338228,-1.1235181229451543,-0.000885358022841,-8.441422285736682,0.0006980571966493,5.593095848012075,9.131249789799783,61.21082006962156,29.27551737981649,55.96336443478549,0.0163988528783202,113.71855096708867,2267.477482547971,15.288,0.0,3.984401539701961,0.1801308865299413,4.9428685730964965e-06,-0.0096733658525896,0.0001044761922281,0.0015528857200265,1.1235184717414783,8.438137296918866,61.21068099790855,10.126220018272646
3.14,31.221977741147857,131.01094725111503,125.60925584116173,-1.0697456331715147,-0.000881401931844,-6.703783295188996,0.0008564430097981,5.740763456395551,22.828124974320747,61.14595144404573,29.28996701948665,55.958621721310976,0.0164873007363666,113.71865576937016,2262.562240616108,15.288,0.0,3.9871113539172978,0.1799410363809736,4.905777326207309e-06,-0.0066057768338805,0.0001019408125865,0.0010592630508444,1.0697459962388145,8.439876542380244,61.14581299375404,8.825932033764834
3.15,31.221976695298977,131.0109500710769,126.1217798150996,-1.014493842090325,-0.0008759416239666,-7.070797125259926,0.0010134557899663,5.8789675192975,19.78437571123297,61.078778416477206,29.302801689169254,55.95560191162695,0.0165742862627037,113.71875883691268,2257.482419018916,15.288,0.0,3.989816482750407,0.1797444007568513,4.867775767357595e-06,-0.0036744299267715,9.940376186086688e-05,0.0005885333826181,1.0144942202067793,8.442117166072864,61.07864082388867,9.19556589376813
3.16,31.22197564900039,131.0109528921566,126.6333873722704,-0.9578459419803464,-0.0008689866671732,-7.9169416825288605,0.0011686996426376,6.00730704020327,12.935938121950784,61.009254162426416,29.31398863813632,55.95422474250454,0.0166597921702705,113.71886014923128,2252.2351508285915,15.288,0.0,3.9925167957440286,0.1795408417001927,4.8289312822041496e-06,-0.0008875628434943,9.687169705800912e-05,0.000141992114728,0.9578463361290912,8.444906395658855,61.00911766231994,9.93809362230491
3.17,31.22197460230408,131.0109557142148,127.14406348498872,-0.8999261916277309,-0.000860577992692,-7.138311694033004,0.0013218121805356,6.125432345100019,19.023437646140785,60.935270438353164,29.322344574315373,55.9544056753828,0.0167437996782684,113.71895968171415,2246.66559284399,15.288,0.0,3.995202759456729,0.1793241547946304,4.789313224210123e-06,0.0017476417016012,9.435083546074944e-05,-0.0002792345727735,0.899926603069131,8.448572878317956,60.93513525907819,9.40619035543898
3.18,31.221973555199423,131.01095853728052,127.65381914694224,-0.8407101068877053,-0.0008506085865261,-7.604107196160258,0.0014725830299315,6.2333099269710335,15.218750315058047,60.86542338108153,29.33268275040952,55.95605634952329,0.0168262922481598,113.71905741276652,2241.408058261247,15.288,0.0,3.997858959880688,0.1791196372408884,4.748991113934288e-06,0.0042272120270281,9.184467059612364e-05,-0.0006746078821291,0.8407105371684624,8.451980493058185,60.86528976779721,9.832426000986361
3.19,31.22197250771705,131.01096136127177,128.16264839186303,-0.7803362950418403,-0.0008391536984293,-8.549151318577566,0.0016207667221585,6.330700658267214,7.609375658349378,60.79585445007181,29.34283050910388,55.959086398063526,0.0169072576500911,113.71915332861457,2236.177595561808,15.288,0.0,4.000510357717121,0.17891593395659,4.708036227767974e-06,0.006545966816411,8.93580753137823e-05,-0.0010434057428167,0.7803367462156028,8.45568814729374,60.7957226361171,10.637939730953839
3.2,31.22197145986992,131.01096418615427,128.6705526789197,-0.7189380435979082,-0.0008262721929103,-6.626131342602124,0.0017660831733919,6.417380098471924,22.828124967330115,60.72374263037716,29.3512047662814,55.963402575142496,0.0169866745007672,113.71924739730304,2230.766856672194,15.288,0.0,4.003156917590986,0.178704742961141,4.666521406345406e-06,0.0086988911716327,8.689603935778888e-05,-0.0013848624766687,0.7189385183879919,8.46011559259089,60.723612839844606,9.224336670825037
3.21,31.22197041168972,131.01096701184306,129.17752576058797,-0.656597254671028,-0.0008119578082651,-8.6251008607578,0.0019082684041019,6.493220142262003,6.848437594563942,60.65113626808673,29.358953402885977,55.968908649478585,0.0170645417242088,113.71933962395607,2225.3268411665285,15.288,0.0,4.005785167345373,0.178492092260103,4.624520847374391e-06,0.0106813429645881,8.446348131516194e-05,-0.0016983524522071,0.6565977566882952,8.465013816058077,60.65100872605246,10.796030581450307
3.22,31.22196936325144,131.01096983813704,129.68354360260193,-0.5934315368873104,-0.0007962487148278,-5.9388472658307645,0.002046928693927,6.557977303698376,28.15468843280438,60.57707673369801,29.365539139931148,55.97550524019834,0.0171408392061075,113.71942997598237,2219.7874307872607,15.288,0.0,4.008388284361346,0.1782751605901833,4.582113063411804e-06,0.0124873554103472,8.206751976334598e-05,-0.0019829905600502,0.5934320710588697,8.470543138394847,60.57695165924236,8.847427725198191
3.23,31.2219683144576,131.0109726652989,130.18865358314764,-0.5294642934443978,-0.0007790857433465,-6.983607028700706,0.002182179027066,6.611873910136224,19.7843757101158,60.50841002922413,29.37478511874135,55.98309112583341,0.0172155665467299,113.71951845756224,2214.6501276809777,15.288,0.0,4.010986718707046,0.1780740955203755,4.539370833261879e-06,0.0141167085190424,7.970800963977662e-05,-0.0022390816463448,0.5294648666240225,8.475782864230593,60.50828765072174,9.617049885321553
3.24,31.22196726536056,131.01097549318834,130.69284111786635,-0.4648609903054274,-0.0007605732143462,-7.168554443377582,0.0023136720158571,6.654664965500992,18.26250058128455,60.439590355717975,29.383585628941027,55.99156403360432,0.0172887122077452,113.71960505169132,2209.508033684555,15.288,0.0,4.013580422405906,0.1778725761175841,4.4963719429289935e-06,0.015564827190836,7.73907553484784e-05,-0.0024658432977475,0.4648616124904952,8.48151778230887,60.43947088515685,9.781244499746082
3.25,31.22196621598248,131.01097832174625,131.1961041544529,-0.3997876094748123,-0.0007408307210559,-7.258424764870392,0.0024410330980344,6.686116237640957,17.50156351152842,60.36343656881643,29.38792838581665,56.00081918502833,0.0173602759406812,113.71968976103604,2203.836796170898,15.288,0.0,4.016154885684363,0.1776494682832442,4.4531944225390885e-06,0.0168280969823518,7.512078188077199e-05,-0.0026624874994753,0.3997882958649164,8.488762229251614,60.36332019939889,9.868580767728076
3.26,31.22196516641463,131.01098115072747,131.69841201552973,-0.3342880509583558,-0.0007197900743897,-6.392752920599282,0.0025639934184763,6.706269538803441,24.35000010368152,60.28812496574256,29.39238787752475,56.010749538813165,0.0174302491448684,113.71977257038704,2198.2347342106154,15.288,0.0,4.018705964638193,0.1774288345564884,4.409919904631672e-06,0.017902293046534,7.290526550003414e-05,-0.0028287726785311,0.3342888258753935,8.496402320977664,60.28801190138207,9.265060582909095
3.27,31.22196411664681,131.01098398016003,132.19977610020933,-0.2684638196305439,-0.0006975020702875,-6.67560136277323,0.0026824195373716,6.715132471940644,22.06718790678714,60.21280410526733,29.396482614660183,56.021246318250334,0.0174986401524535,113.7198534949282,2192.6395931204565,15.288,0.0,4.021252265619163,0.1772081691912253,4.366626853609752e-06,0.0187858478092793,7.074708130285512e-05,-0.0029645330532939,0.268464725721797,8.504567167236893,60.21269454189834,9.46872033939888
3.28,31.22196306668667,131.01098681002384,132.70020039014952,-0.202416478925342,-0.0006739782998753,-7.437565662606041,0.0027961868235006,6.712770966854353,15.979688382530238,60.14005614263738,29.40165621481876,56.03219974827747,0.0175654424432886,113.71993252083068,2187.239189395164,15.288,0.0,4.023793786597767,0.1769950716087245,4.3233947693694215e-06,0.0194767826005666,6.86501824889176e-05,-0.0030697058663287,0.20241760097832,8.512905304514305,60.1399502743736,10.018916351466357
3.29,31.22196201659033,131.01098964016845,133.1996687725493,-0.1362911238450175,-0.0006493378673448,-7.817487603737802,0.0029048807202395,6.699052223414731,12.935938119839436,60.06303617261932,29.40408896335672,56.04349894437104,0.017630664639272,113.72000966135354,2181.5355650207084,15.288,0.0,4.0263179935645725,0.1767693969135838,4.280304393473094e-06,0.0199730639109959,6.661998783082625e-05,-0.0031437413347696,0.1362926706665828,8.52237657091162,60.06293417486563,10.29516496055134
3.3,31.221960966355784,131.01099247059977,133.698189197678,-0.0701857445855133,-0.000623578732785,-7.050288528040949,0.0030084273643683,6.674132557221238,19.02343764426463,59.98570879803468,29.406001211228656,56.05503206447808,0.0176943193359737,113.72008493552752,2175.817555082856,15.288,0.0,4.028817558570702,0.1765428130638814,4.2374352336676005e-06,0.0202736767041494,6.466004948998695e-05,-0.0031867962410341,0.0701885146818879,8.532431048692665,59.98561084651639,9.708275993739646
3.31,31.221959915995047,131.01099530128596,134.1957637727079,-0.0041942238189197,-0.0005967106812329,-8.292500788291326,0.0031067791814536,6.638158269499126,9.131249788835012,59.91195855488692,29.409557955787484,56.06668679202572,0.01775640705804,113.7201583381681,2170.3666787381567,15.288,0.0,4.0313123723108415,0.1763267526249866,4.194866608287959e-06,0.0203777612555098,6.277394672589022e-05,-0.0031990657321745,0.0042364581276097,8.542521149702255,59.9118648237923,10.62218076417497
3.32,31.221958865561703,131.0109981320834,134.69237728038283,0.0615673861982201,-0.0005688501840894,-7.622154775078525,0.0031995567453568,6.591092968881033,14.457812250903595,59.83523412440492,29.411104139464733,56.07835038716781,0.0178169424901888,113.72022988948848,2164.7078915906045,15.288,0.0,4.033802403364555,0.1761019344710625,4.152678341439921e-06,0.0202848619507606,6.096627114429833e-05,-0.0031802514561246,0.0615700140796804,8.553560482030077,59.83514476962696,10.076693911042883
3.33,31.22195781502452,131.01100096307664,135.1880496830291,0.1269892409247416,-0.0005400271206648,-7.621824467363649,0.003286705289236,6.533094954592039,14.457812248569894,59.7572518084592,29.41160485929685,56.08990994132177,0.0178759360320747,113.72029959992228,2158.9660601585206,15.288,0.0,4.036280164384388,0.1758734098024557,4.110948064626557e-06,0.0199948295713876,5.923964400022367e-05,-0.0031305453782835,0.1269903891608125,8.56530104949647,59.75716698119745,10.03860292567899
3.34,31.22195676440701,131.01100379420288,135.6827781223323,0.1919423028780551,-0.0005102629892358,-8.004669201215604,0.0033681871545966,6.464366890395693,11.414062985687238,59.68125438439632,29.41287865679264,56.101252491296826,0.0179334142618297,113.72036750894776,2153.3755519730507,15.288,0.0,4.038729093722496,0.1756507225297462,4.069753759003271e-06,0.0195078390623184,5.759744021815868e-05,-0.0030502686943216,0.191942981121573,8.577272657572223,59.6811742324734,10.288963974046096
3.35,31.22195571368299,131.0110066255332,136.17658033619907,0.2563255303418409,-0.0004796060803944,-8.292435569735595,0.0034439789623346,6.38503775408156,9.131249790585125,59.60845012378745,29.415595561446576,56.112265282525286,0.0179893825013468,113.72043361504284,2148.022873701219,15.288,0.0,4.04117342486795,0.1754374289343365,4.029171584591216e-06,0.0188239874797035,5.604197189941962e-05,-0.0029396105348199,0.2563259790297854,8.589286403031617,59.60837478744051,10.465811323555096
3.36,31.22195466291953,131.0110094568875,136.6694351500308,0.3200709448641043,-0.0004481884842965,-6.667172199873699,0.0035135696534363,6.295160781874952,22.067187904939708,59.52937020808098,29.41448062166747,56.12283578512827,0.0180438660644241,113.7204979525622,2142.2256066881487,15.288,0.0,4.04361308331718,0.1752056606995146,3.989279224579397e-06,0.0179447522657366,5.457786189661483e-05,-0.0027984560031775,0.3200712586554856,8.602667958162462,59.52929980679849,9.169528164393022
3.37,31.2219536120908,131.01101228833593,137.16135996477067,0.3830006178854246,-0.0004159570169404,-8.390572293391683,0.0035773879876728,6.195100307553286,8.370312727943645,59.45826617510253,29.417484508941488,56.132852237275245,0.0180968919657646,113.72056055704364,2137.009925125637,15.288,0.0,4.046048103051415,0.1749973626347619,3.950151065728812e-06,0.0168706593494722,5.320705115920144e-05,-0.0026276859116767,0.3830008437572391,8.6153690789917,59.4582008367271,10.429812271991466
3.38,31.22195256117176,131.01101511994628,137.65237173900508,0.4450406133962608,-0.0003830489002414,-7.627036382086782,0.0036350131641763,6.08486166901854,14.457812249522838,59.3842627815983,29.41856059223544,56.14220322334694,0.0181484739425544,113.72062143831036,2131.5928815052425,15.288,0.0,4.048447910117457,0.1747805270160016,3.91186013990456e-06,0.0156023560872115,5.19316410763449e-05,-0.0024270022295789,0.4450407782387737,8.62891150890872,59.38420261241775,9.756907231192024
3.39,31.22195151018844,131.01101795164905,138.14246603206135,0.5061045569180976,-0.0003495106005537,-6.1940428860282,0.003686396559685,5.964683111830632,25.87187623377196,59.30914693244044,29.418702317517617,56.150777742895485,0.0181986501269537,113.72068065062496,2126.103393409782,15.288,0.0,4.0508429586539885,0.1745604129694456,3.87448027284071e-06,0.0141416592742066,5.075464854813812e-05,-0.0021968994009095,0.5061046775987513,8.643016288975256,59.30909203144369,8.599047940791683
3.4,31.22195045917256,131.01102078335924,138.63163588777948,0.5660872285417666,-0.0003153974716503,-6.961417204608852,0.003731448706788,5.834841435513758,19.784375708828303,59.233540849922605,29.41826329651697,56.158466273690856,0.0182474416315856,113.7207382141952,2120.5863255884287,15.288,0.0,4.0532334715221445,0.1743388517866029,3.838084003586164e-06,0.0124912159947913,4.9679188963857714e-05,-0.0019379388899663,0.566087316401382,8.657566044406053,59.23349130740361,9.083320868378582
3.41,31.22194940811148,131.01102361511147,139.1198927098858,0.6248676594281259,-0.0002807598396325,-7.250723311703096,0.0037702126508725,5.695535686684974,17.501563510963408,59.15950030847845,29.4183957513186,56.165160535303535,0.0182948801318309,113.72079416737051,2115.188814390451,15.288,0.0,4.055619548666472,0.1741218941550637,3.8027408197871663e-06,0.0106523514665425,4.870707822102081e-05,-0.0016505064631492,0.6248677225001374,8.672233262268428,59.15945620682597,9.220202249174376
3.42,31.221948357077352,131.01102644671204,139.60721236607043,0.6823782602842444,-0.000245680721209,-7.061703523839016,0.0038023980486044,5.5471508683406565,19.02343764541628,59.08251966087532,29.416604585493257,56.17075359554299,0.0183410035042548,113.72084855843934,2109.588658451802,15.288,0.0,4.0579815003331765,0.1738962787380584,3.7685212928475168e-06,0.0086300778867079,4.784164332404643e-05,-0.0013353668382689,0.6823783045087763,8.687633899297474,59.08248106943788,8.979897208374036
3.43,31.221947306033545,131.01102927825994,140.09361594138664,0.7384551017588155,-0.0002101944577125,-6.394597130643281,0.003828259148502,5.38989034109854,24.350000103289528,59.009298542063945,29.416625529798186,56.17514111619321,0.0183858492613011,113.72090143279615,2104.264490465643,15.288,0.0,4.060328185348872,0.1736817244374278,3.735490716979056e-06,0.0064259045619666,4.708418338830774e-05,-0.0009930274265015,0.738455131672294,8.70276410555331,59.00926552479574,8.36312172623756
3.44,31.22194625491517,131.0110321099301,140.57913612425116,0.7930085430077556,-0.0001743727198722,-8.7890349266295,0.0038477956040279,5.2238193987732,5.326562462958002,58.939267393925086,29.418145981547447,56.17821882557048,0.0184294510194243,113.72095282818316,2099.1746948010536,15.288,0.0,4.062670606748986,0.173476555120274,3.7037128962787166e-06,0.0040397143948648,4.643562214851277e-05,-0.0006235073952428,0.7930085621774936,8.717666214626236,58.9392400035223,10.224257374403454
3.45,31.221945203777565,131.01103494157425,141.06375529217652,0.8459713383286758,-0.0001382921203853,-8.69621473317837,0.0038608446143865,5.049336302031128,6.0875005314480175,58.86998784700475,29.419817365504645,56.17988376239841,0.0184718556915333,113.72100280574487,2094.144950229764,15.288,0.0,4.065008674325678,0.1732735939954427,3.6732536179467455e-06,0.0014769746641694,4.589844370006232e-05,-0.0002276842221219,0.8459713496314937,8.732654697911322,58.86996612412928,10.055842216476902
3.46,31.22194415263031,131.01103777316686,141.54747468540947,0.8973771944526437,-0.0001020333875889,-7.933352461795249,0.0038670464748922,4.866867803987748,12.175000055737364,58.79289499903684,29.41688329530376,56.18003530381158,0.0185130980165971,113.72105140204168,2088.566492341944,15.288,0.0,4.067336714094656,0.1730476316662513,3.6441750350686274e-06,-0.0012579889146086,4.547429184455972e-05,0.0001936633199425,0.8973772002527856,8.748944476474593,58.79287897166979,9.307228290883044
3.47,31.221943101516583,131.01104060459224,142.03028134378303,0.9469713137368996,-6.563466260616616e-05,-8.22296373451214,0.0038668040838118,4.676819321690158,9.892187856235902,58.718836256166256,29.4153975760466,56.17857720494871,0.0185532272356522,113.72109867814603,2083.211194333237,15.288,0.0,4.069636337972417,0.1728305955434309,3.6165370642786656e-06,-0.0041585343935307,4.5164875978879646e-05,0.0006393567528842,0.9469713160110456,8.764910982855358,58.71882594629757,9.459904148510706
3.48,31.221942050445502,131.01104343582622,142.51217630382388,0.9947334373456312,-2.917135025679025e-05,-6.886097034402004,0.0038600241774492,4.479459988578557,20.54531277870677,58.644764071162,29.41366609436432,56.1754149308892,0.0185922904550467,113.7211446900478,2077.8622460414167,15.288,0.0,4.071931650725105,0.1726135157085128,3.5903964418765373e-06,-0.0072217040576771,4.497103692605869e-05,0.0011088538123676,0.9947334377732744,8.780961987592185,58.64475948893702,8.214859040559547
3.49,31.221940999406165,131.01104626689852,142.99316873188252,1.0406264394197335,7.291136632825459e-06,-8.32357774281105,0.0038466323244617,4.2752226376112645,9.13124979042427,58.56823876476818,29.410340579325133,56.170456644939215,0.0186303407231607,113.72118950342931,2072.3469948398424,15.288,0.0,4.074222624083611,0.1723892112560106,3.565807950097048e-06,-0.0104422917645553,4.489371119027781e-05,0.0016011913409058,1.040626439445329,8.79741895328098,58.56823991005725,9.35732279224905
3.5,31.22193994847982,131.0110490975908,143.47322913386975,1.0844412975220723,4.368408388487429e-05,-9.474207487749537,0.0038269564303904,4.064496025891822,8.97999656719861e-09,58.49677084815024,29.409613967653208,56.16361465140186,0.0186674295187829,113.7212331790702,2067.196937370401,15.288,0.0,4.0765091851582,0.1721797885063965,3.542824441108265e-06,-0.0138120644144035,4.493358456570917e-05,0.00211522053097,1.0844412984018947,8.813132058751796,58.496777710030095,10.309255555616774
3.51,31.22193889758981,131.0110519281097,143.95239365960404,1.1262338507473046,7.994635022573193e-05,-6.51054593114679,0.003800728798785,3.8476236315357775,23.589064040525805,58.422264814855296,29.406994455250768,56.15480357200975,0.0187036063993019,113.72127577328352,2061.839251435141,15.288,0.0,4.078773054676735,0.1719614192817944,3.521493523162877e-06,-0.0173294867702553,4.509109992127766e-05,0.0026503865133504,1.1262338535844298,8.829258571277737,58.42227737279863,7.562501595177616
3.52,31.22193784673724,131.0110547584527,144.43066579242668,1.16594853221566,0.0001160171199573,-5.938530861762765,0.0037679997196439,3.62499443000016,28.154688431005614,58.34458137732951,29.40241151133812,56.143939612382816,0.0187389337501257,113.72131736548468,2056.2649662096155,15.288,0.0,4.081022046455752,0.1717336934656859,3.501862942645657e-06,-0.0209897251029743,4.536666345120292e-05,0.0032057702692686,1.1659485379866974,8.84578606461088,58.3445996012561,6.9574957859464694
3.53,31.22193679598935,131.01105758843897,144.9080211825277,1.2034244881799747,0.0001518204213833,-8.045511903046664,0.0037290588137739,3.397089848290672,11.414062987461,58.26908483039554,29.39886194008352,56.13094406233085,0.0187734648035853,113.72135801616194,2050.852598246738,15.288,0.0,4.083266708730697,0.1715124004235476,3.483978457147208e-06,-0.0247825666576831,4.576005983297056e-05,0.0037799811236,1.203424497755195,8.861880138899846,58.269108678291566,8.733298066899167
3.54,31.221935745355843,131.01106041804286,145.38445924840053,1.2385547088273747,0.0001872806136151,-7.5692440964991645,0.0036840580128236,3.164221167647556,15.218750318879632,58.19773610053316,29.397451778600857,56.11574289971305,0.0188072641917795,113.72139780588424,2045.739382439378,15.288,0.0,4.085507064135932,0.1713033121943311,3.4678805181331164e-06,-0.0287016568554433,4.627103347382144e-05,0.0043721824921803,1.2385547229845697,8.877207993163376,58.19776551850316,8.204009103021507
3.55,31.221934694769505,131.0110632474454,145.86001117828977,1.2715612570016808,0.0002223771404449,-7.188154573944932,0.0036325845984486,2.927110955743025,18.262500574490247,58.117284942971615,29.390802233848504,56.09826336101705,0.0188403863312379,113.72143679565218,2039.9938893271976,15.288,0.0,4.087743276215356,0.1710674271294508,3.4536066443841568e-06,-0.0327450134949916,4.689977517059317e-05,0.0049809917341008,1.271561276443508,8.893725759959581,58.11731987389116,7.761285842038493
3.56,31.221933644305064,131.0110660764458,146.33464880898816,1.3019079689711854,0.0002569697266946,-6.903157788796677,0.0035755240196588,2.685534235546174,20.545312774054903,58.04900107057272,29.390799879275768,56.07843861584716,0.0188728963570911,113.72147506506336,2035.1099580659147,15.288,0.0,4.089947753503901,0.1708673521917886,3.4411938339755627e-06,-0.0369010864536904,4.7645057233067056e-05,0.005606339321006,1.3019079943272995,8.908196876877417,58.049041435283,7.407138068895896
3.57,31.22193259381232,131.01106890544855,146.8084372917893,1.3299188447302048,0.0002910552431072,-6.617894267262716,0.0035122825001448,2.4399739131736133,22.828124966989147,57.9763951163209,29.388246407937217,56.056201553331206,0.0189048570736582,113.72151268942532,2029.929596213872,15.288,0.0,4.09214724032636,0.1706545513449504,3.4306729492972315e-06,-0.0411751712959925,4.850840867487085e-05,0.0062475865326761,1.3299188765735892,8.923075575910634,57.97644083517158,7.053368667932
3.58,31.22193154345258,131.01107173401965,147.28131200971035,1.3555131659540145,0.0003245650730558,-6.619486225550246,0.0034432030699213,2.1915908612723385,22.82812497234356,57.90133657149165,29.384197303014453,56.03148979091439,0.0189363326142434,113.7215497452172,2024.5847283648552,15.288,0.0,4.094342498498984,0.170434527176026,3.422079368157716e-06,-0.0455463852483075,4.948626608366073e-05,0.0069015776863243,1.3555132048038825,8.938055556524823,57.9013875540541,6.972853092465756
3.59,31.221930493219823,131.01107456217568,147.75327763771995,1.3786620410314314,0.0003574442072042,-8.056183257008286,0.0033684214038498,1.9408584053592897,11.414062986384712,57.82353820668039,29.37850118543464,56.00424965854431,0.0189673889377665,113.72158631137393,2019.0559829889112,15.288,0.0,4.096533535126022,0.1702064341109355,3.415438013635976e-06,-0.0500078805279722,5.057741544503616e-05,0.0075670960183487,1.3786620873593862,8.95315837766252,57.82359435388516,8.286677945136832
3.6,31.22192944317474,131.01107738975338,148.22431089956476,1.3992293135811495,0.0003896083791299,-8.3446446839031,0.0032882842304502,1.6882247401020518,9.131249790668926,57.7472552289949,29.37355105619682,55.9744329892663,0.0189980927916365,113.72162246772312,2013.640906897076,15.288,0.0,4.098715324273524,0.169982797461189,3.4107711604591994e-06,-0.0545476890017383,5.17791993468464e-05,0.0082427880403009,1.3992293678125725,8.967714031214873,57.74731642853598,8.513707094239154
3.61,31.22192839330525,131.0110802167855,148.6944184599471,1.4172194554815485,0.000421013481301,-8.154584581278156,0.0032028913180659,1.4342552652218237,10.653124922086985,57.67046815442468,29.368235324299743,55.9419965534145,0.0190285114347827,113.72165829486283,2008.198415923146,15.288,0.0,4.100869903106984,0.1697576728038759,3.4080959925997488e-06,-0.0591585539946445,5.3089867382167325e-05,0.0089272519380853,1.417219518004115,8.982007664301813,57.67053428706768,8.279755317492707
3.62,31.22192734358834,131.0110830433341,149.16361122729057,1.4325687715267084,0.0004515831215845,-8.921454864980749,0.0031124506955029,1.1791300437047558,4.565625399279432,57.595485540820654,29.36385121266725,55.90690104272716,0.0190587123655032,113.72169387376184,2002.8892080070325,15.288,0.0,4.103020308212387,0.1695378556054516,3.4074264345666944e-06,-0.0638344156731923,5.450791139415451e-05,0.009619898015952,1.4325688426874468,8.995670365511819,57.59555647533151,8.999039629605216
3.63,31.22192629406104,131.01108586929976,149.63187501717877,1.4454337275437212,0.0004813171010935,-9.018243534253513,0.0030170509783501,0.9241123818917536,3.8046873330369513,57.51532518071314,29.35649620400081,55.86911227262725,0.019088763220088,113.72172928555328,1997.2278306105209,15.288,0.0,4.105166440077129,0.1693027930213791,3.408774391799612e-06,-0.068562697952785,5.602970623725156e-05,0.0103176080669049,1.4454338076638935,9.009762060401256,57.515400785826586,9.065467954830988
3.64,31.22192524474596,131.0110886946216,150.09920133604197,1.4556209234904285,0.000510105229051,-5.287428343171026,0.0029170967842866,0.6691619131480387,33.481249889092005,57.43730552372784,29.350285623426807,55.82860328864627,0.0191187316095631,113.72176461145764,1991.723358781261,15.288,0.0,4.107308275875641,0.1690740275894189,3.4121461686619623e-06,-0.0733340461206049,5.7652334723378446e-05,0.0110201550219603,1.4556210128515457,9.02314703363732,57.43738565086984,5.329604550023379
3.65,31.22192419555229,131.01109151954407,150.56562820055694,1.4630220685081523,0.000537861916495,-7.6811364293794595,0.0028127020390403,0.4139793102642723,14.457812250959016,57.36481638281697,29.34714048817568,55.78534905720543,0.0191486848423932,113.72179993260444,1986.609937016893,15.288,0.0,4.109438600536887,0.1688615378883935,3.417544133878927e-06,-0.0781480104483747,5.937578011767392e-05,0.0117282177209089,1.4630221673557533,9.035286833035798,57.36490086996924,7.692284681897822
3.66,31.221923146497968,131.01109434401903,151.03114855119412,1.467915214219056,0.0005646433628286,-8.447861518804057,0.0027038725033705,0.1601909488930589,8.370312725762007,57.28627598911199,29.34056606953692,55.73932735820641,0.0191786899094376,113.72183532971805,1981.0849337538657,15.288,0.0,4.111544954068933,0.1686312313970061,3.4249712183895384e-06,-0.0829941469428677,6.119662793188374e-05,0.0124379001937545,1.4679153227921926,9.047967415161922,57.28636468308402,8.449380609957405
3.67,31.22192209770495,131.01109716771848,151.49571236835217,1.4701825081972346,0.0005903499197378,-7.300700876778548,0.0025912302134277,-0.0914994913109185,17.50156351400608,57.2072948849155,29.333723239924552,55.69052589886468,0.0192088130174384,113.72187088257346,1975.537612197388,15.288,0.0,4.113646986663385,0.1683996233525788,3.4344259618822434e-06,-0.0878505630779389,6.310678817210557e-05,0.0131469659436358,1.4701826266984217,9.060323472385129,57.20738761686404,7.301274694433791
3.68,31.22192104902556,131.0110999910396,151.95937997553966,1.469639582249774,0.0006148608299184,-7.684998313290659,0.0024747974460696,-0.3421840564953241,14.45781224962016,57.135092579722254,29.330692307649663,55.63893850784192,0.0192391194695244,113.72190667039368,1970.466027637896,15.288,0.0,4.11574494880886,0.168187965850362,3.445896311399553e-06,-0.0927230253761787,6.510850951721196e-05,0.0138580048065125,1.4696397108427464,9.071227600009571,57.13518916183556,7.692613023441533
3.69,31.221920000484424,131.01110281391624,152.42214086656313,1.4665778579098396,0.0006382452137544,-8.164894706095147,0.0023546614954985,-0.5902076927591173,10.653124922556696,57.058620765916224,29.32525459493911,55.58455670393352,0.0192696742430227,113.72194277194536,1965.1072601794767,15.288,0.0,4.117838808827649,0.1679637362346103,3.4593759038896995e-06,-0.0976019443320407,6.719808855753735e-05,0.0145670146810042,1.4665779967597905,9.082405583461966,57.05872102123996,8.186199131870868
3.7,31.221918952136388,131.01110563620085,152.88397193926815,1.4609962735527668,0.0006604610511267,-9.410299621571523,0.0022312235533162,-0.8348077002067543,0.760937067171013,56.978403026878496,29.31771214681495,55.52738083334654,0.0193005408759214,113.72197926440109,1959.4985457304624,15.288,0.0,4.119922101097758,0.1677284755537684,3.474853031124941e-06,-0.1024730683874491,6.936963258325365e-05,0.0152718451310172,1.4609964228049976,9.093786571393045,56.9785067718578,9.447256101240836
3.71,31.22191790398289,131.01110845788946,153.34487164708173,1.4527155731615276,0.0006813871239351,-8.933396551238216,0.0021048333877858,-1.0763097788399048,4.565625393994299,56.90184575359868,29.31227098904085,55.46741858536492,0.0193317812913014,113.72201622325728,1954.1496789918128,15.288,0.0,4.121980938290676,0.1675039860957646,3.492309971232038e-06,-0.1073264640624024,7.161880320309663e-05,0.0159729595209143,1.452715732927442,9.104217245404309,56.90195278563782,8.998000950879304
3.72,31.221916855996884,131.01111127905494,153.80484984977332,1.4418690407884012,0.0007010250142513,-7.595290789218128,0.0019756223389484,-1.3140585559029292,15.21875031269427,56.82532500964248,29.3068844535405,55.4046810249454,0.0193634562149535,113.72205372281928,1948.8110353745976,15.288,0.0,4.124035687820377,0.1672796000888243,3.511725457730209e-06,-0.1121568776946559,7.394321010023603e-05,0.0166686646941584,1.441869211168847,9.114280056965743,56.82543512639421,7.708125320997774
3.73,31.22191580819417,131.01111409965463,154.26389873356518,1.4285482824923437,0.0007193707102231,-8.93679253606119,0.0018439111375071,-1.54717074860284,4.565625394671836,56.7464497590969,29.3002040739217,55.339183835214,0.0193956248401346,113.72209183570492,1943.3188349161835,15.288,0.0,4.126086298478489,0.1670482788761519,3.533076696804911e-06,-0.11695321526139,7.633760927214673e-05,0.0173565989248117,1.4285484635804486,9.124368551302876,56.74656275758382,9.069729960585352
3.74,31.221914760635816,131.01111691952423,154.7219919575138,1.4126457221204272,0.0007363192661678,-8.843050807840044,0.0017101599332078,-1.775626962604527,5.3265624657570285,56.671153319042354,29.295617681315527,55.2709511331308,0.0194283438180424,113.72213063162305,1938.0795760922235,15.288,0.0,4.128132609383104,0.1668274886958036,3.556336211705782e-06,-0.1217000778451769,7.879429881791768e-05,0.0180363023850445,1.412645913979034,9.133563451881695,56.67126897980221,9.019556620201218
3.75,31.221913713154148,131.0111197391146,155.17919531674383,1.3942426395192309,0.0007518658785124,-7.122562770082647,0.001574184632739,-1.9996175923091395,19.023437639211988,56.597422026242135,29.291988450666164,55.20000987973874,0.0194616683571449,113.7221701791038,1932.954689623581,15.288,0.0,4.130172894261473,0.1666113020276613,3.5814689738434885e-06,-0.1264044776556049,8.131683750200707e-05,0.0187083109783479,1.3942428422065216,9.142199319626735,56.59754012905815,7.39793034620473
3.76,31.2219126657448,131.01112255843748,155.63550844224085,1.3734317155844102,0.0007660220055204,-6.741980271959649,0.0014362313412514,-2.218344166577959,22.0671878990034,56.52227731261348,29.287633535667783,55.12638509777454,0.0194956534892232,113.7222105465004,1927.7405628410413,15.288,0.0,4.1321852661968,0.1663909506049226,3.6084454591694768e-06,-0.1310586681574457,8.390142461799705e-05,0.0193705424355994,1.3734319291653034,9.150767461498123,56.52239763906873,7.097559502508171
3.77,31.22191161847085,131.011125377323,156.09090364536146,1.350204092450114,0.0007787159716734,-8.945638869678136,0.0012968075074395,-2.4314096951619955,4.565625396751761,56.449035931302966,29.28445423964049,55.05011074634183,0.0195303511491209,113.72225179857315,1922.6635275638985,15.288,0.0,4.13419359684147,0.1661761982651928,3.637232048903536e-06,-0.1356453655826315,8.65388198751274e-05,0.020021601681901,1.3502043169667513,9.158768100409102,56.44915825172176,9.270178508212977
3.78,31.221910571322343,131.01112819579777,156.54538237191247,1.324696515685424,0.000789973870154,-9.522402265758464,0.0011561516465207,-2.638033903060258,0.0,56.37425369266619,29.280488536612463,54.97122725876219,0.019565810600144,113.7222939972071,1917.488754123029,15.288,0.0,4.136197881729715,0.1659569059536666,3.667788739357353e-06,-0.1401582991685986,8.922548492362534e-05,0.0206594110481211,1.3246967511910297,9.166776562256546,56.37437778147153,9.881061133365378
3.79,31.221909524285543,131.0111310138987,156.99894738054854,1.2968901399189714,0.0007997329461679,-7.610978384413919,0.0010144986728092,-2.838324287440764,15.218750315400364,56.30108816504104,29.277555597432016,54.88977893508953,0.0196020790618478,113.72233720208244,1912.4311767421705,15.288,0.0,4.138198124701496,0.1657423690428168,3.70007302466616e-06,-0.144589477176945,9.195678680958496e-05,0.0212839784997303,1.296890386456215,9.174316212936166,56.301213786798456,8.12299684586296
3.8,31.22190847731329,131.01113383175232,157.45161452269627,1.2668948384743444,0.0008080077871149,-6.848107501566657,0.0008719963508695,-3.0318132520875944,21.30624984146313,56.22724235131517,29.274342340522576,54.80581281066901,0.0196392021179647,113.7223814712178,1907.3345075318764,15.288,0.0,4.14019442964602,0.1655258255758451,3.734039704602587e-06,-0.1489355851049886,9.47308405734138e-05,0.0218940273272516,1.2668950961003185,9.1817830553544,56.22736927288157,7.489223505072146
3.81,31.221907430425134,131.01113664930597,157.90337289071883,1.234785787573586,0.0008148046677918,-7.520897109486952,0.0007290503712037,-3.2177610636826297,15.979688379801162,56.15150920865647,29.27016570811791,54.71938084085621,0.0196772228188291,113.7224268597325,1902.1171568049035,15.288,0.0,4.142166874280632,0.1653037221098478,3.7696422627531305e-06,-0.1531855420275199,9.754091996802584e-05,0.022487475591842,1.234786056366472,9.189400717844393,56.15163719787439,8.18033496416593
3.82,31.221906383623324,131.01113946655337,158.35421827247492,1.2005467657576971,0.0008200476367402,-8.576742050033445,0.0005858809354649,-3.3965024266584307,7.609375658402095,56.07829940068239,29.267575186179133,54.63054079206933,0.0197161812092045,113.72247341938272,1897.0780628984903,15.288,0.0,4.144129771873731,0.1650890431219102,3.8068298750899767e-06,-0.1573306226041534,0.000100381521828,0.0230648548741715,1.200547045788084,9.196493348560608,56.07842821346394,9.224789063732839
3.83,31.221905336961527,131.01114228334987,158.80412612500143,1.1644822490209787,0.000823882047917,-8.10094690951475,0.0004432151169258,-3.5656619825228817,11.4140629832285,55.99718755663797,29.260540129529225,54.53935516694367,0.0197561145892156,113.722521198778,1891.5121606934647,15.288,0.0,4.146088619058952,0.1648510972556714,3.845549517716112e-06,-0.1613579610803583,0.0001032439171723,0.0236200285377063,1.164482540432794,9.20477714306318,55.99731697172742,8.850948333417456
3.84,31.22190429054122,131.0111450994226,159.2530530931881,1.1264747655255785,0.0008261682889001,-9.539476326668815,0.0003014994107479,-3.7260306040767768,0.0,55.91779310626507,29.254637463267024,54.44589641955208,0.0197970547016616,113.7225702399215,1886.0707031960387,15.288,0.0,4.148043197614678,0.1646182030333649,3.885743014564969e-06,-0.1652505633123857,0.0001061158342176,0.0241544967089069,1.126475068446663,9.212737158390867,55.91792288047642,10.241333543074036
3.85,31.221903244318582,131.01114791488902,159.7010127377746,1.086625787893808,0.0008269190834419,-7.915257029800413,0.0001609098244401,-3.877417194482147,12.935938118883108,55.83949364811533,29.24951517850767,54.35024310789778,0.0198390292096427,113.72262058027388,1880.7112508453065,15.288,0.0,4.14999356685235,0.1643885282478632,3.927344184796337e-06,-0.1690047197253763,0.0001089939319105,0.0246675820980005,1.0866261024973758,9.220506418745943,55.83962354026121,8.81394678754998
3.86,31.221902198222963,131.01115072993886,160.14802889564007,1.0450351034112848,0.0008261561446652,-7.535268372616555,2.1552241957088737e-05,-4.019641250327226,15.979688380955173,55.761134878110525,29.244507459833272,54.2524742380294,0.0198820646003638,113.7226722561445,1875.3558332101093,15.288,0.0,4.1519312981378285,0.164158674772316,3.970286246697146e-06,-0.1726191072581774,0.0001118767173588,0.0251586911485871,1.04503542993531,9.228303763514806,55.76126465041426,8.540362125176664
3.87,31.2219011522374,131.0111535446175,160.59410418730835,1.0017350214722391,0.0008238454698877,-7.05962325105743,-0.0001164062414493,-4.152979674525206,19.784375708593785,55.685535343219655,29.241271489170256,54.15267215103732,0.0199261846432898,113.72272530067184,1870.1937812279607,15.288,0.0,4.153848692143497,0.1639369403539101,4.01450159332891e-06,-0.1760872785211375,0.000114758904796,0.0256282698795853,1.001735360210685,9.23570220146646,55.68566475256345,8.190575110298456
3.88,31.221900106333848,131.01115635900015,161.03924543221066,0.9568725431510546,0.0008200248295105,-8.211088475720802,-0.0002527167984817,-4.276950570471626,10.653124922636108,55.61064749380298,29.23861489872144,54.05092141491456,0.0199714111129235,113.72277974479252,1865.0869673583647,15.288,0.0,4.155762052292425,0.1637172971657073,4.059921383965272e-06,-0.1794049724685073,0.0001176367537148,0.0260749034856581,0.9568728944925988,9.243067467973432,55.610776303001984,9.258200700040927
3.89,31.22189906055339,131.011159172976,161.48343262536818,0.9106818594069452,0.0008148257187133,-9.553575365872025,-0.0003866379738109,-4.389660462280859,0.0,55.52843353094893,29.23181749086701,53.94731028419318,0.0200177627734018,113.7228356158604,1859.4968267259449,15.288,0.0,4.157671341558304,0.1634760818751499,4.106475798603952e-06,-0.1825633663082787,0.0001205024283723,0.0264935864289644,0.9106822239056764,9.251747258168669,55.52856152347352,10.513796716457739
3.9,31.221898014985264,131.01116198630493,161.92662727770957,0.8630709509696796,0.0008080938845256,-8.407451792091571,-0.0005180832382642,-4.4928385147524885,9.131249791495827,55.45071520651653,29.22783284809955,53.8419335848888,0.0200652530159801,113.72289293473004,1854.2161367790209,15.288,0.0,4.159576357594434,0.1632480975851095,4.154092502566233e-06,-0.1855507699771934,0.0001233448447477,0.026888282544318,0.8630713292501491,9.259841063010729,55.45084214160708,9.532619987411506
3.91,31.221896969472127,131.01116479940956,162.36888536335272,0.8141721179265281,0.0007998779820556,-7.356932259647731,-0.0006471986488077,-4.586459465166726,17.501563510376773,55.3754323031224,29.22545511676393,53.734888200836046,0.0201138930143193,113.72295172004615,1849.1059894895573,15.288,0.0,4.161477344433825,0.1630272792510282,4.202691032672807e-06,-0.188371663639792,0.000126167527651,0.0272588385244844,0.8141725108171086,9.267711166072544,55.37555794766201,8.669490360887947
3.92,31.22189592401117,131.0111676122972,162.810203547767,0.7640988686302737,0.0007902217500713,-6.019036374602331,-0.0007736607516187,-4.670072291082196,28.154688432044395,55.3011389508652,29.22384701249146,53.626270465547975,0.020163693892974,113.72301199035424,1844.0692699103124,15.288,0.0,4.163356018511198,0.1628093702667219,4.2521959706186925e-06,-0.1910206386111591,0.0001289649471177,0.0276039063566326,0.7640992772247908,9.2756198265759,55.30126307860744,7.618292110523897
3.93,31.221894878571604,131.01117042505035,163.25058900312513,0.7129935798648824,0.0007791749682958,-7.743845050456738,-0.0008971694532005,-4.7431943458584,14.457812250026349,55.225880482450975,29.22184777103284,53.51618002904112,0.0202146636942802,113.72307376058096,1838.9755202588472,15.288,0.0,4.165224813840361,0.1625886160271319,4.3025290781038925e-06,-0.1934936511166013,0.000131732798394,0.0279220382052285,0.7129940055925271,9.2839159603309,55.22600287496879,9.081025799598823
3.94,31.2218938331418,131.0111732376999,163.69004147871,0.6609359355025798,0.0007667282258739,-8.798376566649694,-0.0010176248051457,-4.806199477794388,6.087500526287577,55.15210152268484,29.22090959862648,53.4047192295661,0.0202668077638491,113.72313704242114,1833.987589207128,15.288,0.0,4.167089640461968,0.1623722136678384,4.353611047522731e-06,-0.1957862943382272,0.0001344661757724,0.0282139382463373,0.6609363802093122,9.292220485865556,55.15222196007292,10.025516678180818
3.95,31.221892787721018,131.0111760502476,164.12855662528258,0.6080168555975852,0.0007528829620995,-6.502419515967357,-0.0011348944629618,-4.859384527391672,24.35000010243256,55.08186074079538,29.222271840814347,53.29199256450145,0.0203201291538771,113.723201844827,1829.241800174428,15.288,0.0,4.1689504756958975,0.1621662241701629,4.405361726085099e-06,-0.1978938673330181,0.0001371594581048,0.0284801287168425,0.6080173217123584,9.300212421130322,55.081979003374514,8.117578384880073
3.96,31.22189174223101,131.0111788629033,164.5661591380036,0.5544255296208405,0.0007377710097706,-8.03478183476625,-0.0012485268988972,-4.90128700601562,12.175000051334887,55.007595460851,29.221414105117844,53.17810576081922,0.020374629790896,113.72326817556738,1824.2355762429863,15.288,0.0,4.170807476698801,0.16194838239518,4.4576977150292124e-06,-0.1998156277887178,0.0001398117754372,0.0287167184227496,0.5544260204794768,9.30916490111943,55.007711349650215,9.411712650014698
3.97,31.221890696758347,131.0111816754342,165.00281192322262,0.5002320730058039,0.0007213682631747,-7.269325497478496,-0.0013581902681235,-4.932462977174205,18.262500578357788,54.93371096362958,29.22097279443273,53.063167820877695,0.0204303077222081,113.7233360374262,1819.261807905572,15.288,0.0,4.1726601553399565,0.1617316577985005,4.510539137688147e-06,-0.2015427893386457,0.0001424113032366,0.0289248174768454,0.5002325931236152,9.318366405172872,54.93382427589138,8.784775811263826
3.98,31.221889651274257,131.01118448791712,165.4385209863355,0.4455349011889512,0.0007037211433168,-7.460586418262557,-0.0014637263193628,-4.952832767437148,16.740624446970063,54.85976243839576,29.22068851826468,52.947290904210966,0.0204871568371579,113.72340542820974,1814.290965772328,15.288,0.0,4.174485537893547,0.1615147408301851,4.563800232802657e-06,-0.2030733729499814,0.0001449547040316,0.0291040277400418,0.4455354569397453,9.327904915666116,54.85987297865446,8.954937424072689
3.99,31.221888605724367,131.01118730049797,165.87330173322368,0.3904476961077499,0.0006848357668406,-9.565912763248152,-0.0015652111928566,-4.962932184060254,5.5014048935193575e-09,54.78806112777093,29.22194514328237,52.83058795578429,0.0205451700471994,113.7234763445678,1809.475725407598,15.288,0.0,4.176307014342217,0.1613044361744033,4.617394671919344e-06,-0.2044059996233006,0.000147439684514,0.0292555027984702,0.3904482966900182,9.33740695869639,54.78816870152163,10.776705679730751
4.0,31.22188756015836,131.01119011304283,166.3071311139877,0.3351412822651823,0.0006648423329084,-9.564459474823009,-0.0016617949286494,-4.961216545331721,4.011835120811825e-09,54.71166851973548,29.220553463916083,52.7131734656064,0.0206043379033819,113.72354878005652,1804.357802377842,15.288,0.0,4.178124525327308,0.1610803157518328,4.671237853529527e-06,-0.2055363245433478,0.0001498581277024,0.0293750345779936,0.3351419417042522,9.3480444745035,54.711772952924925,10.77462562768504
4.01,31.221886514746995,131.01119292509267,166.73994193850723,0.279777253628974,0.0006438800499071,-9.56180668110438,-0.0017521909832064,-4.94590872955651,0.0,54.62293022362394,29.211853457834767,52.59516472352002,0.0206646450215977,113.72362272058548,1798.4344712517343,15.288,0.0,4.179937810581017,0.1608198433251934,4.725247394219378e-06,-0.2064585299825505,0.0001521955172853,0.0294577487057556,0.2797779945350423,9.361119416875866,54.62303136406567,10.76522936300425
4.02,31.22188546959976,131.0111957363529,167.17168979811404,0.2243951085315699,0.0006218431584036,-9.55846045449243,-0.001836921605571,-4.919837348671405,0.0,54.535058995431264,29.20383858006935,52.47668164582126,0.0207260676888828,113.72369814159764,1792.5783073336147,15.288,0.0,4.18174664415427,0.160561919235792,4.779337965652957e-06,-0.2071713786131366,0.0001544432876175,0.0295106790792334,0.2243959701509489,9.374423321819982,54.53515667432617,10.750300887498856
4.03,31.2218844247066,131.01119854685024,167.6023742257607,0.1691171678676557,0.0005987990381761,-9.554352986887336,-0.0019158310285199,-4.883066782017899,0.0,54.447287982278965,29.19604306247792,52.357843759574365,0.0207885791645884,113.72377501476409,1786.7386947197342,15.288,0.0,4.18354862822454,0.1603042857529907,4.833421068061851e-06,-0.207676599051013,0.0001565981799316,0.0295338082924945,0.1691182279569258,9.388085944316993,54.44738204141193,10.72986513736767
4.04,31.2218833800596,131.01120135660577,168.03199400406416,0.1140461649419987,0.0005748093555898,-9.549450304617446,-0.0019888331543505,-4.8358324272060695,0.0,54.35960650746237,29.188464606305693,52.23876949820736,0.0208521508597859,113.7238533092676,1780.9148984465269,15.288,0.0,4.185325594870293,0.1600469114534718,4.887409453792682e-06,-0.2079763065585404,0.000158657192515,0.0295275777692326,0.1140476134917266,9.402107173388082,54.3596967983048,10.704077743543968
4.05,31.22188233565092,131.01120416564015,168.46054792955235,0.0593151771352311,0.0005499317485388,-9.543722393241024,-0.0020558544000512,-4.778404471477924,0.0,54.27202767184361,29.181100483532223,52.119575980266255,0.0209167524948624,113.72393299197743,1775.1077436349462,15.288,0.0,4.187098154592709,0.1597898349201741,4.941217231283677e-06,-0.2080730390450222,0.0001606175790085,0.0294924993979462,0.0593177263848349,9.416480655537422,54.27211405492067,10.673134058880162
4.06,31.22188129147284,131.01120697397397,168.88803481067603,0.0050379972873911,0.0005242279056484,-9.537142189252316,-0.0021168369444794,-4.711064039555104,0.0,54.18455195394124,29.17394753730328,52.00037875460722,0.0209823522273908,113.72401402758553,1769.3172254488895,15.288,0.0,4.188866302452364,0.159533057573428,4.994760045392894e-06,-0.2079697671538423,0.0001624768462411,0.0294291367219248,0.0050651980743601,9.431199114145755,54.184634299468094,10.637255755306647
4.07,31.221880247517745,131.01120978162731,169.3144534727774,-0.0486739203980011,0.0004977605684462,-9.529686151329209,-0.0021717375425898,-4.634108875619293,0.0,54.09717983203649,29.16700222750841,51.88129156755935,0.0210489167868741,113.72409637875296,1763.5433388793897,15.288,0.0,4.190630033599045,0.1592765808329034,5.047955248609769e-06,-0.2076698486055944,0.0001642327598355,0.0293381048184888,0.0486764654896527,9.446252756265396,54.09725802008374,10.596692310828562
4.08,31.221879203778183,131.01121258862003,169.73980277001726,-0.1017116637835485,0.0004705933789705,-9.521334453740383,-0.0022205273039165,-4.547852286555812,0.0,54.00991178359384,29.160260646362463,51.762426144865685,0.0211164116099297,113.72418000625925,1757.7860787046145,15.288,0.0,4.192389343257664,0.1590204061159362,5.100722057260048e-06,-0.2071770136693282,0.0001658833444653,0.0292200678039603,0.1017127524337539,9.461629423983938,54.00998570422895,10.551719060468589
4.09,31.221878160246806,131.0112153949715,170.1640815694701,-0.1539693664235338,0.0004427907820681,-9.512071139618364,-0.0022631914653044,-4.452621928312342,0.0,53.9227480554423,29.15371853448708,51.64389198208696,0.021184800971904,113.7242648691486,1752.045424557755,15.288,0.0,4.194143856016055,0.1587645341608609,5.152981701461654e-06,-0.206495350105921,0.0001674268835169,0.029075736162969,0.1539700031187631,9.47731480722117,53.9228176088557,10.502635122848176
4.1,31.221877116916488,131.0112182007007,170.58728877498095,-0.2053617542846324,0.0004144209042538,-9.501883553372275,-0.0022997307100402,-4.348748982368848,0.0,53.835675756923216,29.147371334589977,51.525796148638754,0.0212540481176919,113.7243509248776,1746.3205037061389,15.288,0.0,4.195871985267701,0.15850892702523,5.204657569369588e-06,-0.2056292564987401,0.0001688619232764,0.028905852853196,0.2053621724335473,9.493295244031636,53.83574085400663,10.449756650863309
4.11,31.2218760737802,131.0112210058262,171.00942331026508,-0.2557702271190261,0.0003855460118801,-9.490764320235774,-0.0023301564962532,-4.2365939910196815,0.0,53.748708954088,29.14121416892892,51.408243116220255,0.0213241153980327,113.72443812947176,1740.6121949514172,15.288,0.0,4.197595735901757,0.1582536261352012,5.2556753248590415e-06,-0.2045834537351466,0.000170187267121,0.028711216164563,0.2557705177014225,9.509550000941616,53.74876951551393,10.393427801097856
4.12,31.22187503083116,131.011223810366,171.43048414077575,-0.3050978486735418,0.0003562318422939,-9.478709796242656,-0.0023544945679987,-4.1165218821102165,0.0,53.661848115860565,29.135241822460607,51.29133455853891,0.0213949643763383,113.72452643764676,1734.9204918870907,15.288,0.0,4.199315103681475,0.1579986328832374,5.305963044789641e-06,-0.203363008444029,0.000171401966904,0.028492660735573,0.305098056639687,9.526059267959235,53.6619040726275,10.334006839117313
4.13,31.221873988062743,131.0112266143377,171.8504702548177,-0.3532510980624903,0.0003265442904837,-9.465720559563332,-0.002372783504988,-3.988907768569193,0.0,53.575093707752735,29.12944879701928,51.17516916997937,0.0214665559363636,113.72461580293268,1729.2453877341072,15.288,0.0,4.20103008448136,0.1577439486518245,5.355451352737558e-06,-0.2019732803236591,0.0001725053262087,0.0282510571514641,0.3532512489893446,9.542801835510549,53.57514500120994,10.27186723668064
4.14,31.221872945468544,131.01122941775816,172.26938068541554,-0.4001400146243593,0.000296549266817,-9.451801417622464,-0.0023850743482764,-3.8541358729803386,0.0,53.48844619138012,29.123829328824822,51.05984250205153,0.0215388503908783,113.72470617780192,1723.5868753103375,15.288,0.0,4.202740674324244,0.1574895748120649,5.404073534099595e-06,-0.2004199051646753,0.000173496897292,0.0279873092472968,0.4001401245112613,9.559755314532945,53.48849277323002,10.207395311936518
4.15,31.22187190304236,131.01123222064393,172.68721450931616,-0.4456783320634815,0.0002663125565905,-9.436961383547718,-0.0023914302057257,-3.7125984594811614,0.0,53.40190602401192,29.118377406492208,50.945446809630425,0.0216118075853101,113.72479751379224,1717.94494700463,15.288,0.0,4.204446869404473,0.1572355127223489,5.4517656436316766e-06,-0.1987087776323496,0.0001743764775393,0.0277023514026458,0.4456784116287491,9.576896360282817,53.40194785629049,10.140987782008771
4.16,31.22187086077824,131.01123502301078,173.1039708320812,-0.4897969921696341,0.0002359021073898,-9.421213058021811,-0.0023919270555579,-3.5646878998883538,0.0,53.31546366641558,29.113086807622675,50.83207090866736,0.0216853869971324,113.72488976162698,1712.3189529490564,15.288,0.0,4.20613267530237,0.1569817343075093,5.498466606456675e-06,-0.1968460189116654,0.0001751441080981,0.0273971386204155,0.4897970489771259,9.594203337383153,53.31550072183196,10.073046263646672
4.17,31.2218698186704,131.01123782487392,173.51964881094693,-0.5324087443305122,0.0002053815010699,-9.404573801909594,-0.0023866506042161,-3.410811180442693,0.0,53.22912599315014,29.10795112791739,50.71980006101344,0.0217595478421941,113.72498287134616,1706.7092999562965,15.288,0.0,4.207808423223713,0.1567282598208142,5.54411829845472e-06,-0.1948379442619713,0.0001758000721792,0.0270726554692819,0.532408783943779,9.611650237243156,53.229158254400886,10.003981557374956
4.18,31.22186877671337,131.0112406262479,173.93424764687185,-0.5734342793220287,0.0001748144687764,-9.387064976225016,-0.002375697259675,-3.25138052877899,0.0,53.142897010564575,29.102963723430275,50.608715844140285,0.0218342491587153,113.72507679241052,1701.116208327636,15.288,0.0,4.209479822168832,0.1564751010707637,5.588665623942273e-06,-0.1926911179972315,0.0001763448773083,0.0267299133804628,0.5734343059681849,9.629211335224548,53.14292447035712,9.934207057170239
4.19,31.221867734901885,131.0112434271468,174.34776658950622,-0.6128032069952078,0.0001442649491383,-9.368711603614766,-0.0023591741092062,-3.0868100253006845,0.0,53.056777154386566,29.098117773431923,50.49889602347668,0.0219094498812776,113.72517147379514,1695.5396684934915,15.288,0.0,4.211146869099082,0.1562222593526821,5.632056608527166e-06,-0.1904122961511028,0.0001767792569201,0.0263699421517479,0.6128032239758063,9.64686168906503,53.05679981547178,9.86413497523758
4.2,31.22186669323092,131.0112462275838,174.76020493023327,-0.6504493466533233,0.0001137961027726,-9.349542373597098,-0.0023371980939167,-2.917516648841314,0.0,52.97076685396212,29.093406300828075,50.39041444863863,0.0219851089192098,113.72526686409012,1689.9796703408963,15.288,0.0,4.2128095611451375,0.1559697359431997,5.674242467880355e-06,-0.1880084056101688,0.0001771041652324,0.0259937887105376,0.6504493566070878,9.66457650333113,52.97078472901215,9.794174363081803
4.21,31.22186565169572,131.01124902757155,175.17156202403646,-0.6863107985829322,8.347019287294094e-05,-9.329589459814729,-0.002309895529819,-2.7439193012290515,0.0,52.88486653195329,29.08882219037932,50.28334096011236,0.0220611852306101,113.72536291159756,1684.4362031978171,15.288,0.0,4.21446789567564,0.1557175320993669,5.7151776677272425e-06,-0.185486526380117,0.0001773207712134,0.0256025144900604,0.6863108036583017,9.682331334064337,52.884879643420525,9.724728168743884
4.22,31.221864610291792,131.01125182712195,175.581837265644,-0.7203345108928584,5.334931716848447e-05,-9.308888126826307,-0.0022774020141639,-2.5664357868606054,0.0,52.79907322790793,29.08435820866588,50.17774130610223,0.0221376378914942,113.7254595644242,1678.9090411096213,15.288,0.0,4.21611651708045,0.1554656391168308,5.754819975953654e-06,-0.1828538726607295,0.0001774304524516,0.0251971910556836,0.7203345128687401,9.700103221753952,52.79908160799908,9.656189517216744
4.23,31.22186356901492,131.01125462624617,175.99103010642543,-0.7524759646940654,2.3495254850331703e-05,-9.28747635614416,-0.0022398622706258,-2.3854802376918744,0.0,52.71338081291722,29.080007063561045,50.07367707814702,0.0222144261668893,113.7255567705778,1673.397758256493,15.288,0.0,4.217745091917537,0.1552140389616627,5.7931305062399695e-06,-0.1801177381809869,0.0001774347956256,0.0247788926744747,0.7524759650607422,9.717870889256018,52.71338450354322,9.588938317005605
4.24,31.22186252786114,131.01125742495475,176.3991400533965,-0.7826731295790313,-6.035584970624679e-06,-9.265395938540278,-0.0021974268495759,-2.2014767592504088,0.0,52.627799601444494,29.075761350298944,49.97120566129872,0.0222915095804586,113.72565447806367,1667.9029737144087,15.288,0.0,4.219369358196276,0.1549627620172557,5.830073733793151e-06,-0.17728553857149,0.0001773355781943,0.0243487112652717,0.7826731296024698,9.735609357042987,52.62779865337702,9.523343249517112
4.25,31.221861486826743,131.01126022325747,176.8061666672327,-0.8108817081058458,-3.518564612807366e-05,-9.242690773852932,-0.0021502546228662,-2.014842754373844,0.0,52.54232998640658,29.071613579189112,49.8703801619972,0.0223688479576717,113.72575263494798,1662.424674421778,15.288,0.0,4.220989314150158,0.1547118094534713,5.865617537962424e-06,-0.1743647918629378,0.0001771347614353,0.0239077409978152,0.8108817088691129,9.7532974177532,52.54232445945821,9.459753098760762
4.26,31.22186044590832,131.01126302116344,177.21210956723667,-0.837061890029526,-6.389880262179866e-05,-9.219407062692488,-0.0020985113425526,-1.8259930433392328,0.0,52.45697235262484,29.06755621088777,49.77124936130149,0.0224464014760794,113.7258511894318,1656.962846690153,15.288,0.0,4.222604958238577,0.1544611824164404,5.8997332281163724e-06,-0.1713630822701364,0.000176834486588,0.0234570780411831,0.837061892467928,9.770915078010718,52.45696231542439,9.398495708659832
4.27,31.22185940510272,131.01126581868093,177.6169684313386,-0.8611783638613758,-9.212045132318928e-05,-9.195593030090004,-0.0020423691323655,-1.635339044850599,0.0,52.371727076607314,29.06358167336459,49.67385768132145,0.0225241307140128,113.72595008992404,1651.5174761954358,15.288,0.0,4.224216289142303,0.1542108820279194,5.932395555837288e-06,-0.1682880433573366,0.0001764370671407,0.0229978182116289,0.8611783687881935,9.788443691891612,52.37171260636066,9.33987522068279
4.28,31.221858364407083,131.01126861581756,178.02074299112624,-0.8832003189403551,-0.0001197975997064,-9.171298641198849,-0.0019820059789747,-1.4432879871795674,0.0,52.28659452637493,29.059682378542323,49.57824516122778,0.0226019966957314,113.72604928511124,1646.0885479725448,15.288,0.0,4.2258233057905885,0.1539609093847715,5.963582719440304e-06,-0.165147341470198,0.0001759449809157,0.0225310546802916,0.8832003270642766,9.805866079642389,52.28657570861197,9.28416947865238
4.29,31.22185732381881,131.01127141258024,178.42343302985708,-0.9031110095365732,-0.0001468770649312,-9.14657486604674,-0.0019176061526362,-1.2502376547712712,0.0,52.20156783533085,29.05585074783325,49.48444744318465,0.0226799609335602,113.72614872402434,1640.6755921918912,15.288,0.0,4.227414672658565,0.1537112442811014,5.9932763619012456e-06,-0.1619486522177998,0.0001753608634771,0.0220578717039443,0.9031110214790709,9.823168826737852,52.20154476393544,9.23162659832054
4.3,31.221856283335583,131.01127420897507,178.82503841028722,-0.9208866021678456,-0.0001733096781291,-9.121474174611285,-0.0018493581175979,-1.056583478195743,0.0,52.1166487841364,29.05207925562985,49.392495781140205,0.0227579854768487,113.72624835611532,1635.2786846040387,15.288,0.0,4.228992674211795,0.153461891973332,6.021461554892385e-06,-0.158699616722097,0.0001746875057249,0.0215793455731799,0.9208866184749068,9.840337592015338,52.11662156071582,9.182464984121763
4.31,31.2218552429554,131.01127700500754,179.2255590279574,-0.9365019770790368,-0.0001990492678277,-9.096050306853751,-0.0017774537953787,-0.8627187680302677,0.0,52.031843511055776,29.04836036672356,49.30241704606368,0.0228360329486205,113.72634813131876,1629.898173266548,15.288,0.0,4.230566414678292,0.1532128705494331,6.048126767005684e-06,-0.1554078973139826,0.0001739278308013,0.021096550133636,0.9365019982308416,9.85735839291828,52.0318122444699,9.136871347286657
4.32,31.22185420267642,131.0112798006823,179.6249948579058,-0.9499441352135696,-0.0002240500680394,-9.07035727004258,-0.0017020895668352,-0.6690268120255806,0.0,51.947152348743046,29.04468658658274,49.21423372266591,0.022914066567651,113.72644800009446,1624.5340406046323,15.288,0.0,4.232135893897488,0.1529641810025298,6.073263856464236e-06,-0.1520811331460133,0.000173084891498,0.020610546546617,0.9499441616332904,9.874220780073502,51.94711715504066,9.094997568912941
4.33,31.2218531624972,131.01128259600335,180.02334592485192,-0.961204455273011,-0.0002482682871111,-9.044449348930574,-0.0016234651674908,-0.4758832416951059,0.0,51.86257562075448,29.04105048184928,49.127963929659614,0.0229920501783827,113.72654791348164,1619.186268390362,15.288,0.0,4.23370111196751,0.1527158242990478,6.096868041614541e-06,-0.1487269183558797,0.0001721618631086,0.0201223828839595,0.9612044873320796,9.89091613277282,51.86253662286313,9.056960390811923
4.34,31.221852122416475,131.01128539097397,180.42061231412777,-0.9702786438978837,-0.0002716621644159,-9.018380818978727,-0.0015417832010138,-0.2836554365245538,0.0,51.77811364145683,29.037444694455885,49.043621449288445,0.0230699482788917,113.7266478231506,1613.854837741584,15.288,0.0,4.235262069191656,0.15246780137845,6.11893786284384e-06,-0.1453527876490592,0.0001711620347703,0.0196330922567123,0.97027868192465,9.907437685019934,51.77807096886383,9.02284075997625
4.35,31.221851082433307,131.01128818559667,180.81679417167888,-0.9771666780150629,-0.000294192023234,-8.99220566612294,-0.0014572486590535,-0.0927019615067693,0.0,51.69376671601358,29.03386195524913,48.96121576500471,0.0231477260470997,113.7267476814526,1608.5397291269678,15.288,0.0,4.236818766109624,0.1522201131531884,6.1394751380945006e-06,-0.1419662023181295,0.0001700888007552,0.0191436910221244,0.9771667222965102,9.92378053648928,51.69372050443863,8.992683610529973
4.36,31.221850042546983,131.01129097987345,181.2118916990936,-0.9818832341314994,-0.0003158181563517,-8.96597681493874,-0.0013700695256672,0.0966328167286966,0.0,51.6095271589284,29.030295108249103,48.88075210777877,0.0232253493650282,113.72684744146748,1603.240426485659,15.288,0.0,4.2383588200766535,0.1519727370059993,6.158484913387096e-06,-0.1385745278035109,0.0001689456537108,0.0186551729855539,0.9818832849172642,9.939944169490396,51.60947755032841,8.966497645367363
4.37,31.221849002757065,131.01129377380542,181.60590516056112,-0.984432304097491,-0.0003365060454272,-8.939746886050603,-0.0012804542044382,0.2840095877281085,0.0,51.52539846689658,29.02673714369121,48.80223152379756,0.0233027848518863,113.72694705706336,1597.9571105840491,15.288,0.0,4.239887255023401,0.1517256832472367,6.17597539952931e-06,-0.1351849986901445,0.0001677361808697,0.0181685119427878,0.9844323616053968,9.955926380715466,51.525345608650575,8.944257234233367
4.38,31.22184796306336,131.01129656739306,181.99883487193807,-0.98481993215591,-0.0003562238216162,-8.913567669342783,-0.0011886115140226,0.4690967768851304,0.0,51.441385690235045,29.02318113859076,48.72565093373004,0.023379999883409,113.72704648293796,1592.6900569940278,15.288,0.0,4.241411486967992,0.1514789667624391,6.191957897928623e-06,-0.1318047727898946,0.0001664640405232,0.0176846653017962,0.9848199965752246,9.971726270532631,51.441329734728,8.925902856004779
4.39,31.221846923465943,131.0112993606363,182.3906812057168,-0.9830624258532566,-0.0003749405693229,-8.88748938768728,-0.0010947513571313,0.6515759614873748,0.0,51.35748909747145,29.01962030414782,48.651003186434366,0.0234569626011744,113.72714567464706,1587.4392436448263,15.288,0.0,4.242931517345937,0.1512325883565308,6.206446749551992e-06,-0.1284408882148131,0.0001651329600446,0.017204566252102,0.9830624973479224,9.987346212187484,51.35743020194455,8.911342213624318
4.4,31.22184588396509,131.0113021535343,182.7814445989784,-0.9791799695259044,-0.0003926276414227,-8.861560728944852,-0.0009990837541966,0.8311398442790568,0.0,51.27370894807257,29.016048000520847,48.578277132786766,0.0235336419298151,113.72724458864307,1582.2046478510524,15.288,0.0,4.244447347817328,0.1509865488078445,6.219459263506163e-06,-0.1251002469637703,0.0001637467282851,0.0167291234955168,0.9791800482351626,10.00279029064258,51.27364727426687,8.900452403765449
4.41,31.221844844561385,131.0113049460857,183.1711255384824,-0.9731965264710596,-0.00040925868077,-8.835828636969206,-0.000901818420272,1.0074926177550436,0.0,51.19004549251968,29.012457747174672,48.507457706539086,0.0236100075938467,113.7273431823129,1576.9862463244117,15.288,0.0,4.245958980240402,0.150740848868321,6.231015639387744e-06,-0.1217896038842562,0.0001623091869577,0.016259219948502,0.973196612515678,10.018064234327332,51.18998120631643,8.893082136694368
4.42,31.221843805255578,131.01130773828842,183.5597245626549,-0.9651397354572756,-0.0004248096376266,-8.810338118598516,-0.0008031643531041,1.180350296187759,0.0,51.10649897244211,29.008843232648022,48.43852601136489,0.0236860301329327,113.72744141401388,1571.7840151856287,15.288,0.0,4.24746641670678,0.150495489263916,6.241138885038244e-06,-0.1185155561658383,0.0001608242220987,0.0157957115295127,0.9651398289390496,10.033175336158289,51.10643224350027,8.889054237139828
4.43,31.22184276604868,131.01131053013984,183.94724226854672,-0.9550481649730778,-0.000439257194787,-8.785131732195882,-0.0007033301940954,1.3494442458041795,0.0,51.02306398094758,29.00519832913061,48.37145941399467,0.0237616809165666,113.72753924310815,1566.5975836530476,15.288,0.0,4.248961005296845,0.1502504540871366,6.249854730670802e-06,-0.1152845292451069,0.0001592957565941,0.0153394237867012,0.9550482659778304,10.04813413744471,51.02299498258878,8.888168530087759
4.44,31.22184172694189,131.01131332163675,184.3336793018929,-0.9429579573055062,-0.0004525815973764,-8.760249882711959,-0.0006025229019769,1.5145173813758854,0.0,50.939739539383496,29.001517131424457,48.30623165368346,0.0238369321660256,113.72763663000713,1561.4268546934886,15.288,0.0,4.2504409394790255,0.1500057404704136,6.257191535930508e-06,-0.1121027380140493,0.0001577277488305,0.0148911501385873,0.9429580659059612,10.06295113469288,50.93966844803242,8.890204793427337
4.45,31.22184068793668,131.0113161127754,184.71903636407083,-0.9288981149450756,-0.0004647676979263,-8.73573113718907,-0.00050094620405,1.6753195369025964,0.0,50.85653270806317,28.997793895240008,48.24281295106615,0.0239117569710025,113.72773353620752,1556.2722237317796,15.288,0.0,4.251916738579832,0.149761369219188,6.263180178941134e-06,-0.108976240649588,0.0001561241697179,0.014451660105085,0.9288982312063928,10.077635575548356,50.8564597025239,8.894925199400458
4.46,31.22183964903468,131.01131890355143,185.10331419917893,-0.9129098154263888,-0.0004758007577018,-8.711611178202693,-0.0003988023456052,1.831616636265,0.0,50.77344369471584,28.99402307039051,48.181170101436045,0.0239861292908354,113.72782992430736,1551.1336646648272,15.288,0.0,4.253388405442378,0.1495173409598497,6.267853974401537e-06,-0.105910910369394,0.0001544889992134,0.0140216913260367,0.9129099394078686,10.092200027370424,50.77336895610759,8.902077790126985
4.47,31.22183861023772,131.01132169396007,185.48651360795253,-0.8950373225264932,-0.0004856683597759,-8.687923049575605,-0.0002962909807309,1.9831876132890027,0.0,50.69047269902145,28.990199315687192,48.12126658668436,0.0240600239651159,113.72792575803318,1546.0111508719,15.288,0.0,4.254855943096696,0.1492736562951589,6.2712485755711695e-06,-0.1029124184829754,0.0001528262205473,0.0136019496621137,0.8950374542831997,10.106658098622502,50.69039641041389,8.911399447485135
4.48,31.22183757154785,131.01132448399596,185.8686354298717,-0.875327856126998,-0.0004943603987144,-8.664697070791265,-0.0001936088373267,2.129824559526964,0.0,50.60761991283163,28.98631750516681,48.063062692866914,0.024133416725029,113.72802100226802,1540.9046552344548,15.288,0.0,4.256319354764106,0.149030315804874,6.273401870488527e-06,-0.0999862271958184,0.0001511398124509,0.0131931084888102,0.8753279957168869,10.121024314962948,50.60754225888179,8.922618899203716
4.49,31.22183653296727,131.01132727365322,186.24968055906464,-0.8538314588231155,-0.0005018690654641,-8.641960769934698,-9.094939617263464e-05,2.2713328431213062,0.0,50.524885520376536,28.982372733729395,48.00651563174908,0.0242062842041884,113.72811562307808,1535.814150153034,15.288,0.0,4.25777864381808,0.1487873200463602,6.274353875603757e-06,-0.0971375829748706,0.0001494337415562,0.0127958080728718,0.8538316063078084,10.135313991285608,50.52480668696808,8.935459632363834
4.5,31.221835494498364,131.01133006292557,186.62964992244324,-0.8306011197722638,-0.0005081887702456,-8.619738824311204,1.1497390267142416e-05,2.407531304352699,0.0,50.442269497819126,28.97836032219356,47.95157966600724,0.0242786039488312,113.72820958773802,1530.7395953855796,15.288,0.0,4.259233509205781,0.1485446689643102,6.274146627112275e-06,-0.0943715104749176,0.0001477119549813,0.0124106549808308,0.830601275224892,10.149543161122956,50.44218967171376,8.94964269571184
4.51,31.22183445614369,131.01133285180634,187.0085444995784,-0.8057073721417242,-0.0005133127729956,-8.598052340212654,0.0001135436463711,2.53825932309436,0.0,50.359760206324864,28.97427584818928,47.89820624130893,0.0243503544306281,113.72830286475876,1525.6802469941488,15.288,0.0,4.260666058568161,0.1483023282989321,6.272824072339107e-06,-0.0916927844127448,0.0001459783787422,0.0120382159288406,0.8057075356453489,10.1637318407455,50.35967957534304,8.96489065461503
4.52,31.221833417905987,131.0113356402884,187.38636530580567,-0.779192251962269,-0.0005172435326877,-8.576920800396465,0.0002150086741944,2.663357395410933,0.0,50.27736982039229,28.97011512206507,47.8463441326117,0.0244215150674934,113.72839542392576,1520.6368062863064,15.288,0.0,4.262094548901335,0.1480603339170585,6.2704319419014e-06,-0.0891059444020557,0.0001442369058898,0.0116790286401322,0.7791924236300278,10.177893262238278,50.27728857196817,8.980926626923994
4.53,31.221832379788065,131.01133842836416,187.7631133952069,-0.7511156774843449,-0.0005199822051548,-8.55636026832221,0.0003157149190265,2.7826845670968505,0.0,50.19509849651576,28.965874165922045,47.795939565635486,0.0244920662231773,113.72848723630808,1515.6092439408512,15.288,0.0,4.263518984183821,0.1478186862945579,6.26701763957444e-06,-0.0866153195239839,0.0001424913824422,0.0113335964400733,0.7511158574605203,10.192044564320748,50.19501681790198,8.997479343736101
4.54,31.22183134179296,131.01134121602567,188.138789859616,-0.7215396848998537,-0.0005215321097928,-8.53638394888212,0.00041548946601,2.896113339254247,0.0,50.112946384960765,28.96154924243171,47.74693634755041,0.0245619892122106,113.72857827427347,1510.5975302614056,15.288,0.0,4.264939368531471,0.1475773858889784,6.26263013731066e-06,-0.084224998386509,0.0001407456072547,0.011002387633406,0.7215398733725941,10.206203010259598,50.11286446288853,9.01428441803176
4.55,31.22183030392377,131.01134400326484,188.51339582762515,-0.6905282823607805,-0.000521898691527,-8.517002224693375,0.0005141642744827,3.003529626805952,0.0,50.0309136300438,28.95713685685712,47.69927600563794,0.0246312663083216,113.72866851150796,1505.6016351956644,15.288,0.0,4.2663557061846,0.1473364331403822,6.2573198593033246e-06,-0.0819388258103859,0.0001390033256684,0.0106858353500648,0.6905284795756486,10.22038585656568,50.03083165038904,9.031086168279977
4.56,31.221829266183807,131.011346790073,188.886932459616,-0.6581473026212828,-0.0005210894803033,-8.498222707355625,0.0006115763979853,3.104832692444335,0.0,49.94900037046736,28.952633758756,47.65289792771172,0.0246998807530124,113.72875792303446,1500.6215283586296,15.288,0.0,4.267768001525154,0.1470958284723332,6.2511385653999226e-06,-0.0797604000520125,0.0001372682233949,0.0103843374640183,0.6581475088986389,10.234610224410018,49.9489185179232,9.047639228324236
4.57,31.221828228576378,131.01134957644123,189.25940094676443,-0.6244642549834429,-0.0005191140465034,-8.480050302824838,0.0007075681890949,3.1999350568841765,0.0,49.86720673963008,28.948036943156783,47.60773950399292,0.0247678167634363,113.7288464852302,1495.6571790563985,15.288,0.0,4.269176259042372,0.1468555722927848,6.244139234123259e-06,-0.0776930705561311,0.0001355439206442,0.0100982565833561,0.6244644707430786,10.248892974672602,49.867125197386336,9.063709947221872
4.58,31.221827191105007,131.0113523623604,189.6308025080617,-0.5895528054537394,-0.0005159828550901,-8.462487111595468,0.0008019869991414,3.2887642853378107,0.0,49.785529261986326,28.94334365320539,47.563736270166416,0.0248350595401719,113.72893417584297,1490.7083404829905,15.288,0.0,4.27057508087992,0.146615654381571,6.236375945835994e-06,-0.0757399348148815,0.0001338339668686,0.0098279192146117,0.589553031242692,10.263251576427187,49.78544821158898,9.079078107474132
4.59,31.221826153773232,131.01135514782115,190.0011384002508,-0.5534893664760075,-0.000511707960244,-8.445532542988689,0.0008946853313603,3.3712628979336854,0.0,49.70396333666426,28.93855141125512,47.52082205872463,0.0249015952799436,113.72902097401344,1485.7747000127194,15.288,0.0,4.271957419978387,0.1463760612043293,6.227903766254673e-06,-0.073903808183706,0.0001321418429216,0.0095736127028029,0.5534896030090155,10.277703246026418,49.70388295776583,9.093538049743184
4.6,31.221825116584743,131.0113579328139,190.3704098929804,-0.5163348282705049,-0.0005063072986651,-8.429184271414098,0.0009855234668317,3.447378721213412,0.0,49.622517414734666,28.933657961691647,47.47892915248447,0.0249674111896596,113.7291068602988,1480.8567259283031,15.288,0.0,4.2733357866921535,0.14613681766404,6.218778612125263e-06,-0.0721872730311999,0.0001304709430668,0.0093355945856124,0.5163350765010212,10.292261038039854,49.62243788417017,9.106896754668208
4.61,31.22182407954327,131.01136071732864,190.7386182857016,-0.4781618954869971,-0.0004997981098625,-8.413437292191448,0.001074366720764,3.517075906776425,0.0,49.541191612005086,28.928661282336847,47.43798841461096,0.025032495481213,113.72919181666944,1475.9543865349117,15.288,0.0,4.274710185868443,0.1458979241169116,6.209057147867787e-06,-0.0705926720566442,0.0001288245717467,0.0091140877711925,0.4781621566874822,10.30693961920762,49.54111310390157,9.118977528096494
4.62,31.22182304265259,131.01136350135548,191.10576489971672,-0.4390442085281177,-0.0004921994102681,-8.398284399416626,0.0011610865122471,3.5803310834611386,0.0,49.45998604075001,28.9235595948677,47.39792943108608,0.0250968373758469,113.72927582651816,1471.0676499474555,15.288,0.0,4.276080622430748,0.1456593809087481,6.198796674804959e-06,-0.069122095616252,0.000127205942342,0.0089092808600216,0.4390444844178434,10.321752853542808,49.45990872624744,9.129619535818817
4.63,31.2218220059166,131.0113662848842,191.47185107519763,-0.3990561971029227,-0.0004835319335265,-8.38371631471157,0.001245560481289,3.6371331413948207,0.0,49.378900810073546,28.918351363117367,47.35868065512334,0.0251604271091618,113.72935887466949,1466.1964841145386,15.288,0.0,4.277447101357642,0.1454211883760114,6.188055016904577e-06,-0.0677773824569676,0.0001256181728559,0.0087213285200252,0.3990564900434142,10.336713714589052,49.37882485705504,9.138678147588655
4.64,31.22182096933919,131.01136906790447,191.83687816621688,-0.3582729349397205,-0.0004738180679065,-8.369721822706008,0.0013276725911341,3.6874829977838814,0.0,49.29793602631168,28.913035290947423,47.32016955104338,0.0252232559356625,113.72944094738789,1461.340856844656,15.288,0.0,4.278809627712439,0.1451833468469977,6.17689040774142e-06,-0.0665601209080604,0.000124064281869,0.0085503519182543,0.3582732482493551,10.351834205886847,49.297861599143616,9.146025148179994
4.65,31.22181993292436,131.0113718504059,192.20084754770448,-0.3167699959966142,-0.0004630817920706,-8.356287912111041,0.0014073132164722,3.731393345319341,0.0,49.21709179340085,28.9076103197074,47.2823227373518,0.0252853161324548,113.72952203238432,1456.5007358269788,15.288,0.0,4.280168206617774,0.1449458566429528,6.165361378877716e-06,-0.0654716505176789,0.0001225471847654,0.0083964392067576,0.316770334480063,10.367125290063637,49.21701905268305,9.151548827827837
4.66,31.22181889667608,131.011374632378,192.56376060650325,-0.2746275971004928,-0.0004513475382443,-8.343399776060066,0.0014843787574581,3.768890109281704,0.0,49.13636484664692,28.90207562700133,47.245066128789205,0.0253466010023159,113.7296021188214,1451.6758897341867,15.288,0.0,4.281517857901584,0.1447087081643278,6.153526650101857e-06,-0.0645130628978659,0.000121069690558,0.0082596453378308,0.2746279679898221,10.382597635473696,49.13629394914141,9.155154541698403
4.67,31.22181786059837,131.01137741381007,192.92561874137007,-0.2319280792976598,-0.0004386406895502,-8.331040955556617,0.0015587716057357,3.80001249032214,0.0,49.05575036749754,28.89643065247704,47.20832508396514,0.0254071048810673,113.72968119732404,1446.8659969389876,15.288,0.0,4.282851331976518,0.1444718872352027,6.141445021909596e-06,-0.0636851767081916,0.0001196345060269,0.0081399894747421,0.2319284940897663,10.39826105788196,49.05568146597915,9.156764753969323
4.68,31.22181682469527,131.01138019469153,193.28642335999407,-0.1887370677128102,-0.0004249922274748,-8.319194254789693,0.0016304027102058,3.8248032509710232,0.0,48.97525674381571,28.89067504156524,47.17202455350582,0.025466823145735,113.72975925999056,1442.0715155073435,15.288,0.0,4.284180924362561,0.1442354185731811,6.129175252279806e-06,-0.0629885870073889,0.000118244220366,0.008037464010254,0.1887375462038999,10.414121032453206,48.97518998619273,9.156315613595751
4.69,31.221815788970844,131.01138297501174,193.64617587303243,-0.1451307120613732,-0.0004104318226832,-8.307840971053038,0.001699188705971,3.8433193008866655,0.0,48.89488407392752,28.88480865175248,47.13608920353255,0.02552575220413,113.72983630037842,1437.29241290368,15.288,0.0,4.285506640284336,0.143999302482902,6.116775964418033e-06,-0.062423663623047,0.0001169013037709,0.007952030990485,0.1451312924119154,10.43018383111591,48.89481960344757,9.15376030580426
4.7,31.221814753429108,131.01138575476003,194.00487770603823,-0.1011849735646483,-0.0003949903912954,-8.296961356109746,0.0017650528739701,3.855627834281607,0.0,48.81463245567988,28.87883155964036,47.10044354887408,0.0255838894920745,113.72991231349992,1432.5286565939612,15.288,0.0,4.286828484962289,0.1437635392675709,6.1043055494319765e-06,-0.0619905420327309,0.0001156081084303,0.0078836226119749,0.1011857445133938,10.44645446911762,48.8145704107343,9.149067540283939
4.71,31.221813718074145,131.01138853392578,194.3625302775955,-0.056975494541521,-0.0003787000218852,-8.286534767764463,0.0018279251475715,3.861805992484008,0.0,48.73450198686312,28.872744056281064,47.065012086323264,0.0256412334718088,113.72998729581902,1427.7802140723452,15.288,0.0,4.288146463654512,0.1435281292301863,6.091822066922649e-06,-0.061689127367846,0.0001143668663796,0.0078321419812974,0.0569767530861405,10.46293668994797,48.73444250080279,9.142221137243673
4.72,31.221812682909967,131.01139131249835,194.7191350162159,-0.0125774710231502,-0.0003615939019515,-8.276539819641545,0.0018877421065193,3.861940515387963,0.0,48.65449276555835,28.866546642218697,47.02971942551186,0.0256977836282939,113.73006124524538,1423.0470528799035,15.288,0.0,4.289460581589816,0.1432930726745821,6.079383148131676e-06,-0.0615190987582865,0.0001131796876214,0.0077974639115165,0.0125826677329313,10.479632959584237,48.654435966521056,9.133219557969545
4.73,31.22181164794056,131.01139409046726,195.07469334542813,0.0319344716340884,-0.000343706244024,-8.266954528281097,0.0019444469586491,3.856127382640724,0.0,48.57460489056523,28.86024002225384,46.994490417210336,0.0257535404651185,113.7301341611275,1418.3291406315918,15.288,0.0,4.290770844022105,0.1430583699066645,6.067045901770179e-06,-0.0614799140015969,0.0001120485585089,0.0077794357530147,0.0319363212081448,10.496544469837982,48.57455090131467,9.122075385826019
4.74,31.221810613169936,131.011396867822,195.42920668775707,0.0764863998073921,-0.0003250722104447,-8.257756456698646,0.0019979895092251,3.8444714455614233,0.0,48.49483846178013,28.85382509994946,46.95925027887328,0.0258085054987456,113.73020604424332,1413.6264450369172,15.288,0.0,4.292077256213657,0.1428240212355379,6.054866822645024e-06,-0.0615708145400713,0.0001109753403891,0.0077778782560915,0.0764870905931189,10.51367115057391,48.49478739955672,9.108814762956122
4.75,31.221809578602016,131.01139964455217,195.7826764607466,0.1209915274098558,-0.0003057242242576,-8.248922423572996,0.002048324475521,3.82709205987206,0.0,48.415182717416975,28.847302991264183,46.92392471974829,0.0258626812529605,113.73027689679142,1408.9383016622096,15.288,0.0,4.293363950732252,0.1425899949809651,6.042901705040605e-06,-0.0617908136045518,0.0001099617731944,0.0077925825547712,0.1209919136638342,10.531013848693943,48.41513469436813,9.093478926158806
4.76,31.221808544240712,131.0114024206476,196.1351040779547,0.1653907960013465,-0.0002857025527294,-8.240429802980353,0.0020954157954552,3.804106721218304,0.0,48.3356481225992,28.84067500297959,46.888440073356655,0.025916071260798,113.73034672239174,1404.265283728016,15.288,0.0,4.294646115382461,0.1423563219788591,6.0312055450803005e-06,-0.0621387118677192,0.0001090094718517,0.0078233175211329,0.1653910427692375,10.54856788270854,48.335603244547166,9.076117874677061
4.77,31.221807510089867,131.0114051960981,196.4864909410016,0.2096136990222347,-0.0002650449298573,-8.23225563674104,0.0021392328435826,3.7756443252759855,0.0,48.25623528795113,28.83394259886505,46.85272340399193,0.0259686800466202,113.73041552605989,1399.607388805014,15.288,0.0,4.29592449428548,0.1421230040423474,6.019832459014949e-06,-0.0626131347754093,0.0001081199170361,0.0078698297045133,0.209613866589553,10.566329454006578,48.256193654790906,9.05679454972677
4.78,31.221806476153272,131.01140797089374,196.83683844752272,0.2535902327428774,-0.0002437895704085,-8.224377019745804,0.0021797512922311,3.74184132632284,0.0,48.17694432158765,28.82710741729792,46.816702613630994,0.0260205131098429,113.7304833141831,1394.9645851957875,15.288,0.0,4.297199092520843,0.1418900415045558,6.008835613979811e-06,-0.0632125143168557,0.0001072944614469,0.0079318427219743,0.2535903499259347,10.584293735759305,48.17690602721148,9.035582915651654
4.79,31.221805442434647,131.0114107450247,197.18614798023427,0.2972516360264501,-0.0002219752620192,-8.216771232613345,0.0022169530901421,3.702841100826389,0.0,48.097775334574486,28.820171264616164,46.7803065512681,0.0260715769120152,113.73055009450124,1390.3368414032257,15.288,0.0,4.298469915130916,0.1416574347072429,5.998267152092792e-06,-0.063935095099184,0.0001065343297426,0.0080090582993594,0.2972517189066712,10.602454820964883,48.097740466781865,9.012567149372726
4.8,31.22180440893767,131.01141351848136,197.53442090991683,0.3405304888827292,-0.0001996412901004,-8.209415849713368,0.0022508263668839,3.65879354320668,0.0,48.0187284412665,28.813136108435494,46.74346511861936,0.0261218788617396,113.73061587608473,1385.7241261482443,15.288,0.0,4.299736967087858,0.1414251840018024,5.988178117800288e-06,-0.0647789408135776,0.0001058406186577,0.0081011572716645,0.3405305474029315,10.620805779352558,48.01869708168598,8.98784088931014
4.81,31.22180337566592,131.0114162912543,197.8816585924336,0.3833608069729296,-0.0001768273633057,-8.202288839517133,0.0022813653278896,3.6098546587121816,0.0,47.9398037597002,28.806004070828184,46.70610937207257,0.0261714272982912,113.73068066931069,1381.1264083910464,15.288,0.0,4.301000253347314,0.1411932897504174,5.978618388571958e-06,-0.0657419408898457,0.0001052142973484,0.0082078005978513,0.3833608477540783,10.639338719907007,47.939775983722924,8.961506462002976
4.82,31.221802342622905,131.0114190633343,198.22786236674227,0.4256781318006221,-0.0001535735394876,-8.195368656949139,0.0023085701404401,3.556186154359557,0.0,47.86100141189284,28.79877742137852,46.66817162077936,0.0262202314737897,113.7307444858378,1376.5436573473824,15.288,0.0,4.3022597787782,0.140961752326933,5.969636608988083e-06,-0.0668218173223041,0.0001046562079581,0.0083286303877217,0.4256781595023062,10.658044858437918,47.86097728861767,8.933674088372547
4.83,31.22180130981205,131.01142183471242,198.5730335548964,0.4674157716724316,-0.0001299190828064,-8.188634236021112,0.0023324463950392,3.4979565244858666,0.0,47.78231844349781,28.79145857151773,46.62958552081392,0.026268301533267,113.7308073385779,1371.9756655948895,15.288,0.0,4.303511100106819,0.1407305630444878,5.9612801284675214e-06,-0.0680161306319441,0.0001041670666826,0.0084632702662212,0.4674157897278309,10.676915095538147,47.782298035856,8.904461574898086
4.84,31.221800277236685,131.01142460537983,198.91717346105088,0.5085065028603155,-0.000105902811074,-8.182065042028526,0.0023530048366393,3.435341122748408,0.0,47.70375007007758,28.784050092908096,46.59028617135604,0.0263156484980181,113.73086924167256,1367.4221220025684,15.288,0.0,4.304747151267368,0.1404997078259383,5.953594943065482e-06,-0.0693222622396398,0.0001037474716676,0.0086113235174286,0.5085065138877354,10.69593983429369,47.70373343490292,8.873993605939962
4.85,31.22179924490005,131.0114273753281,199.2602833684812,0.5489009804145059,-8.156816808326206e-05,-8.175641667380908,0.0023702636640516,3.36851300574073,0.0,47.62530442833874,28.77655466476609,46.55021020897895,0.0263622842493109,113.7309302104704,1362.8834568729171,15.288,0.0,4.305979503614766,0.1402692106500643,5.946625624413703e-06,-0.0707374628806281,0.0001033978927316,0.0087723819417127,0.5489009864755899,10.715106717141824,47.625291615640855,8.842397987051317
4.86,31.221798212805275,131.01143014454897,199.60236453958333,0.5885416872926617,-5.695589010184458e-05,-8.169345274530457,0.0023842455990167,3.297652541514111,0.0,47.54698165972112,28.76897507475257,46.50929587687583,0.0264082214935918,113.73099026147936,1358.3596406188703,15.288,0.0,4.307208161698982,0.1400390719476606,5.9404152781867696e-06,-0.0722588564652848,0.0001031186737051,0.0089460227675925,0.5885416900486855,10.734404147354716,47.546972713110826,8.8098081808672
4.87,31.2217971809554,131.01143291303447,199.94341820394783,0.6273730177982019,-3.2106705289590105e-05,-8.163157847333101,0.002394978636447,3.2229437522894298,0.0,47.46878191123904,28.761314221990705,46.46748310031518,0.0264534737349184,113.73104941232874,1353.85064399042,15.288,0.0,4.308433129947681,0.1398092921658677,5.935005499813548e-06,-0.0738834356377511,0.0001029100373113,0.0091318096176577,0.6273730186196186,10.75382002674202,47.46877686792957,8.776361330689396
4.88,31.22179614935333,131.011435680777,200.2834455842004,0.6653413414434317,-7.061265438131271e-06,-8.157062232358836,0.0024024958858538,3.144573911074793,0.0,47.39070533583065,28.75357510971765,46.42471355991994,0.0264980552466595,113.731107681731,1349.3564380909288,15.288,0.0,4.309654412743672,0.1395798717692142,5.930436329410673e-06,-0.0756080692773183,0.0001027720869213,0.0093292935607616,0.6653413414807394,10.773341840073,47.39070422664968,8.742197384912652
4.89,31.22179511800192,131.0114384477691,200.62244786022367,0.702395062159698,1.813992065632751e-05,-8.151042171779691,0.0024068354070313,3.062733141966896,0.0,47.312752092585846,28.74576083792281,46.38093076063319,0.0265419810424729,113.73116508944275,1344.8769943891368,15.288,0.0,4.310872014339306,0.1393508112402669,5.926746210195026e-06,-0.0774295100563483,0.0001027048084817,0.00953801416119,0.7023950623939726,10.7929567401377,47.31275494199792,8.707458215684419
4.9,31.22179408690384,131.01144121400372,200.9604261959908,0.738484673135333,4.345655279160917e-05,-8.145082328009693,0.002408040040348,2.977614024731289,0.0,47.23492234708305,28.73787459598347,46.33608009634221,0.0265852668451927,113.73122165622264,1340.41228473386,15.288,0.0,4.312085938942082,0.1391221110806435,5.923971950359856e-06,-0.0793444020393529,0.0001027080726074,0.0097575005228894,0.7384846744139814,10.812651632821902,47.2349291732224,8.672286734707813
4.91,31.22179305606169,131.01144397947408,201.29738172465832,0.7735628069583415,6.884860298091244e-05,-8.139168300317545,0.0024061572322641,2.889411204447888,0.0,47.15721627157191,28.72991965531157,46.29010891014096,0.026627929054487,113.73127740378884,1335.962281363736,15.288,0.0,4.313296190596422,0.1388937718115222,5.922148688393255e-06,-0.0813492883083431,0.0001027816368324,0.0099872723269188,0.7735628100218334,10.832413261661166,47.157227086285175,8.63682600952894
4.92,31.221792025477928,131.01144674417378,201.63331554956068,0.8075812297391107,9.427727567948637e-05,-8.133286574703414,0.0024012385289427,2.7983221630570703,0.0,47.079631574541935,28.7218993628592,46.242966550226406,0.0266699847132085,113.7313323547742,1331.5268171620523,15.288,0.0,4.314499252145322,0.1386657866973991,5.921309861942364e-06,-0.0834406180050428,0.0001029251481791,0.0102268402507371,0.8075812352419917,10.85222862078799,47.07964638358177,8.601218704372867
4.93,31.221790995154883,131.01144950809663,201.96822874420943,0.8404898324321696,0.0001197054074926,-8.127424452579593,0.0023933389962447,2.704548229847411,0.0,47.00216260241954,28.71381715761592,46.1946044265186,0.0267114514764928,113.73138653268576,1327.1055361015035,15.288,0.0,4.315686828941462,0.138438139100094,5.921487181239132e-06,-0.0856147309281216,0.0001031381522474,0.0104757038985802,0.8404898409561273,10.872085123258875,47.00218140570098,8.565606521900888
4.94,31.2217899650948,131.01145227123692,202.3021223522944,0.8722582451791919,0.0001450911363408,-8.121570536203974,0.002382519741712,2.6082846602217,0.0,46.92481786498057,28.705676523740497,46.144976066584285,0.0267523475821466,113.7314399618664,1322.6988828303854,15.288,0.0,4.316870791097644,0.1382108540973776,5.922710589732675e-06,-0.0878679007974196,0.0001034200857886,0.0107333610916177,0.8722582572457924,10.89196839461552,46.92484065584297,8.530126758711424
4.95,31.221788935299703,131.01145503358916,202.63499738569607,0.9028480917232342,0.0001703961229085,-8.11571419180883,0.0023688448206691,2.5097305349539845,0.0,46.84759756389008,28.697480987331183,46.09403714659948,0.0267926918042429,113.7314926674338,1318.306831258319,15.288,0.0,4.318051142204206,0.1379839322967761,5.925008251848947e-06,-0.0901963435905333,0.0001037702792759,0.0109993040813405,0.9028481078013691,10.911865352420302,46.84762432965048,8.494914349929225
4.96,31.22178790577161,131.0114577951482,202.96685482547903,0.9322233188983684,0.000195582593998,-8.109845695586955,0.0023523819657909,2.4090851424335824,0.0,46.770501908698606,28.6892341203288,46.041745527399456,0.0268325034127105,113.73154467522735,1313.9293557360652,15.288,0.0,4.31922788575891,0.1377573743289676,5.928406539754631e-06,-0.0925962123817387,0.0001041879634285,0.0112730207290772,0.9322233394136068,10.931763148665064,46.77053263074063,8.46010011544931
4.97,31.221786876512315,131.01146055590937,203.2976956169236,0.9603502201713576,0.0002206133956886,-8.10395620910312,0.0023332023931257,2.306547630678733,0.0,46.69353111701801,28.680939533494488,45.98806128858585,0.0268718021341354,113.73159601175732,1309.5664310626075,15.288,0.0,4.320401025134741,0.1375311808482919,5.9329300186058046e-06,-0.0950636048310387,0.0001046722722422,0.0115539954678516,0.960350245509344,10.951649240640108,46.69356577088917,8.425809970292713
4.98,31.221785847523527,131.0114633158682,203.6275206735017,0.9871974548998012,0.0002454520445332,-8.098037749304314,0.0023113806063437,2.2023166681326702,0.0,46.61668541469289,28.672600869480863,45.932946758359606,0.0269106081114718,113.73164670415296,1305.2180324905792,15.288,0.0,4.321570563559779,0.1373053525332635,5.938601434946964e-06,-0.0975945706061096,0.0001052222461225,0.0118417102465879,0.9871974854108098,10.971511458115708,46.61672397020988,8.392164168935983
4.99,31.2217848188068,131.01146607502065,203.95633087389368,1.0127360634262943,0.0002700627766759,-8.09208315360961,0.0022869941997682,2.096590113620598,0.0,46.53996503601915,28.664221796008164,45.87636653912139,0.0269489418631026,113.7316967801094,1300.8841357348483,15.288,0.0,4.322736504177584,0.1370798900872156,5.945441708202185e-06,-0.1001851187257639,0.0001058368351117,0.012135645455465,1.0127360994308197,10.991338066522683,46.54000745738091,8.359276589502619
5.0,31.221783790363563,131.011468833363,204.28412706497343,1.036939477898588,0.000294410595114,-8.086086040568988,0.0022601236604813,1.989564695906456,0.0,46.46337022386343,28.655805999152275,45.8182875288867,0.0269868242415229,113.7317462678347,1296.5647169763124,15.288,0.0,4.323898849986811,0.1368547942386428,5.953469925197154e-06,-0.1028312248138794,0.0001065149022021,0.0124352808312093,1.0369395196891706,11.011117825880238,46.463416469771566,8.32725406378603
5.01,31.22178276219511,131.0114715908919,204.61091005186583,1.05978352907673,0.000318461314393,-8.080040766594465,0.0022308521700907,1.88143570312032,0.0,46.38690122983891,28.647357176755087,45.75867893857061,0.0270242763909699,113.73179519599512,1292.259752867078,15.288,0.0,4.32505760387744,0.13663006574173,5.962703337647809e-06,-0.1055288382532688,0.0001072552267276,0.0127400963412505,1.0597835769193875,11.03084004522252,46.3869512536252,8.29619575899133
5.02,31.221781734302585,131.01147434760435,204.93668061584063,1.0812365182669523,0.0003421847125077,-8.07394220112512,0.00219926424762,1.7724006783439847,0.0,46.31055016544734,28.638879042264303,45.697512306237385,0.0270613197063519,113.73184359366276,1287.9687672620737,15.288,0.0,4.326201319405169,0.1364056813742468,5.973157363957196e-06,-0.1082738799162838,0.0001080565105318,0.0130495696270098,1.0812365724067825,11.050495554570002,46.31060391569629,8.266193299727911
5.03,31.22178070668705,131.01147710349773,205.2614394874748,1.1012862612580867,0.0003655461507965,-8.067786092801358,0.0021654483161255,1.6626495686859668,0.0,46.234323121393714,28.63037532107028,45.634761516948565,0.0270979757986249,113.73189149027203,1283.6920632988465,15.288,0.0,4.327338211511915,0.1361816590888041,5.984845585623625e-06,-0.1110622433198996,0.0001089173831932,0.0133631822559127,1.1012863219178346,11.070074231674806,46.23438054124881,8.23732849391215
5.04,31.221779679349336,131.01147985856971,205.58518737448307,1.1199186581497038,0.0003885132346577,-8.061568764705422,0.0021294947438985,1.5523705616357464,0.0,46.15822270977517,28.621849708279207,45.570402803466415,0.0271342664485034,113.73193891555997,1279.429749070736,15.288,0.0,4.32847156528835,0.1359580065920353,5.997779747629104e-06,-0.1138898401195022,0.0001098363943647,0.0136804205308035,1.1199187255308387,11.089567052610375,46.15828373729136,8.2096741618322
5.05,31.22177865229024,131.01148261281844,205.9079249388592,1.1371191419777755,0.0004110554271574,-8.055287033010993,0.002091495520876,1.4417502429622115,0.0,46.08224921851215,28.613305885031192,45.5044147403587,0.027170213558142,113.7319858995038,1275.1818031451262,15.288,0.0,4.329601383074992,0.1357347247447582,6.011969778026369e-06,-0.1167525845055807,0.0001108120238467,0.0140007738138046,1.1371192162639314,11.108965978462749,46.08231378694766,8.183293794165657
5.06,31.22177762551036,131.0114853662423,206.22965281377,1.1528755192459252,0.0004331431956536,-8.048938193984505,0.0020515443464354,1.3309723613856204,0.0,46.006402944843565,28.6047475133574,45.4367782414971,0.0272058391083964,113.73203247226616,1270.94820457298,15.288,0.0,4.3307276671050605,0.1355118144351684,6.027423799624102e-06,-0.1196463984144918,0.0001118426856342,0.0143237357745826,1.1528756006026009,11.128263718532445,46.00647098281763,8.158241090222154
5.07,31.22177659901019,131.01148811884013,206.5503715916309,1.167177953833944,0.0004547480436072,-8.042519967785438,0.002009736435994,1.220217582850521,0.0,45.93068419537544,28.59617823048628,45.3674765539722,0.0272411651164544,113.7320786641408,1266.728932888093,15.288,0.0,4.331850419464759,0.1352892765789761,6.044148143812808e-06,-0.1225672178880726,0.000112926731619,0.0146488051287579,1.167178042409609,11.14745375494871,45.93075562703109,8.134559755805203
5.08,31.22177557279006,131.01149087061097,206.8700818290748,1.1800189474781633,0.000475842540291,-8.036030441826664,0.0019661683295404,1.109663256177149,0.0,45.855093286147536,28.587601643322888,45.29649524840547,0.0272762135939126,113.732124505499,1262.5239681069545,15.288,0.0,4.332969642093255,0.1350671121196018,6.062147366845696e-06,-0.1255109992737267,0.0001140624553177,0.014975486349634,1.1800190434063074,11.166530362170766,45.855168031318975,8.112283382001175
5.09,31.22177454685023,131.0114936215543,207.18878404695275,1.1913933169531512,0.000496400348355,-8.029468014149897,0.001920937702435,0.999483190177984,0.0,45.7796305427353,28.57902132310373,45.2238222057509,0.0273110065053915,113.73217002673624,1258.3332907296617,15.288,0.0,4.334085336850246,0.1348453220284861,6.081424268495661e-06,-0.1284737252585604,0.0001152480956193,0.0153032903527518,1.1913934203522014,11.185488621415344,45.77970851711968,8.09143540589099
5.1,31.221773521190777,131.0114963716701,207.50647872536345,1.2012981678785173,0.0005163962487688,-8.022831337251175,0.00187414317885,0.8898474423767783,0.0,45.70429630023593,28.57044080023508,45.14944760068436,0.0273455657275138,113.73221525821972,1254.1568817359985,15.288,0.0,4.335197505436478,0.1346239073050387,6.101979913008267e-06,-0.1314514107315375,0.0001164818405452,0.0156317351528038,1.201298278852854,11.20432443009601,45.704377415569006,8.072029153137185
5.11,31.221772495811663,131.01149912095832,207.82316631856287,1.2097328654856745,0.0005358061639875,-8.016119262772378,0.0018258841479686,0.7809221193007994,0.0,45.6290909033211,28.5618635593156,45.073363881678524,0.0273799130090673,113.73226023023685,1249.9947225836595,15.288,0.0,4.336306149425544,0.1344028689768039,6.123813652270131e-06,-0.1344401084680609,0.0001177618310141,0.0159603464925495,1.2097329841254862,11.223034506350348,45.62917506755653,8.05406796130108
5.12,31.22177147071272,131.01150186941953,208.13884723607936,1.2166881553726403,0.0005546107901735,-8.009330604615695,0.0017762592934194,0.6728734934304783,0.0,45.55400568884024,28.553293046695696,44.99556574938026,0.0274140699328591,113.73230497294624,1245.8463019749938,15.288,0.0,4.337398779579496,0.13418218153815,6.146923152852537e-06,-0.1374359031602369,0.0001190861680503,0.0162886538594744,1.2166882817596163,11.241617377068383,45.55409280689944,8.03754555988904
5.13,31.22177044589368,131.01150461705456,208.45352185563573,1.2221773798145992,0.0005727852600538,-8.002464542217524,0.001725369737948,0.5658567017566972,0.0,45.47904888869509,28.5447326602578,44.91605014061951,0.02744805788533,113.73234951633935,1241.7120344351852,15.288,0.0,4.338486329921265,0.1339618692486119,6.171304414928055e-06,-0.1404349189857738,0.0001204529159038,0.0166162004484866,1.2221775140152444,11.260070551464292,45.47913886159334,8.022445732647396
5.14,31.22176942135412,131.01150736386452,208.7671905161904,1.2262078908361822,0.0005903085691843,-7.995520226975163,0.0016733162448274,0.4600244027011451,0.0,45.40422203217728,28.536185718763328,44.834816192650976,0.027481898014436,113.7323938901852,1237.591966156772,15.288,0.0,4.339570404561653,0.1337419366248863,6.1969517990714255e-06,-0.1434333547437294,0.0001218600967773,0.0169425391117752,1.2262080329048182,11.27839307083608,45.404314757630495,8.008743281628945
5.15,31.221768397093523,131.0115101098509,209.07985352191537,1.2287877587832383,0.0006071613859746,-7.988496784907984,0.0016201994990732,0.3555250940443142,0.0,45.329525502463085,28.527655477091702,44.75186520551097,0.0275156111891252,113.73243812397683,1233.486080474636,15.288,0.0,4.340651004559875,0.1335223848076662,6.223858066881061e-06,-0.146427468455006,0.0001233057006244,0.0172672323109607,1.2287879087640436,11.296584894738366,45.32962087515057,7.996404291931896
5.16,31.221767373111227,131.01151285501544,209.39151115014403,1.2299271239572325,0.0006233256023244,-7.981393290274573,0.0015661200829048,0.2525024967224236,0.0,45.25495969230907,28.51914512231063,44.667200607071,0.0275492179645486,113.73248224688606,1229.3943611826517,15.288,0.0,4.341728130877076,0.1333032149657949,6.252014414139621e-06,-0.149413581671541,0.000124787688975,0.0175898529567657,1.2299272818830504,11.314646757273362,45.255057604065726,7.985386579097041
5.17,31.221766349406487,131.01151559936022,209.702163628516,1.229638150937941,0.0006387843435603,-7.9742087228073375,0.0015111783137572,0.1510954245900091,0.0,45.18052500397968,28.51065776988517,44.580827915460254,0.0275827385487163,113.73252628771908,1225.3167925257917,15.288,0.0,4.342801784325324,0.1330844282960553,6.281410505568726e-06,-0.1523880840040051,0.000126303998605,0.0179099848652377,1.2296383168334029,11.332580145422288,45.180625343989725,7.9756402166778155
5.18,31.22176532597843,131.01151834288763,210.0118111667772,1.227934980710232,0.0006535219763196,-7.966941928000748,0.0014554740865636,0.0514376654742126,0.0,45.10622184924952,28.502196460090897,44.49275469894601,0.02761619277032,113.732570274874,1221.253359195402,15.288,0.0,4.343871965634303,0.1328660260231916,6.312034511221609e-06,-0.155347437445997,0.0001278525451692,0.0182272231850347,1.227935154589665,11.350387273722063,45.10632450424151,7.967108109971304
5.19,31.22176430282607,131.01152108560026,210.32045393292927,1.2248336805071365,0.0006675241146069,-7.9595915806499775,0.0013991067204325,-0.0463421265235517,0.0,45.03205064930494,28.49376415463294,44.40299053338988,0.0276496000480243,113.73261423629975,1217.2040463214796,15.288,0.0,4.344938675392467,0.1326480093996022,6.343873144431032e-06,-0.1582881804928306,0.0001294312267945,0.0185411747958467,1.224833862376845,11.368071055549915,45.03215550374767,7.959726608429736
5.2,31.221763279948306,131.0115238275011,210.62809206217503,1.2203521916998203,0.0006807776234191,-7.952156151806228,0.0013421748100833,-0.1421205276719502,0.0,44.95801183471583,28.485363733471768,44.31154695739699,0.0276829793617746,113.73265819945716,1213.1688394662667,15.288,0.0,4.346001914098043,0.1324303797052734,6.376911701229588e-06,-0.1612069320531919,0.0001310379276255,0.0188514586780583,1.2203523815582142,11.38563507125061,44.95811877101485,7.953426149058568
5.21,31.22176225734396,131.01152656859327,210.93472566486696,1.2145102756738104,0.0006932706205454,-7.944633879286813,0.0012847760819696,-0.2357794302848234,0.0,44.88410584532296,28.47699799185481,44.2184374252779,0.0277163492250835,113.73270219128166,1209.1477246156137,15.288,0.0,4.347061682108024,0.1322131382474345,6.4111341011599286e-06,-0.1641003951525584,0.0001326705213211,0.0191577062538486,1.2145104735117314,11.403083533387484,44.884214744017385,7.948131923056313
5.22,31.22176123501173,131.01152930888043,211.24035481060787,1.2073234606222063,0.0007049946008462,-7.937022644862243,0.0012270065717704,-0.3272039391418582,0.0,44.81032808025422,28.468669641240552,44.12367725813818,0.0277497276595699,113.73274623814764,1205.1404165431045,15.288,0.0,4.348111083702497,0.1319962714850069,6.446522930141076e-06,-0.1669653571991925,0.0001343268755096,0.0194595591306672,1.207323666426383,11.420421865286317,44.81043882054716,7.943764371404222
5.23,31.22176021295024,131.01153204836615,211.5449795421634,1.198815342930976,0.0007159400974251,-7.92932009544087,0.0011689615959339,-0.416285997543581,0.0,44.73667924598013,28.46038132124427,44.02728359997192,0.0277831321762675,113.73279036584309,1201.1469167546793,15.288,0.0,4.349150484308795,0.1317797815103611,6.4830594828269295e-06,-0.1697986770923957,0.0001360048602923,0.0197566718910731,1.198815556681674,11.43765543418396,44.73679170558765,7.940240082905836
5.24,31.221759191157982,131.01153478705447,211.84859987347463,1.1890165491553146,0.0007260969569301,-7.921523703352512,0.001110736022551,-0.5029256647696676,0.0,44.66316461845464,28.452135560069728,43.92927536652454,0.0278165797547148,113.73283459953996,1197.1674715406036,15.288,0.0,4.350186458973178,0.1315636838761012,6.520723795170243e-06,-0.1725973264425351,0.0001377023395865,0.0200487166652021,1.1890167708261117,11.454789545186078,44.66327867349792,7.937472723782691
5.25,31.2217581696334,131.0115375249496,212.151215788665,1.1779535626326283,0.0007354582835594,-7.913630552397955,0.0010524227719187,-0.5870267783073638,0.0,44.58978467389257,28.44393478801636,43.82967318189569,0.027850086815349,113.7328789637544,1193.2020684977742,15.288,0.0,4.351219007625933,0.1313479799963892,6.559494700757239e-06,-0.1753583781326124,0.0001394171788231,0.0203353775738979,1.1779537921929757,11.471830549100725,44.5899001994096,7.935373341304742
5.26,31.22175714837481,131.01154026205597,212.4528272430336,1.1656543914915256,0.0007440184155118,-7.905637401695951,0.0009941132517857,-0.6684987631441627,0.0,44.51653989732427,28.43578133888031,43.72849932175815,0.0278836692003534,113.73292348231868,1189.2506956036468,15.288,0.0,4.352248130131503,0.1311326713113107,6.599349879025452e-06,-0.1780790045777385,0.0001411472495031,0.0206163524700801,1.1656546289063392,11.488785221214616,44.51665676746369,7.933851165208504
5.27,31.221756127380488,131.01154299837827,212.75343416007232,1.152148505595988,0.0007517729153503,-7.897540678802866,0.0009358972441615,-0.747256655414348,0.0,44.44343078245202,28.427677448213483,43.625777655689554,0.02791734215638,113.7329681783554,1185.3133412057584,15.288,0.0,4.353273826265255,0.1309177592864478,6.640265902709235e-06,-0.180756480171681,0.0001428904323019,0.0208913531140934,1.1521487508273895,11.505660715043144,44.44354887066542,7.932814264705226
5.28,31.2217551066486,131.01154573392137,213.053036445383,1.1374667724222378,0.0007587185596419,-7.8893364765529155,0.000877862797164,-0.8232211164370795,0.0,44.37045783149273,28.419625251780527,43.52153358815573,0.027951120319361,113.73301307425372,1181.389994010358,15.288,0.0,4.354296095682492,0.1307032454124142,6.682218286104825e-06,-0.183388183526373,0.0001446446200947,0.0211601053227958,1.1374670254307253,11.522464515166138,44.37057701072538,7.932170183339448
5.29,31.221754086177217,131.01154846869036,213.3516339687839,1.1216413920643868,0.0007648533263552,-7.881020553540006,0.0008200961224696,-0.8963184374003257,0.0,44.29762155507018,28.41162678421282,43.415793998263936,0.0279850177009274,113.73305819164791,1177.4806430726114,15.288,0.0,4.35531493796493,0.1304891312045523,6.725181534075098e-06,-0.1859715995058124,0.0001464077209025,0.0214223490928624,1.1216416528098667,11.539204389416394,44.29774169794973,7.931826547466947
5.3,31.2217530659644,131.01155120269047,213.64922658319648,1.1047058313687863,0.0007701763804958,-7.872588338140443,0.0007626814982127,-0.966480534892393,0.0,44.2249224720584,28.403683977857064,43.30858717840359,0.0280190476767243,113.7331035513976,1173.5852777861214,15.288,0.0,4.356330352609076,0.1302754182024618,6.769129191714738e-06,-0.1885043210561417,0.000148177660753,0.0216778386988172,1.1047060998104,11.555888340715256,44.22504345108135,7.931691644777541
5.31,31.221752046008103,131.01155393592725,213.94581411172408,1.0866947573735433,0.0007746880589425,-7.864034935954096,0.0007057011771208,-1.0336449375418764,0.0,44.15236110942602,28.39579866181394,43.19994277189038,0.0280532229761698,113.73314917357008,1169.7038878718288,15.288,0.0,4.3573423390262365,0.1300621079695422,6.814033894597269e-06,-0.1909840508338212,0.0001499523864554,0.021926342766281,1.0866950334721492,11.572524558818255,44.15248279714175,7.9316749699434
5.32,31.22175102630619,131.01155666840623,214.24139635460617,1.0676439701632428,0.000778389853207,-7.855355140523231,0.0006492353002826,-1.0977547640211711,0.0,44.07993800207824,28.387972561166016,43.089891709729166,0.0280875556744336,113.73319507742492,1165.8364633662331,15.288,0.0,4.358350896546382,0.1298492020925355,6.859867419525759e-06,-0.1934086026342612,0.0001517298682874,0.0221676443209959,1.0676442538817528,11.589121372235548,44.080060271270455,7.93168773510294
5.33,31.22175000685652,131.0115594001332,214.53597309419337,1.047583634361256,0.0007812869336259,-7.846543321791043,0.0005933610229763,-1.1587563287472382,0.0,44.00764795572545,28.38020730102276,42.9784661469326,0.0281220571858022,113.73324128140032,1161.9826916510603,15.288,0.0,4.359348312328771,0.1296366852812222,6.906600736785399e-06,-0.1957758984250285,0.0001535081040021,0.0224015374134896,1.0475839256703277,11.605688066634938,44.00777067999,7.931642874098197
5.34,31.221748987656834,131.01156213111412,214.829544085996,1.0265539638830563,0.0007833821969409,-7.837593677318208,0.000538153994448,-1.216603785360611,0.0,43.93549347184772,28.37250441633837,42.86569940516133,0.0281567382646322,113.7332878031098,1158.1426677428549,15.288,0.0,4.360337235095717,0.1294245649152162,6.954204059921694e-06,-0.1980839571627256,0.000155285125494,0.0226278324719757,1.026554262757717,11.62223286458488,43.93561652523546,7.931456342368773
5.35,31.22174796870489,131.01156486135503,215.12210906962247,1.0045982127460469,0.0007846788015024,-7.82850022680789,0.0004836880121581,-1.2712581888976136,0.0,43.8634789018631,28.36486531881981,42.75162590731025,0.0281916090016275,113.7333346593322,1154.3165832233403,15.288,0.0,4.361322770266403,0.1292128538237038,7.002646886779405e-06,-0.2003309304015801,0.0001570589895299,0.022846357450754,1.0045985191657498,11.638763671254928,43.863602158921005,7.931047435107454
5.36,31.221746949998327,131.01156759086223,215.41366775982928,0.9817560491164796,0.0007851826547092,-7.819256681789834,0.0004300340227071,-1.3226846689950764,0.0,43.79160481085725,28.357291312887053,42.63628110447653,0.0282266788163891,113.73338186599491,1150.504429275161,15.288,0.0,4.362304916900222,0.129001553682202,7.051898062103687e-06,-0.202515087410255,0.0001588277852245,0.0230569530831143,0.981756363069827,11.655288904574116,43.79172814706023,7.930338578789612
5.37,31.22174593153477,131.01157031964195,215.7042198604388,0.9580679331790612,0.0007849007134838,-7.809856538514691,0.0003772605115123,-1.3708537159498075,0.0,43.7198717709798,28.34978359774944,42.519701409653294,0.028261956457069,113.73342943816778,1146.706197338244,15.288,0.0,4.363283673999214,0.1287906661870025,7.101925830792348e-06,-0.2046348128754041,0.0001605896371823,0.0232594744085925,0.9580682546654888,11.671816891762186,43.71999506289556,7.929255904877806
5.38,31.221744913311817,131.0115730477007,215.9937650474416,0.93357504873982,0.0007838409595814,-7.800293104551459,0.0003254334490132,-1.415741112428682,0.0,43.64828036124659,28.34234326768583,42.401924131517006,0.0282974500015158,113.7334773900582,1142.9218790971663,15.288,0.0,4.364259040500411,0.128580193054591,7.152697890080695e-06,-0.2066886071920598,0.0001623427076124,0.0234537906891736,0.9335753777717036,11.688355827352556,43.6484034866966,7.927729531223979
5.39,31.221743895326966,131.01157577504492,216.28230299483727,0.9083192349860948,0.0007820123740954,-7.79055952728373,0.0002746162420546,-1.4573278584603495,0.0,43.57683116733487,28.33497131248501,42.28298740809359,0.0283331668599121,113.73352573500856,1139.1514664676424,15.288,0.0,4.365231015264379,0.1283701360210545,7.204181441703282e-06,-0.2086750865766802,0.0001640851983438,0.0236397853056625,0.9083195715926496,11.704913732972951,43.57695400555134,7.925693806261379
5.4,31.22174287757777,131.01157850168127,216.56983334283075,0.8823429185648962,0.0007794249106057,-7.780648824074315,0.0002248696906892,-1.4956000900206587,0.0,43.50552478142624,28.327668618041944,42.162930140405365,0.0283691137789466,113.73357448549504,1135.3949515867912,15.288,0.0,4.366199597132565,0.1281604968416131,7.2563432439609374e-06,-0.210592983006831,0.0001658153527409,0.02381735563498,0.8823432627930448,11.72149841904559,43.505647213204895,7.923087517086076
5.41,31.221741860061687,131.01158122761657,216.856355732617,0.8556890459276608,0.0007760894673269,-7.770553913857033,0.0001762519500924,-1.5305489914595545,0.0,43.43436180197154,28.32043596710501,42.041791926196005,0.0284052968469819,113.73362365312806,1131.652326798417,15.288,0.0,4.367164784885237,0.1279512772899371,7.309149663622525e-06,-0.2124411439916571,0.0001675314575164,0.0239864129089774,0.8556893978490505,11.738117448590808,43.43448370981999,7.9198540627009955
5.42,31.221740842776168,131.0115839528575,217.141869787498,0.8284010161592738,0.0007720178588916,-7.760267649920243,0.0001288184975329,-1.5621707021065276,0.0,43.36334283348796,28.313274040169617,41.9196129938298,0.0284417215007595,113.73367324865404,1127.9235846411254,15.288,0.0,4.368126577245308,0.1277424791575433,7.362566727592042e-06,-0.2142185321774163,0.0001692318444435,0.0241468820555779,0.828401375870393,11.75477810325714,43.36346410176966,7.915941593866952
5.43,31.22173982571864,131.01158667741092,217.4263751168584,0.8005226143616019,0.0007672227867213,-7.749782853640771,8.262210445813785e-05,-1.5904662173471231,0.0,43.29246848636961,28.3061834165124,41.796434136458586,0.0284783925330062,113.73372328195916,1124.208717837378,15.288,0.0,4.369084972905104,0.127534104253232,7.416560174272909e-06,-0.2159242247925219,0.0001709148919653,0.0242987015229392,0.8005229819918205,11.771487351711713,43.292589001443126,7.911303121100428
5.44,31.22173880888652,131.01158940128374,217.70987131417647,0.7720969947888928,0.0007617181959436,-7.739092329414848,3.771270494575766e-05,-1.6154409871298212,0.0,43.22173854863135,28.29916457536218,41.672296646546926,0.0285153141014304,113.73377376207384,1120.5076763453003,15.288,0.0,4.370038875012119,0.1273261519631705,7.471095504562462e-06,-0.2175574129366734,0.000172579026703,0.0244418226190262,0.7720973705055285,11.78825197808412,43.22185819904577,7.905896512573951
5.45,31.221737792277168,131.0115921244828,217.99235797590768,0.7431599172274149,0.0007555220015062,-7.728188721645923,-5.863590198855695e-06,-1.6371021903860334,0.0,43.15114611208488,28.292217911010297,41.54724225314461,0.0285524897402122,113.7338246971817,1116.820063667926,15.288,0.0,4.370978337464179,0.1271186019471797,7.526138035578189e-06,-0.2191173872356911,0.0001742227298325,0.0245762044297703,0.7431603012504863,11.805079713657342,43.15126478920335,7.899683822734704
5.46,31.221736775888,131.0115948470152,218.27383467564573,0.713765584055705,0.0007486454806804,-7.717065128109369,-4.806131483656713e-05,-1.6554673376494091,0.0,43.08070017007138,28.285343715921904,41.421313064589405,0.0285899223766239,113.73387609463524,1113.146307517448,15.288,0.0,4.371914442442174,0.1269114807091121,7.58165293942813e-06,-0.2206035526411506,0.0001758445326652,0.0247018282092509,0.7137659766502713,11.82197486590975,43.08081776702849,7.892633673230729
5.47,31.221735759716346,131.01159756888785,218.55430098499028,0.6839586855238553,0.0007411045693078,-7.705714590041556,-8.883869764311525e-05,-1.6705557897083092,0.0,43.01040135449968,28.278542177017428,41.29455149731926,0.0286276143368767,113.73392796095597,1109.486401222303,15.288,0.0,4.372847188530536,0.1267047901210981,7.637605294946145e-06,-0.2220154366007484,0.0001774430143569,0.0248186844873021,0.683959087017022,11.838942887136518,43.0105177669332,7.884719018303668
5.48,31.221734743759583,131.01160029010776,218.8337564735509,0.6537839753005795,0.0007329159328899,-7.6941302915472916,-0.0001281567400795,-1.6823911970210264,0.0,42.94025030207514,28.271813387093747,41.16700021020468,0.0286655673569762,113.7339803018412,1105.8403382314557,15.288,0.0,4.373776574272172,0.1264985320693838,7.693960142726585e-06,-0.2233526761549251,0.0001790168072462,0.0249267762081994,0.6537843860951271,11.855988797035796,42.94036542824066,7.875917794107783
5.49,31.221733728015103,131.01160301068197,219.11220069005995,0.6232862087413318,0.0007240969335564,-7.68230559414648,-0.0001659792160872,-1.6910013738504444,0.0,42.87024765410957,28.26515734658422,41.03870204211636,0.0287037825959531,113.73403312217476,1102.2081121033289,15.288,0.0,4.37470259820622,0.1262927084537757,7.750682533327954e-06,-0.2246150165177948,0.0001805645978562,0.0250261184681018,0.6232866293305149,11.873117167038023,42.87036139498992,7.866212869975455
5.5,31.221732712480243,131.0116057306174,219.3896331931845,0.5925100821970036,0.0007146655968721,-7.6702340706800225,-0.0002022726675506,-1.696418168968155,0.0,42.80039405628099,28.258573965432102,40.90969995033872,0.0287422606500734,113.7340864260388,1098.5897164931337,15.288,0.0,4.37562525884161,0.1260873211869268,7.807737574736066e-06,-0.2258023095319066,0.0001820851277973,0.0251167382406575,0.5925105131843961,11.890332107444433,42.800506315690434,7.855591979217106
5.51,31.221731697152368,131.0116084499211,219.6660535276717,0.5615001735033593,0.0007046405774059,-7.657909538380186,-0.000237006395244,-1.6986773332502227,0.0,42.7306901584298,28.252063065064167,40.78003694990048,0.0287810015672862,113.7341402167262,1094.9851451401446,15.288,0.0,4.376544554675956,0.1258823721937573,7.865090479031016e-06,-0.2269145120020587,0.0001835771945712,0.0251986740914969,0.5615006156242711,11.907637257350412,42.73080084311287,7.844047630954592
5.52,31.221730682028856,131.01161116860007,219.94146124124592,0.5303008836573414,0.0006940411249677,-7.645326090919737,-0.0002701524459925,-1.697818384447028,0.0,42.66113661434197,28.24562438045462,40.64975605388962,0.0288200048627517,113.73419449675433,1091.394391857473,15.288,0.0,4.377460484199317,0.1256778634107961,7.922706608204016e-06,-0.2279516839135163,0.0001850396522774,0.0252719758824401,0.5303013378143536,11.925035777345531,42.661245634066944,7.83157700441276
5.53,31.221729667107088,131.0116138866611,220.2158558746683,0.4989563797507566,0.0006828870501129,-7.63247812925877,-0.0003016855957422,-1.6938844694236803,0.0,42.59173408153056,28.239257562276705,40.518900214818125,0.0288592695343162,113.73424926787897,1087.8174505194468,15.288,0.0,4.378373045894207,0.1254737967855502,7.980551519072268e-06,-0.2289139865399318,0.0001864714122245,0.0253367044660297,0.4989568470489306,11.942530344952443,42.59184134917755,7.818181827022341
5.54,31.221728652384485,131.0116166041113,220.48923697167723,0.4675105392186275,0.0006711986895486,-7.619360391125896,-0.0003315833288018,-1.686922224165038,0.0,42.52248322101721,28.23296217913472,40.38751226709809,0.0288987940788436,113.73430453110944,1084.2543150504584,15.288,0.0,4.379282238235584,0.1252701742758563,8.038591007242011e-06,-0.229801680446378,0.0001878714434458,0.0253929313712066,0.4675110210230646,11.960123152756672,42.522588652660815,7.803868237623415
5.55,31.221727637858454,131.01161932095746,220.7616040720296,0.4360068954675074,0.0006589968713807,-7.605967978978832,-0.0003598258134247,-1.6769816318371735,0.0,42.45338469712686,28.22673771987217,40.25563487068772,0.0289385765088619,113.73436028672444,1080.7049794135246,15.288,0.0,4.3801880597059615,0.1250669978492855,8.096791150072e-06,-0.2306151233928864,0.0001892387731225,0.025440738480798,0.4360073934743833,11.977815909158828,42.45348821211335,7.788646635985306
5.56,31.22172662352642,131.01162203720628,221.0329567204448,0.4044885848866012,0.000646302880163,-7.5922963863037936,-0.0003863958737526,-1.6641158791765316,0.0,42.3844391772538,28.22058359594919,40.12331045596339,0.0289786143691546,113.73441653428785,1077.169437598949,15.288,0.0,4.381090508772752,0.1248642694824443,8.155118348591827e-06,-0.2313547681439322,0.0001905724869145,0.0254802177015692,0.4044891012179697,11.99560984168586,42.384540698272815,7.772531519788832
5.57,31.221725609385853,131.0116247528646,221.30329445567503,0.3729894598196171,0.0006331423372976,-7.57834127775004,-0.0004112801542954,-1.6483782952818709,0.0,42.31563943483058,28.214499152066903,39.99058117092169,0.0290189047550768,113.734473272667,1073.64728289091,15.288,0.0,4.381979331132806,0.1246619678963144,8.213539370938108e-06,-0.2320211522816689,0.0001918717324508,0.02551146499716,0.3729899971840992,12.013507611022506,42.31573888859636,7.7555404515454525
5.58,31.221724595434228,131.01162746793904,221.5726168303788,0.3415595940703202,0.0006195338992813,-7.564099150500499,-0.0004344659744002,-1.629829855237332,0.0,42.24699311652581,28.20848366456628,39.85748883559658,0.0290594443349721,113.7345305000584,1070.1388645804918,15.288,0.0,4.382863607993506,0.1244601156283164,8.272021385892587e-06,-0.2326148978145192,0.0001931357187686,0.0255345939694515,0.3415601559307674,12.031507883424128,42.24709043268314,7.737696136731269
5.59,31.221723581669075,131.01163018243625,221.84092338727035,0.3102416903951973,0.000605499545082,-7.549566835713251,-0.0004559437980046,-1.6085328103882377,0.0,42.17850183099102,28.202536327245348,39.72407488635211,0.029100229364235,113.73458821399952,1066.644224105442,15.288,0.0,4.383744550990583,0.1242587174279964,8.33053199632503e-06,-0.233136728714578,0.0001943637081469,0.0255497251526446,0.3102422812668708,12.049610264938035,42.17859694263714,7.719024382451556
5.6,31.221722568087912,131.01163289636267,222.10821368495968,0.279076809450311,0.0005910620325115,-7.534741616755935,-0.0004757067222932,-1.5845517296109357,0.0,42.11016625601379,28.196656266582767,39.59038032247157,0.0291412557002109,113.73464641138298,1063.1633554594318,15.288,0.0,4.384622158670624,0.1240577753025935,8.389039285297041e-06,-0.2335874546359759,0.0001955550216739,0.0255569871929491,0.2790774353538111,12.067814139064945,42.110259099820745,7.699554249525341
5.61,31.22172155468834,131.01163560972483,222.3744872800615,0.2481053724166741,0.0005762444021251,-7.519621270787035,-0.000493750311781,-1.5579536524835755,0.0,42.041987071394686,28.19084254440176,39.45644565785539,0.0291825188196379,113.73470508847448,1059.6962526102006,15.288,0.0,4.385496429561576,0.1238572912652756,8.447511852279273e-06,-0.233967968085372,0.0001967090392484,0.0255565170251389,0.2481060415986537,12.086118459518458,42.0420775876537,7.67931793085487
5.62,31.221720541467946,131.01163832252902,222.6397437401168,0.2173671174243127,0.0005610699434101,-7.504204082877909,-0.0005100725521835,-1.5288079413651647,0.0,41.97396495880664,28.18509416055292,39.32231087422847,0.0292240138364947,113.73476424093178,1056.2429094920128,15.288,0.0,4.38636736225475,0.1236572673347381,8.505918847979212e-06,-0.2342792417796781,0.0001978251993987,0.0255484595121961,0.21736784153928,12.104521766618795,41.974053091467255,7.658350533844522
5.63,31.221719528424405,131.0116410347815,222.90398262967787,0.1869010575095,0.0005455621604334,-7.488488857858687,-0.0005246738015668,-1.49718613361778,0.0,41.90610060153596,28.17941005563008,39.18801537587656,0.0292657355195404,113.7348238638232,1052.803319993986,15.288,0.0,4.387234955330264,0.1234577055344291,8.564230007869782e-06,-0.2345223259474518,0.0001989029990243,0.0255329670821859,0.1869018537497429,12.123022205444906,41.90618629823973,7.636689856754276
5.64,31.221718515555366,131.01164374648835,223.1672035361491,0.156745440368099,0.000529744738206,-7.472474929859594,-0.0005375567392316,-1.4631617942769377,0.0,41.83839468432132,28.17378911371224,39.05359794594166,0.0293076783099444,113.734883951647,1049.3774779520843,15.288,0.0,4.388099207405514,0.1232586078920828,8.622415684392188e-06,-0.2346983455791594,0.0001999419930603,0.0255101993630362,0.1567463355410585,12.141617545544682,41.83847789643021,7.614376159776919
5.65,31.22171750285859,131.0116464576557,223.42940604195724,0.126937709768705,0.0005136415092498,-7.456162169525302,-0.0005487263123341,-1.4268103693561736,0.0,41.770847893149934,28.16823016512832,38.91909670430567,0.0293498363388008,113.73494449835044,1045.9653771391847,15.288,0.0,4.388960117123976,0.1230599764391255,8.680446877809217e-06,-0.2348084976315472,0.0002009417940696,0.0254803228157868,0.1269387489615377,12.160305202086835,41.77092857576954,7.591451931578249
5.66,31.22171649033183,131.01164916828938,223.69058974741287,0.097514468710378,0.0004972764204834,-7.439550988897704,-0.0005581896804275,-1.3882090400258131,0.0,41.70346091507163,28.162731989238587,38.78454906708606,0.0293922034444017,113.73500549734916,1042.567011257173,15.288,0.0,4.389817683162672,0.1228618132101189,8.738295265687656e-06,-0.2348540481912114,0.0002019020717623,0.0254435103669563,0.0975157366332096,12.17908225828394,41.7035390270691,7.567961652043033
5.67,31.22171547797291,131.01165187839518,223.95075425182307,0.0685114443038644,0.0004806735009816,-7.4226423439715505,-0.0005659561582023,-1.3474365778688324,0.0,41.63623443799965,28.15729331722922,38.64999170776643,0.0294347731894211,113.73506694154648,1039.1823739281365,15.288,0.0,4.390671904217252,0.1226641202421705,8.795933230990998e-06,-0.2348363296024011,0.0002028225524471,0.0253999410405478,0.0685131304801672,12.197945488939682,41.63630994201662,7.54395155195238
5.68,31.2217144657797,131.01165458797882,224.20989917734744,0.0399634544438172,0.0004638568291965,-7.405437734941035,-0.0005720371561908,-1.3045732014351947,0.0,41.56916915054576,28.151912834913407,38.5154605199807,0.0294775388779135,113.73512882335292,1035.811458685548,15.288,0.0,4.391522779028089,0.1224668995744691,8.85333388876623e-06,-0.2347567375640556,0.0002037030184162,0.0253497995902516,0.0399661463519198,12.2168913849453,41.5692420130061,7.519469370322482
5.69,31.22171345375012,131.0116572970458,224.4680241501132,0.0119043762113976,0.0004468505018927,-7.387939204169366,-0.0005764461201852,-1.2597004342721567,0.0,41.502265741831245,28.14658918553594,38.38099058196772,0.0295204935718814,113.73519113470547,1032.454258967876,15.288,0.0,4.3923703063691,0.1222701532477013,8.910471111410961e-06,-0.2346167282009591,0.0002045433072659,0.0252932761324806,0.0119127599098023,12.235916178586717,41.50233593294394,7.494564110133309
5.7,31.2217124418821,131.01166000560156,224.725128811146,-0.0156412598174962,0.0004296826546056,-7.3701490654073565,-0.0005791996811677,-1.2128983588071152,0.0,41.43551720786976,28.14132097996371,38.24661612369311,0.0295636301087608,113.73525386708856,1029.1103859538966,15.288,0.0,4.393204685383012,0.122073860637783,8.967319555461584e-06,-0.2344178078979406,0.0002053433145196,0.0252305603193375,0.0156471606280018,12.2550180906458,41.43558470226331,7.4692851070630715
5.71,31.22171143017368,131.0116627136513,224.98121280941515,-0.0426339028972797,0.0004123736893022,-7.352070610718419,-0.0005803144034057,-1.164252390161887,0.0,41.36893118564024,28.136106795132747,38.11237050077238,0.0296069411220215,113.73531701156058,1025.7801792697785,15.288,0.0,4.394034791172976,0.1218780442544903,9.02385467804252e-06,-0.2341615328441449,0.0002061029917599,0.0251618548613907,0.042635897181998,12.274190960719832,41.36899596114788,7.443683646538989
5.72,31.221710418622926,131.0116654212002,225.23627581077767,-0.0690418313866671,0.0003949471691076,-7.333707498744586,-0.0005798093517826,-1.1138473805437623,0.0,41.30250912240646,28.13094516299789,37.97828615982868,0.0296504190541244,113.73538055876836,1022.4636697092794,15.288,0.0,4.3948615887875375,0.1216827083721193,9.080052752399963e-06,-0.2338495229031332,0.0002068223378875,0.0250873642757521,0.0690429610084539,12.293430184344755,41.30257116056272,7.417811132703882
5.73,31.221709407227955,131.01166812825326,225.49031749598907,-0.0948352012326257,0.0003774269519212,-7.315063877143033,-0.0005777054732027,-1.061768713268081,0.0,41.236251707796434,28.12583458410375,37.844394606618565,0.0296940561693523,113.73544449896224,1019.1608502542152,15.288,0.0,4.395685077185486,0.1214878550329013,9.135890895941217e-06,-0.2334834466777941,0.0002075014037072,0.0250072965508007,0.0948359522732477,12.312731220604146,41.23631099388341,7.391719195214428
5.74,31.22170839598694,131.01167083481533,225.74333755374764,-0.1199852408235621,0.0003598367638404,-7.296144393370387,-0.0005740254263308,-1.0081023956351782,0.0,41.17015963111216,28.120773530331054,37.71072637896789,0.0297378445693926,113.73550882201526,1015.8717137551596,15.288,0.0,4.396505255362407,0.1212934862781207,9.191347088390409e-06,-0.2330650183448249,0.0002081402910492,0.0249218632330405,0.1199857803991371,12.332089402940907,41.17021615413885,7.365459508985214
5.75,31.221707384898103,131.01167354089105,225.99533569262024,-0.144464271952319,0.0003422001708417,-7.276954180177757,-0.0005687935140343,-0.952934929445522,0.0,41.10423358118569,28.1157604476323,37.5773110214306,0.0297817762077792,113.7355735174418,1012.5962529256564,15.288,0.0,4.397322122361712,0.1210996041476933,9.2464001883956e-06,-0.2325959946665113,0.0002087391517578,0.0248312790749455,0.1444646772434458,12.351499966046791,41.10428733386283,7.339083556118566
5.76,31.221706373959748,131.011676246485,226.24631163607208,-0.1682457290289696,0.0003245405516465,-7.257498839310528,-0.0005620356152933,-0.8963531841176517,0.0,41.03847424623438,28.110793758739486,37.44417706165826,0.0298258429048626,113.7356385744166,1009.334460337578,15.288,0.0,4.398135677282002,0.1209062106797271,9.301029948688824e-06,-0.2320781720079306,0.0002092981866349,0.0247357616868856,0.1682460420408386,12.370958072510938,41.03852522494502,7.3126423917183
5.77,31.22170536317021,131.01167895160157,226.49626511948657,-0.1913041765652832,0.0003068810708885,-7.237784423510593,-0.0005537791165116,-0.8384442725304767,0.0,40.972882313708574,28.10587186584472,37.31135198847669,0.0298700363616787,113.73570398179322,1006.0863284134234,15.288,0.0,4.398945919266029,0.1207133079100995,9.355217029804572e-06,-0.2315133833636006,0.0002098176443409,0.0246355311934313,0.191304422706919,12.3904588390963,40.97293051847446,7.286186414443638
5.78,31.221704352527908,131.011681656245,226.7451959001017,-0.2136153249039734,0.0002892446530965,-7.217817416933133,-0.000544052842436,-0.7792954297111467,0.0,40.90745847016686,28.100993153247504,37.17886223166252,0.0299143481737789,113.7357697281222,1002.8518494241232,15.288,0.0,4.39975284751909,0.1205208978720581,9.408943012364484e-06,-0.2309034953974048,0.0002102978202534,0.0245308098945951,0.2136155207262499,12.409997362508845,40.90750390461072,7.259765142685089
5.79,31.221703342031294,131.0116843604193,226.9931037490616,-0.2351560442675307,0.0002716539575106,-7.19760471408248,-0.0005328869867859,-0.7189938944589164,0.0,40.842203401124216,28.096155989966668,37.04673314341188,0.0299587698446989,113.7358358016695,999.6310154813998,15.288,0.0,4.400556461286952,0.1203289825958013,9.462190407938049e-06,-0.2302504054995989,0.0002107390552871,0.0244218219321354,0.2351562011753463,12.429568744558614,40.84224607242808,7.233426997241355
5.8,31.221702331678888,131.01168706412852,227.23998844644413,-0.2559043770781263,0.0002541313539676,-7.177153597389904,-0.0005203130428578,-0.6576267940169819,0.0,40.777117790935286,28.091358732313527,36.91498898148993,0.0300032927989796,113.73590219043436,996.423818535328,15.288,0.0,4.401356759870572,0.1201375641081129,9.514942668491203e-06,-0.2295560388645052,0.0002111417346792,0.024308792961483,0.2559045032614677,12.449168116582396,40.77715770979502,7.207219091401451
5.81,31.221701321469286,131.0116897673763,227.4858498021356,-0.2758395486035307,0.0002366988983231,-7.156471713547289,-0.0005063637337212,-0.5952810318682042,0.0,40.71220232267596,28.08659972642344,36.78365289404885,0.0300479083945818,113.73596888216692,993.230250369332,15.288,0.0,4.402153742633449,0.119946644432029,9.567184194436826e-06,-0.2288223455923713,0.0002115062867405,0.024191949829437,0.2758396501586148,12.468790663033843,40.71223950325196,7.181187029322434
5.82,31.22170031140112,131.01169247016637,227.73068763893016,-0.2949419759604856,0.000219378310919,-7.1355670487227405,-0.0004910729430471,-0.5320431787315659,0.0,40.64745767801977,28.08187731074236,36.652746906099125,0.0300926079353166,113.73603586438573,990.0503025967652,15.288,0.0,4.402947408994277,0.1197562255864639,9.61890034130278e-06,-0.2280512978188106,0.0002118331815754,0.0240715202580404,0.2949420575462989,12.48843164415056,40.64749213788426,7.155374713598525
5.83,31.22169930147309,131.01169517250207,227.974501793529,-0.313193300525564,0.0002021909665275,-7.114447901975161,-0.000474475648948,-0.4679993602352744,0.0,40.58288451343528,28.07718981846728,36.5222919076181,0.030137382682575,113.73610312439492,986.8839655047956,15.288,0.0,4.403737728828784,0.1195663095160877,9.670077425035273e-06,-0.2272448868749537,0.0002121229297747,0.0239477325208644,0.3131933657904716,12.508086425297892,40.58291627351804,7.129824161662512
5.84,31.221698291684007,131.01169787438667,228.21729212548064,-0.3305847632090064,0.0001851623416886,-7.093122563427258,-0.0004566091773496,-0.4032326768601981,0.0,40.5184755110712,28.072535587624817,36.392307644456366,0.0301822238675543,113.7361706493029,983.7308420792036,15.288,0.0,4.404514723844168,0.1193768746713808,9.720702729740487e-06,-0.2264051128089688,0.000212376085183,0.0238208096597524,0.3305848150640463,12.527753098081837,40.51850459630382,7.104574899315275
5.85,31.221697282032643,131.01170057582345,228.4590585122129,-0.3470918558541528,0.0001683085259658,-7.071600123587452,-0.0004375094785512,-0.3378300055891839,0.0,40.45423938082267,28.06791295564305,36.26281271484877,0.0302271227065939,113.73623842604576,980.5913147177608,15.288,0.0,4.405288443378604,0.1191879467241823,9.770764502510573e-06,-0.225533987907966,0.0002125932402871,0.0236909840030293,0.347091896660768,12.547424681030655,40.454265818664105,7.079665077672319
5.86,31.221696272517903,131.01170327681518,228.69980084804047,-0.3626998113135462,0.0001516496770503,-7.049889661963358,-0.0004172143832799,-0.2718755814437799,0.0,40.390176797825376,28.06332025370472,36.13382455790141,0.0302720704081075,113.736306441398,977.4653743192938,15.288,0.0,4.406058887068872,0.118999527674195,9.820251951583336e-06,-0.2246335447479743,0.0002127750190254,0.023558483790817,0.36269984301578,12.56709694013887,40.39020061890094,7.0551301016856565
5.87,31.22169526313872,131.01170597736476,228.93951904515663,-0.3773950752849793,0.0001352055147739,-7.028000461351296,-0.0003957625393494,-0.2054528121310186,0.0,40.326288435353845,28.058755817050223,36.005359445895444,0.0303170581811732,113.7363746819858,974.353011599396,15.288,0.0,4.406826054653443,0.1188116195156625,9.869155253786504e-06,-0.2237058241218697,0.0002129220803448,0.023423536659936,0.3773950995041794,12.586765813742844,40.32630967338644,7.031002880058759
5.88,31.22169425389413,131.0117086774748,229.1782130346278,-0.3911653061088438,0.0001189953027072,-7.00594197899607,-0.0003731933444487,-0.1386441893291961,0.0,40.2625749646669,28.05421798707233,35.87743248026269,0.0303620772455353,113.73644313430296,971.2542170867245,15.288,0.0,4.4075899459034895,0.1186242242368903,9.91746555334525e-06,-0.2227528723962019,0.0002130351167869,0.0232863693697409,0.3911653242092682,12.606427428088512,40.262593656405336,7.00731370523451
5.89,31.22169324478317,131.01171137714783,229.4158827733505,-0.4039993728596973,0.0001030378319683,-6.983723817488021,-0.0003495468800064,-0.0715312035541758,0.0,40.19903705495489,28.04970511342737,35.75005758906406,0.0304071188408556,113.7365117847266,968.1689811209818,15.288,0.0,4.408350560655559,0.1184373438201145,9.965174959464263e-06,-0.2217767389151453,0.0002131148530613,0.0231472075356387,0.4039993859991434,12.626078111491836,40.19905324009969,6.984090147915789
5.9,31.221692235805,131.01171407638614,229.65252823013768,-0.4158873520283831,8.735140414129493e-05,-6.961355695543562,-0.0003248638453586,-0.004194262550703,0.0,40.13567537326456,28.04521555608468,35.623247525942084,0.0304521742360017,113.73658061953232,965.0972938534422,15.288,0.0,4.409107898811578,0.1182509802412518,1.0012276542712376e-05,-0.2207794734539417,0.0002131620446054,0.0230062753705478,0.415887361202458,12.6457144071029,40.13568909439104,6.961356966658989
5.91,31.221691226958804,131.0117167751919,229.88814939168097,-0.4268205228047828,7.195381674886961e-05,-6.938847418785301,-0.0002991854932099,0.0632873867757115,0.0,40.07249058443081,28.040747687313303,35.49701387051995,0.0304972347376748,113.7366496249094,962.0391452441464,15.288,0.0,4.409861960338858,0.1180651354697248,1.0058764330239075e-05,-0.2197631237239476,0.000213177476135,0.0228637954342756,0.4268205288697305,12.665333084241512,40.07250188690991,6.93913603296695
5.92,31.221690218243808,131.01171947356713,230.12274627149569,-0.4367913610114237,5.686234893220189e-05,-6.9162088506405786,-0.0002725535658705,0.1308357328901853,0.0,40.00948335099445,28.03629989360336,35.37136703021604,0.0305422916986854,113.73671878697532,958.9945250608764,15.288,0.0,4.410612745248296,0.1178798114682092,1.0104633299853145e-05,-0.2187297329312642,0.0002131619601881,0.0227199883910703,0.4367913647125046,12.684931148298553,40.00949228291133,6.917446272213859
5.93,31.22168920965933,131.01172217151367,230.35631889799444,-0.4457935316350411,4.2093747313197176e-05,-6.893449883472432,-0.0002450102322707,0.1983740706022431,0.0,39.946654333195546,28.03187057752419,35.24631624344288,0.0305873365262904,113.73678809179071,955.9634228815823,15.288,0.0,4.411360253656124,0.117695010192608,1.0149879372994733e-05,-0.2176813373908392,0.0002131163356627,0.0225750727754411,0.4457935336225741,12.704505849158652,39.94666094526591,6.896303620626298
5.94,31.22168820120473,131.01172486903323,230.58886732045056,-0.4538218801992741,2.7664214098415925e-05,-6.870580410044572,-0.0002165980264065,0.2658270685453583,0.0,39.88400418884128,28.02745815951449,35.12186958415885,0.0306323606894225,113.73685752537304,952.9458280900596,15.288,0.0,4.412104485685839,0.117510733591666,1.0194499406632958e-05,-0.2166199641977601,0.0002130414663504,0.0224292647662107,0.4538218810426131,12.724054688217894,39.88400853432587,6.87572099842441
5.95,31.221687192879443,131.0117275661274,230.820391606016,-0.4608724227201619,1.3589394746382086e-05,-6.847610295434376,-0.0001873597865157,0.3331208331031439,0.0,39.821533573331855,28.0230610796052,34.99803396773876,0.0306773557263952,113.73692707371085,949.941729879348,15.288,0.0,4.412845441559007,0.1173269836070491,1.0238491184122066e-05,-0.2155476289573079,0.0002129382394702,0.0222827779690508,0.4608724229200696,12.74357542390138,39.82153570794899,6.855708299124889
5.96,31.22168618468293,131.01173026279756,231.05089184270344,-0.466942334556013,-1.1563262927970157e-07,-6.824549349485356,-0.0001573385956511,0.4001829688682269,0.0,39.75924313958458,28.01867779907503,34.874815158129564,0.0307223132517087,113.73699672277726,946.9511172508736,15.288,0.0,4.4135831215516825,0.117143762173113,1.02818534050497e-05,-0.2144663335753341,0.000212807564201,0.0221358232074366,0.4669423345557962,12.763066075784137,39.75924312142104,6.836272394871976
5.97,31.22168517661473,131.0117329590449,231.280368137398,-0.4720299380393563,-1.3436367505216852e-05,-6.801407299897038,-0.0001265777233163,0.4669426356237096,0.0,39.697133537996734,28.01430680203637,34.752217776256366,0.030767224962798,113.73706645854338,943.9739790145476,15.288,0.0,4.4143175259944,0.1169610712168023,1.0324585674111642e-05,-0.2133780641102321,0.000212650370218,0.0219886083220985,0.4720299382307195,12.782524927284983,39.69713142741706,6.817417157551521
5.98,31.22168416867444,131.01173565487062,231.50882061883868,-0.4761346889559013,-2.635889588713608e-05,-6.778193766042478,-9.512056845814068e-05,0.5333306018810766,0.0,39.63520541642713,28.009946596952577,34.63024530964293,0.0308120826463883,113.73713626699134,941.0103037908918,15.288,0.0,4.415048655286705,0.1167789126575853,1.0366688489047829e-05,-0.2122847886877766,0.0002124676062319,0.0218413379790473,0.4761346896856834,12.801950526965982,39.63520127598144,6.799143495321148
5.99,31.22168316086168,131.0117383502757,231.73624942867417,-0.4792647988598278,-3.8865350832546975e-05,-6.754917953744019,-6.301190481660281e-05,0.5992814195072067,0.0,39.57345187065247,28.005595724433867,34.50890012419066,0.0308568781853245,113.73720613412848,938.0597221001616,15.288,0.0,4.415767293496304,0.1165972661638574,1.0408163231575543e-05,-0.2111884490298562,0.0002122602424945,0.0216942086848898,0.4792648004357383,12.821344335642175,39.57344576569744,6.781449313056196
6.0,31.22168215317616,131.0117410452609,231.96265473537656,-0.4814142721845762,-5.094751845844512e-05,-6.731589425529728,-3.0294248178872067e-05,0.6647275877256583,0.0,39.511881053700186,28.00125275245152,34.38818348058539,0.0309016035679311,113.73727604600607,935.122579372328,15.288,0.0,4.416482633357271,0.11641615576785,1.0449012146533965e-05,-0.2100909634948008,0.0002120292663816,0.0215474215674125,0.4814142748804279,12.840702810125872,39.5118730508827,6.764329897388579
6.01,31.221681145617623,131.01174373982687,232.18803672032715,-0.482585810427026,-6.259332922465196e-05,-6.7082173306183295,2.988956419241304e-06,0.7296049599212419,0.0,39.45049365975972,27.996916270589228,34.26809554362372,0.030946250890591,113.73734598872647,932.1988662263092,15.288,0.0,4.417194741381383,0.1162355835255579,1.0489238323146962e-05,-0.2089942348201882,0.0002117756749997,0.0214011707668939,0.4825858144864979,12.860025267879232,39.45048382762256,6.7477776454443665
6.02,31.22168013818589,131.0117464339743,232.412395586762,-0.4827832387773071,-7.379129640822438e-05,-6.684810612276822,3.6794341991214536e-05,0.7938511917394756,0.0,39.38929032646732,27.99258489820466,34.14863539442778,0.0309908123613117,113.73741594845228,929.2885705358476,15.288,0.0,4.41790361819618,0.1160555513263598,1.0528845686905592e-05,-0.2079001401403768,0.0002115004787098,0.0212556465385107,0.4827832444166028,12.879311302432788,39.38927873535759,6.731782277969842
6.03,31.22167913088076,131.01174912770364,232.6357315597692,-0.4820114328050854,-8.4530553400928e-05,-6.661377988249116,7.10786779457613e-05,0.8574057647896932,0.0,39.32827168884943,27.988257285535504,34.029801045576114,0.0310352803047586,113.73748591141826,926.3916799935448,15.288,0.0,4.41860926450451,0.1158760610519502,1.056783898335846e-05,-0.2068105292191784,0.0002112046997206,0.0211110351316841,0.482011440217623,12.898560759443376,39.32825841082116,6.716330944263886
6.04,31.221678123702176,131.01175182101508,232.85804487238016,-0.4802762989787991,-9.48008581175356e-05,-6.6379279304776375,0.0001057989190354,0.9202100203983378,0.0,39.26743837929594,27.983932114797287,33.91158945722475,0.0310796471671071,113.7375558639424,923.5081821122888,15.288,0.0,4.419311681052244,0.1156971145762562,1.0606223761171328e-05,-0.205727222760718,0.0002108893706882,0.0209675186492212,0.4802763083348532,12.917773730486438,39.26742348801197,6.70140833728628
6.05,31.22167711665005,131.01175451390878,233.0793357874284,-0.477584754286138,-0.0001045925966053,-6.614468646014574,0.0001409122528235,0.982207190217152,0.0,39.20679102757906,27.979608101211088,33.79399655417826,0.0311239055200953,113.7376257924372,920.6380642282414,15.288,0.0,4.420010868646218,0.1155187137654965,1.0644006354500444e-05,-0.2046520107885704,0.0002105555333313,0.020825274914886,0.4775847657383568,12.936950545756726,39.206774598212405,6.6869968187131965
6.06,31.2216761097244,131.01175720638489,233.29960457866977,-0.4739447050456725,-0.0001138967851984,-6.591008059163933,0.0001763761455555,1.0433424237516336,0.0,39.14633026087119,27.975283993961487,33.67701724387183,0.0311680480656914,113.73769568342072,917.781313504054,15.288,0.0,4.420706828164988,0.1153408604782338,1.0681193864716162e-05,-0.2035866510935742,0.0002102042370639,0.02068447734934,0.4739447187312663,12.95609176575392,39.14631237000601,6.673076552855691
6.07,31.221675102925246,131.0117598984433,233.5188515397273,-0.4693650249870033,-0.0001227050728942,-6.567553794888196,0.0002121483867556,1.1035628128768349,0.0,39.086056703723685,27.970958577087,33.56064543522504,0.0312120676398124,113.73776552352656,914.93791693045,15.288,0.0,4.421399560515795,0.1151635565653091,1.0717794141513238e-05,-0.2025328677505353,0.0002098365376457,0.0205452948543559,0.4693650410261331,12.975198172028312,39.08603742925591,6.6596256483170215
6.08,31.22167409625268,131.01176259008375,233.73707698508352,-0.4638555325187337,-0.0001310097426417,-6.54411316351322,0.0002481871322529,1.1628174133699103,0.0,39.0259709781286,27.966630670300454,33.44487405832754,0.0312559572160032,113.7378352995148,912.107861331483,15.288,0.0,4.422089066688359,0.1149868038700223,1.0753815763444215e-05,-0.2014923497039876,0.0002094534958506,0.0204078917052813,0.4638555510191589,12.994270757009687,39.02595039916635,6.646620306238363
6.09,31.2216730897068,131.01176528130608,233.95428124213063,-0.4574269673850637,-0.0001388037112392,-6.520693146749853,0.0002844509455725,1.2210572635572898,0.0,38.96607370350622,27.962299129742803,33.329695084917354,0.0312997099092816,113.73790499828164,909.2911333663096,15.288,0.0,4.422775347711843,0.1148106042280962,1.078926801791195e-05,-0.2004667494231074,0.0002090561761572,0.0202724274515917,0.4574269884437775,13.013310713044676,38.96605190027024,6.634034973970883
6.1,31.2216720832878,131.01176797210982,234.1704646551457,-0.4500909666199768,-0.0001460805298372,-6.497300385053607,0.0003208988381002,1.2782354001080851,0.0,38.90636549674688,27.95796284866993,33.21509954961194,0.0313433189791768,113.73797460686924,906.4877195333712,15.288,0.0,4.423458404672788,0.1146349594677996,1.0824160880657188e-05,-0.1994576816257312,0.0002086456454596,0.0201390568254971,0.4500909903251105,13.032319420661429,38.90634255047091,6.621842503011023
6.11,31.22167107699586,131.01177066249448,234.385627586284,-0.4418600399200828,-0.0001528343822414,-6.473941166332445,0.0003574903073903,1.334306871055674,0.0,38.84684697222953,27.953620758072194,33.10107757185251,0.0313867778330287,113.7380441124752,903.6976061737968,15.288,0.0,4.42413823870076,0.1144598714099993,1.0858504994776812e-05,-0.198466722071399,0.0002082229718016,0.0200079296584725,0.441860066351861,13.05129843616627,38.8468229650609,6.610014310051045
6.12,31.22167007083124,131.01177335245944,234.59977041657427,-0.4327475444062902,-0.0001590600835029,-6.450621416010375,0.0003941853741797,1.3892287460948187,0.0,38.78751874188751,27.949271827230184,32.987618378522285,0.0314300800289033,113.73811350246189,900.9207794768556,15.288,0.0,4.424814851004225,0.1142853418683518,1.0892311649307996e-05,-0.1974954064232388,0.0002077892231337,0.0198791908056282,0.4327475736379109,13.070249478614134,38.78749375678802,6.5985205400188
6.13,31.2216690647942,131.011776042004,234.8128935379661,-0.4227676589416308,-0.0001647530778031,-6.427346688442862,0.0004309446178786,1.442960124251466,0.0,38.72838141519022,27.944915064204856,32.87471032719903,0.0314732192782388,113.73818276436506,898.1572254809146,15.288,0.0,4.425488242802399,0.1141113726492561,1.0925592757413123e-05,-0.1965452291784003,0.0002073454660954,0.0197529800777235,0.4227676910437107,13.08917441627388,38.72835553583728,6.5873302300196315
6.14,31.22166805888506,131.01177873112735,235.02499736128283,-0.4119353578416559,-0.0001699094351194,-6.40412215968797,0.0004677292104123,1.4954621389420908,0.0,38.6694355992524,27.94054951626501,32.76234093000269,0.0315161894486495,113.73825188590304,895.4069300817546,15.288,0.0,4.4261584154041484,0.1139379655521606,1.0958360834199995e-05,-0.1956176426667245,0.0002068927648223,0.0196294321808552,0.4119353928818822,13.108075252586913,38.66940890994074,6.576411473135359
6.15,31.221667053104174,131.01178141982865,235.236082312244,-0.4002707561147293,-0.0001745229064296,-6.380952467217721,0.0005045001758847,1.5466990685629,0.0,38.610677366260894,27.9361742723876,32.65049687818024,0.031558984566266,113.73832085498496,892.6696694496992,15.288,0.0,4.4268199620366815,0.1137651090144991,1.0990628975861708e-05,-0.1947140539906245,0.0002064321812676,0.0195086741602706,0.4002707941614621,13.126955732001797,38.61064995226686,6.565731692058829
6.16,31.22166604745192,131.01178410810684,235.4461488284863,-0.3877883937334495,-0.0001785920523555,-6.35784205386406,0.0005412200553819,1.5966359696155423,0.0,38.55210927503894,27.93178846713477,32.539164070389226,0.0316015988208195,113.73838965972408,889.9455204921182,15.288,0.0,4.427475235628054,0.1135928105862751,1.1022410838366943e-05,-0.1938358193149338,0.000205964777507,0.0193908304672962,0.3877884348569534,13.145817383955045,38.55208122186495,6.555257607010702
6.17,31.22166504192871,131.01178679596097,235.65519736949872,-0.3745029501233725,-0.0001821164784334,-6.334795014435725,0.0005778523776828,1.6452395134846232,0.0,38.4937345188235,27.927391267790224,32.42832763769643,0.0316440265673006,113.73845828844512,887.2345887725157,15.288,0.0,4.428127335173457,0.1134210796868329,1.1053720601900493e-05,-0.1929842583015899,0.0002054916039803,0.0192760214421428,0.3745029944031173,13.16466160158144,38.49370591203397,6.5449554059263235
6.18,31.22166403653499,131.01178948338983,235.863228397744,-0.3604323041381994,-0.0001850947204863,-6.311814967702451,0.0006143609986308,1.6924789602672536,0.0,38.43555369582288,27.92298188126396,32.3179719662608,0.0316862623253242,113.73852672968717,884.5368596512221,15.288,0.0,4.428776262131455,0.1132499180893601,1.1084572956047128e-05,-0.1921606461852579,0.0002050137033721,0.0191643609431451,0.3604323516638839,13.183490781087304,38.435524621212174,6.534791013865664
6.19,31.221663031271223,131.01179217039223,236.07024240051885,-0.3455949932145021,-0.0001875259159243,-6.288905137764438,0.0006507105138645,1.7383255933348989,0.0,38.37756740210855,27.918559554894923,32.20808072345659,0.0317283007809218,113.7385949722108,881.8523183670112,15.288,0.0,4.429422017988936,0.1130793275607337,1.1114983077276343e-05,-0.1913662120415511,0.000204532110298,0.0190559575316626,0.3455950440904323,13.202307379482113,38.37753794560656,6.524730195469177
6.2,31.221662026137903,131.0117948569669,236.27623987008053,-0.3300101850075191,-0.0001894097968146,-6.266068354546498,0.0006868662835899,1.7827527103535945,0.0,38.31977623170968,27.91412357652144,32.09863688447916,0.0317701367880555,113.73866300500517,879.1809500429011,15.288,0.0,4.43006460430005,0.1129093098618084,1.1144966605273216e-05,-0.190602138183612,0.0002040478502802,0.0189509144542526,0.3300102393617685,13.221113899290629,38.31974647928837,6.51473869943434
6.21,31.22166102113557,131.01179754311252,236.48122131457663,-0.3136976488770268,-0.0001907466831515,-6.243307055477344,0.0007227944561419,1.825735612218497,0.0,38.262180776638914,27.90967327449991,31.989622759279985,0.0318117653702007,113.7387308172949,876.5227396899217,15.288,0.0,4.430704022636648,0.1127398667474848,1.1174539619131089e-05,-0.189869559622612,0.0002035619387533,0.0188493296313984,0.3136977068686619,13.2399128733243,38.26215081421999,6.504782397369482
6.22,31.221660016264764,131.01180022882767,236.68518725407148,-0.2966777271360239,-0.0001915374749081,-6.220623288318014,0.0007584619898872,1.867251589942748,0.0,38.20478162697528,27.90520801766773,31.88102001979448,0.0318531817215723,113.73879839854644,873.877672212807,15.288,0.0,4.431340274605983,0.1125709999669565,1.1203718613436145e-05,-0.1891695635913499,0.0002030753801001,0.0187512956526597,0.2966777889641321,13.258706849533445,38.20475154033908,6.494827416534848
6.23,31.22165901152604,131.01180291411083,236.8881382225332,-0.27897130613698,-0.0001917836437364,-6.198018715096584,0.0007938366737203,1.90727990957951,0.0,38.147579370966206,27.900727215255785,31.77280972742676,0.0318943812083456,113.73886573847444,871.2457324169073,15.288,0.0,4.431973361886112,0.1124027112640071,1.1232520474273084e-05,-0.188503189130028,0.0002025891667187,0.0186568997780815,0.2789713720588044,13.27749837601775,38.14754924566189,6.484840266062828
6.24,31.22165800692,131.0118055989605,237.0900747628652,-0.2605997873289443,-0.0001914872246204,-6.175494617100326,0.0008288871462676,1.9458017952695816,0.0,38.09057459504184,27.896230316750223,31.664972360755748,0.0319353593698202,113.7389328270478,868.6269050110485,15.288,0.0,4.432603286155096,0.1122350023770492,1.1260962455180683e-05,-0.1878714267332506,0.0002021042781211,0.0185662239456337,0.2605998576796995,13.296289986293417,38.09054451629894,6.474787956324387
6.25,31.22165700244725,131.0118082833752,237.29099742591097,-0.2415850581400788,-0.0001906508065235,-6.153051900883604,0.000863582913516,1.982800410441808,0.0,38.03376788393308,27.89171681170508,31.55748784342825,0.031976111919289,113.73899965449512,866.0211746146279,15.288,0.0,4.433230049140553,0.1120678750394765,1.12890621530851e-05,-0.1872752180572551,0.0002016216800632,0.0184793447845972,0.241585133368494,13.315084184809011,38.03373793657442,6.4646381111699505
6.26,31.221655998108425,131.0118109673532,237.49090677840644,-0.2219494628765553,-0.0001892775228352,-6.130691105236571,0.0008978943651429,2.0182608372720177,0.0,37.97715982072664,27.887186229507936,31.45033557220405,0.0320166347448421,113.7390662113105,863.4285257619982,15.288,0.0,4.433853652591345,0.1119013309798269,1.1316837484238273e-05,-0.1867154556863206,0.0002011423237063,0.0183963336346554,0.2219495435843687,13.333883432825631,37.97713008908288,6.454359072852009
6.27,31.221654993904163,131.01181365089286,237.68980339801,-0.2017157735638905,-0.0001873710413366,-6.108412409066867,0.0009317927894434,2.0521700544443,0.0,37.92075098696953,27.882638139099537,31.343494445120143,0.0320569239101441,113.73913248825852,860.8489429100979,15.288,0.0,4.434474098305896,0.1117353719220757,1.1344306660187824e-05,-0.1861929829572911,0.0002006671448121,0.0183172565705923,0.2017158605874116,13.352690134674944,37.92072155479518,6.443919999490824
6.28,31.221653989835136,131.01181633399253,237.8876878653521,-0.1809071608497014,-0.0001849355539548,-6.086215640135345,0.0009652503869533,2.0845169133034127,0.0,37.86454196273103,27.87807214864948,31.236942889740785,0.0320969756549322,113.73919847637916,858.2824104417466,15.288,0.0,4.435091388107413,0.1115699995858395,1.1371488163804408e-05,-0.1857085938410672,0.0002001970629683,0.0182421744323027,0.1809072553770093,13.371506624477885,37.86451291312215,6.433290955007739
6.29,31.221652985902,131.0118190166504,238.0845607759612,-0.1595471649465862,-0.0001819757656594,-6.064100284595878,0.0009982402826239,2.115292112455247,0.0,37.808533326677775,27.873487905188902,31.130658891460623,0.032136786395487,113.73926416699253,855.7289126723504,15.288,0.0,4.435705523833262,0.1114052156865756,1.1398400725391444e-05,-0.1852630328798985,0.0001997329808476,0.018171142860074,0.1595472687257728,13.390335153353568,37.80850474199135,6.422442991505246
6.3,31.22165198210544,131.01182169886476,238.280422732313,-0.1376596666224579,-0.0001784968835281,-6.0420654972803325,0.0010307365368089,2.144488170876276,0.0,37.752725656187664,27.868885094202906,31.024620021830085,0.0321763527248789,113.739329551703,853.1884338563234,15.288,0.0,4.436316507366834,0.1112410219359258,1.1425063298901676e-05,-0.1848569951793165,0.0001992757834996,0.0181042123348753,0.1376597823443601,13.409177877152008,37.75269761796277,6.411348224115698
6.31,31.221650978446167,131.0118243806338,238.4752743398573,-0.1152688583608956,-0.0001745046053182,-6.020110112669915,0.0010627141549575,2.172099399622835,0.0,37.697119527400446,27.86426343918257,30.91880346687116,0.0322156714133164,113.73939462240368,850.6609581912016,15.288,0.0,4.4369243405950565,0.1110774200418655,1.1451495038284024e-05,-0.1844911264534335,0.0001988263376741,0.018041428223475,0.1152689904499521,13.428036844788,37.69709211628114,6.399979898396075
6.32,31.221649974924887,131.01182706195567,238.66911621993407,-0.0923992156016524,-0.0001700051069571,-5.9982326564987964,0.0010941490958188,2.198121872178444,0.0,37.64171551533778,27.859622701140097,30.813186055354134,0.0322547394081982,113.73945937127984,848.1464698250229,15.288,0.0,4.437529025443805,0.110914411709054,1.1477715273983676e-05,-0.184166023122389,0.0001983854911782,0.0179828308282672,0.0923993719991556,13.446913987168635,37.641688810998026,6.388312450373738
6.33,31.221648971542308,131.01182974282855,238.86194899586224,-0.0690789722279039,-0.0001650023103945,-5.976431241035014,0.0011250176081744,2.2225542428039624,0.0,37.58651033071792,27.85496267953473,30.707744287116064,0.0322935538340951,113.73952379081284,845.6447790248104,15.288,0.0,4.438126066966812,0.1107519872556249,1.150374349097768e-05,-0.1838822309734156,0.000197954073444,0.0179284534538026,0.0690791692897949,13.465812460784068,37.58648441221561,6.3763217458570765
6.34,31.22164796829916,131.01183242325055,239.05377329492865,-0.0453319809943429,-0.0001595041090665,-5.954703828350121,0.0011552975613674,2.245396019859943,0.0,37.53150570463304,27.850283215226742,30.602454363848903,0.0323321119948808,113.73958787378758,843.1559226618584,15.288,0.0,4.438716829582647,0.1105901517925785,1.152959930819394e-05,-0.1836402406278771,0.000197532898741,0.0178783262504587,0.0453322616065529,13.484733517539311,37.531480649786175,6.363984781886497
6.35,31.221646965196136,131.01183510321982,239.24458975732952,-0.0211809064441678,-0.0001535199581509,-5.933048171847431,0.0011849682321574,2.266647834370379,0.0,37.47670493337883,27.84558417904193,30.497292217117952,0.0323704113733857,113.73965161329552,840.6800075198408,15.288,0.0,4.439304489800068,0.1104289150429774,1.155530244295767e-05,-0.1834405007860702,0.000197122755344,0.0178324758836327,0.0211814627970871,13.503677718088756,37.476680818520194,6.351279746528866
6.36,31.221645962234,131.01183778273446,239.4343990222592,0.0033489332892591,-0.0001470578282876,-5.911461690253958,0.0012140094570197,2.286312478611656,0.0,37.4221085884932,27.840865476333803,30.39223353339051,0.0324084496289166,113.73971500273316,838.2170176022163,15.288,0.0,4.439889049569318,0.1102682787011217,1.158087269598117e-05,-0.1832834128584039,0.0001967244094509,0.0177909230044508,0.0033521605202213,13.522646424120945,37.42208548870355,6.33818629727894
6.37,31.22164495941347,131.0118404617926,239.6232017418234,0.0282320775925039,-0.0001401261052108,-5.889941558962519,0.0012424020497864,2.304394341029508,0.0,37.36771724086816,27.83612704703768,30.287253781551808,0.0324462245964591,113.73977803580397,835.7669368923063,15.288,0.0,4.440470510893066,0.1101082444593899,1.1606329930130236e-05,-0.1831693301918935,0.0001963386055786,0.0177536835129924,0.0282324253359883,13.541640834416524,37.36769522991102,6.32468547759693
6.38,31.22164395673529,131.01184314039233,239.8109985621548,0.053442950661822,-0.0001327335757997,-5.868484724181017,0.0012701278028034,2.320899369911683,0.0,37.31353146080788,27.83136886499288,30.182328240346727,0.0324837342862688,113.73984070652072,833.3297493578483,15.288,0.0,4.441048875784465,0.1099488140084041,1.1631694048282924e-05,-0.1830985584522916,0.0001959660661133,0.0177207686323003,0.0534431154939194,13.560661978090216,37.31351061106655,6.310759736864257
6.39,31.22164295420021,131.01184581853173,239.99779014130627,0.0789558884882378,-0.0001248894152115,-5.847087917306734,0.001297169487268,2.335835036166594,0.0,37.25955181810183,27.826590937239057,30.077432025591577,0.0325209768830086,113.7399030092074,830.9054389565714,15.288,0.0,4.441624146242687,0.109789989037234,1.1656984971480004e-05,-0.1830713560488646,0.0001956074908939,0.0176921849858159,0.0789559872634951,13.57971070860636,37.259532200518365,6.296392944499769
6.4,31.22164195180895,131.01184849620896,240.18357713732016,0.1047451655544623,-0.0001166031719965,-5.825747669470998,0.0013235108520922,2.34921029526161,0.0,37.20577888216172,27.82179330328684,29.972540117131945,0.0325579507449803,113.73996493850068,828.49398964284,15.288,0.0,4.4421963243018565,0.1096317712338161,1.1682222617383872e-05,-0.1830879346004127,0.0001952635568249,0.0176679346780439,0.1047452304552771,13.59878769856451,37.20576056617829,6.281570398506323
6.41,31.22164094956224,131.01185117342203,240.3683602132002,0.1307850211132189,-0.000107884754619,-5.804460326198033,0.0013491366220934,2.361035548407727,0.0,37.15221322209521,27.816976034365904,29.867627385523026,0.0325946544032242,113.7400264893513,826.095385372628,15.288,0.0,4.4427654120065805,0.1094741622851672,1.1707426879061952e-05,-0.1831484594411038,0.0001949349175224,0.0176480153782716,0.1307850656086814,13.61789343529968,37.15219627559759,6.266278828732534
6.42,31.221639947460808,131.0118538501692,240.55214003293688,0.1570496850782418,-9.87444173952912e-05,-5.783222062127398,0.0013740324950251,2.3713226030405226,0.0,37.098855406776856,27.81213923265163,29.762668618410213,0.0326310865604041,113.74008765702514,823.7096101092462,15.288,0.0,4.443331411383996,0.1093171638775768,1.1732617604109976e-05,-0.1832530501646779,0.0001946222029896,0.0176324204071912,0.1570497161188258,13.637028217282545,37.09883989604004,6.250506395127778
6.43,31.221638945505383,131.01185652644844,240.73491726051063,0.1835134035777691,-8.91927459481836e-05,-5.762028895748937,0.0013981851375911,2.3800846326437006,0.0,37.045706004993306,27.80728303047009,29.6576385465884,0.0326672460895314,113.74014843710395,821.3366478300724,15.288,0.0,4.443894324503174,0.1091607776970533,1.1757814574129671e-05,-0.18340178120554,0.0001943260193237,0.0176211388262191,0.1835134252535091,13.656192151290076,37.045691994629536,6.2342426812656315
6.44,31.221637943696702,131.011859202258,240.91669256784616,0.2101504639865111,-7.924064278052013e-05,-5.740876704098618,0.0014215821805541,2.3873361360102767,0.0,36.99276558547811,27.802407589486435,29.552511869719,0.0327031320329374,113.7402088254858,818.9764825300549,15.288,0.0,4.444454153405228,0.1090050054294173,1.1783037484574776e-05,-0.1835946824553418,0.000194046948452,0.0176141555293415,0.2101504789260023,13.67538515040556,36.99275313838705,6.217478683426151
6.45,31.221636942035456,131.01186187759603,241.09746662189104,0.2369352196136285,-6.889931308335019e-05,-5.719761237372244,0.0014442122129526,2.393092895958686,0.0,36.94003471705297,27.797513099874035,29.447263281684897,0.0327387436006097,113.74026881838536,816.6290982294673,15.288,0.0,4.445010900159235,0.1088498487607168,1.1808305924978527e-05,-0.1838317399135494,0.0001937855478988,0.0176114513373725,0.2369352296303367,13.694606932766227,36.94002389437418,6.200206795501495
6.46,31.22163594052237,131.01186455246065,241.27724009355927,0.263842113859641,-5.818024948257205e-05,-5.698678133407008,0.0014660647752255,2.3973719375990528,0.0,36.8875139686888,27.792599779469704,29.34186749556416,0.0327740801688259,113.74032841233388,814.2944789779733,15.288,0.0,4.445564566823781,0.1086953093774067,1.1833639359575088e-05,-0.1841128963705573,0.0001935423505805,0.0176130030943744,0.2638421202750275,13.713857021113093,36.88750482975658,6.182420790006496
6.47,31.22163493915813,131.01186722685014,241.456013649783,0.2908457039335576,-4.709521815221732e-05,-5.677622931990064,0.0014871303517894,2.40019148618392,0.0,36.83520390960049,27.78766787291361,29.236299268204444,0.0328091412784372,113.74038760417876,811.9726088598967,15.288,0.0,4.446115155450466,0.1085413889666323,1.185905710832666e-05,-0.1844380521218813,0.0001933178646308,0.0176187837661291,0.2908457077465755,13.733134743087128,36.83519651190092,6.164115795454033
6.48,31.22163393794344,131.01186990076266,241.63378796146128,0.3179206840997238,-3.565624333830855e-05,-5.656591088953961,0.0015074003623946,2.4015709246027925,0.0,36.7831051093664,27.782717650776483,29.13053342438024,0.0328439266332061,113.74044639108318,809.6634720016152,15.288,0.0,4.446662668115354,0.1083880892165685,1.188457832836736e-05,-0.1848070657119718,0.0001931125732535,0.0176287625405189,0.3179206860985636,13.75243923226301,36.7830995084968,6.145288270356951
6.49,31.22163293687897,131.0118725741965,241.8105636974992,0.3450419083570818,-2.387559326388112e-05,-5.635577990014951,0.0015268671530283,2.401530750594912,0.0,36.73121813797097,27.77774940867652,29.024544880516743,0.0328784360978355,113.74050477052484,807.3670525738371,15.288,0.0,4.447207106863055,0.1082354118165592,1.1910221995874264e-05,-0.1852197547061967,0.0001929269346035,0.0176429049295508,0.3450419091831465,13.77176942993128,36.73121438760155,6.125935974111811
6.5,31.22163193596539,131.01187524714993,241.98634152381152,0.3721844126764728,-1.1765764903649456e-05,-5.614578964324239,0.0015455239857451,2.400092533704018,0.0,36.67954356593327,27.77276346638446,28.91830866796453,0.0329126696960397,113.7405627402953,805.0833347990781,15.288,0.0,4.447748473752156,0.1080833584574878,1.1936006888375313e-05,-0.1856758964895363,0.0001927613816955,0.0176611728730104,0.3721844128628267,13.791124087556565,36.67954171777125,6.1060579350034345
6.51,31.22163093520335,131.01187791962127,242.16112210730063,0.3993234366562228,6.605304460420214e-07,-5.593589297692286,0.0015633650279757,2.3972788720566407,0.0,36.628081964375326,27.76776016692203,28.81179995580986,0.0329466276084732,113.7406202984983,802.8123029558958,15.288,0.0,4.448286770830763,0.1079319308319783,1.1961951567503177e-05,-0.1861752290905482,0.0001926163223394,0.0176835248434772,0.3993234366567405,13.810501769933738,36.62808206813121,6.085654415572499
6.52,31.2216299345935,131.0118805916089,242.334906108898,0.4264344446591927,1.3390382204549868e-05,-5.572604245457142,0.001580385340903,2.3931133490004104,0.0,36.576833905115,27.76273987565149,28.704994073206784,0.0329803101705349,113.7406774435482,800.5539413842943,15.288,0.0,4.4488220001434815,0.1077811306346672,1.198807436220349e-05,-0.186717452029164,0.000192492139102,0.0177099159526056,0.4264344448695656,13.829900858991197,36.57683600847132,6.064726875570634
6.53,31.221628934136486,131.01188326311114,242.5076941905225,0.4534915399474093,2.6412170893835e-05,-5.551618996156361,0.0015965805398952,2.38762085717924,0.0,36.52579804543334,27.75770297967489,28.597866531225502,0.033013717869997,113.74073417416808,798.3081507678972,15.288,0.0,4.449351991495576,0.1076309539185735,1.2014393352745506e-05,-0.18730222687977,0.0001923891895698,0.0177402970991475,0.4534915407167607,13.849320205662886,36.52580219424744,6.04327803308692
6.54,31.22162793383292,131.01188593412647,242.67948700911683,0.4804689533150315,3.971428659407016e-05,-5.530628717058638,0.001611946912022,2.38082739804652,0.0,36.47497283107791,27.752649891078924,28.49039304561192,0.0330468513457199,113.74079048939002,796.0748230623136,15.288,0.0,4.449874343750312,0.1074813961132964,1.2040926359718668e-05,-0.1879291728957677,0.0001923078111006,0.017774615393738,0.4804689549567725,13.86875855571816,36.474979069383465,6.021311792592665
6.55,31.22162693368338,131.0118886046533,242.850285219628,0.5073463774039465,5.32801820907278e-05,-5.509628744525407,0.0016264827383143,2.372758552465817,0.0,36.424362900720446,27.74758103810475,28.38254955915989,0.0330797113864359,113.74084638855524,793.8541207203384,15.288,0.0,4.450393673355896,0.1073324708971848,1.2067690916941223e-05,-0.1885978772656378,0.0001922483125281,0.0178128182824204,0.5073463802014924,13.888212396259016,36.42437126995188,5.9988327778198975
6.56,31.221625933688458,131.0118912746902,243.02008947004185,0.5341003803269585,6.709629114944149e-05,-5.48861433356806,0.0016401865309907,2.363441402264605,0.0,36.373968829942434,27.742496866124885,28.27431225931388,0.0331122989258011,113.74090187130696,791.6460283738539,15.288,0.0,4.450909982279104,0.1071841799758149,1.209470426031344e-05,-0.1893078945417039,0.0001922109755177,0.0178548485325532,0.5341003845415006,13.907679428541911,36.3739793694032,5.975846823237616
6.57,31.221624933848727,131.0118939442357,243.18890040535297,0.5607078520373907,8.114892177340179e-05,-5.467580766743664,0.0016530576286961,2.352903797305101,0.0,36.32379119544832,27.7373978382362,28.165657597540697,0.0331446150394407,113.74095693758696,789.4505307404959,15.288,0.0,4.451423272497062,0.1070365250580371,1.2121983316251064e-05,-0.1900587453208599,0.000192196056671,0.017900646096088,0.5607078579097654,13.927157198796294,36.32380394229115,5.952360746194532
6.58,31.221623934164743,131.01189661328843,243.35671866856487,0.5871460219688726,9.542426923867888e-05,-5.446523364344157,0.0016650961815713,2.341174312370194,0.0,36.2738305750972,27.73228443433329,28.05656230853768,0.0331766609420305,113.74101158763224,787.2676126267572,15.288,0.0,4.451933545945496,0.1068895078560586,1.2149544687764012e-05,-0.1908499172056154,0.0001922037876348,0.0179501482202816,0.5871460297227814,13.946643105318763,36.27384556430636,5.928382299733557
6.59,31.221622934637026,131.01189928184692,243.5235448947205,0.6133924761487038,0.0001099084315383,-5.425437494075668,0.0016763031352353,2.3282822042338926,0.0,36.22408754802637,27.72715715018117,27.94700342888607,0.0332084379843172,113.74106582197196,785.0972589338562,15.288,0.0,4.4524408045739285,0.1067431300858179,1.217740464103097e-05,-0.1916808657792461,0.000192234375232,0.0180032895586943,0.6133924859947998,13.966134405965084,36.22410481240242,5.9039201243467465
6.6,31.22162193526609,131.01190194990997,243.6893797109093,0.6394251736148991,0.000124587423263,-5.404318580211556,0.0016866802145905,2.314257368994096,0.0,36.17456269466511,27.72201649649301,27.83695831514277,0.0332399476500196,113.74111964142348,782.9394546600237,15.288,0.0,4.452945050276673,0.1065973934670153,1.2205579092473692e-05,-0.1925510155937456,0.0001922880016144,0.0180600022823047,0.6394251857519606,13.98562822606664,36.1745822648118,5.8789836988422985
6.61,31.22162093605244,131.0119046174763,243.85422374719224,0.6652224623326722,0.0001394471891247,-5.383162112213174,0.0016962299072355,2.2991302996665954,0.0,36.12525659687792,27.716862998008526,27.726404661362576,0.0332711915527285,113.74117304708876,780.7941849069344,15.288,0.0,4.453446284975657,0.1064522997235489,1.223408359633402e-05,-0.1934597611692689,0.0001923648244372,0.018120216190675,0.6652224769476328,14.005121566654417,36.12527850119116,5.8535832904647656
6.62,31.22161993699656,131.01190728454463,244.0180776177264,0.6907630943759839,0.0001544736181119,-5.361963652806794,0.0017049554463028,2.2829320441297924,0.0,36.07616983796416,27.71169719257845,27.615320516045408,0.0333021714325856,113.74122604035028,778.66143488221,15.288,0.0,4.453944510541035,0.1063078505834897,1.2262933332756244e-05,-0.1944064680037851,0.0001924649770525,0.0181838588229983,0.6907631116478017,14.02461131304686,36.07619410262335,5.827729904431818
6.63,31.22161893809888,131.0119099511139,244.18094193765376,0.7160262405780486,0.0001696525574383,-5.3407188455134,0.0017128607928653,2.2656941634152603,0.0,36.0273030027611,27.706519630253297,27.50368429850257,0.0333328891528755,113.74127862286672,776.5411899035549,15.288,0.0,4.454439728832625,0.1061640477794076,1.2292143096376816e-05,-0.1953904735916636,0.0001925885687242,0.0182508555689131,0.7160262606753077,14.044094243677566,36.0273296517225,5.801435233013297
6.64,31.22161793935988,131.01191261718296,244.342817308198,0.7409915045260554,0.0001849698256081,-5.319423421627666,0.0017199506181682,2.247448690406298,0.0,35.97865667770183,27.70133087237849,27.391474814637284,0.0333633466965983,113.74133079656865,774.4334354031625,15.288,0.0,4.454931941692983,0.1060208930485282,1.2321727285423052e-05,-0.1964110884499931,0.0001927356848608,0.0183211297790207,0.7409915276112975,14.063567039176514,35.97868573269409,5.774711604296797
6.65,31.221616940779928,131.01191528275075,244.5037043285886,0.7656389359335636,0.0002004112263705,-5.298073206644195,0.0017262302852921,2.228228088974145,0.0,35.930231450874814,27.69613149069732,27.278671272135654,0.0333935461629781,113.7413825636536,772.3381569311404,15.288,0.0,4.455421150943964,0.1058783881329107,1.2351699891321884e-05,-0.197467597151384,0.0001929063872678,0.0183946028749405,0.7656389621617002,14.083026291650066,35.93026293139663,5.747571930765675
6.66,31.22161594235945,131.0119179478164,244.66360358910515,0.7899490433828398,0.0002159625612744,-5.276664126131363,0.0017317058307187,2.2080652135876058,0.0,35.882027912069645,27.690922066460445,27.16525329506417,0.0334234897636811,113.7414339265815,770.2553401581758,15.288,0.0,4.455907358372921,0.1057365347795886,1.2382074488819192e-05,-0.1985592593620837,0.0001931007144174,0.0184711944588107,0.7899490729018209,14.102468514127937,35.88206183538944,5.7200296578131855
6.67,31.221614944098807,131.0119206123788,244.82251567008336,0.8139028064628697,0.0002316096428736,-5.25519221105795,0.0017363839455039,2.186993269422677,0.0,35.834046652850134,27.685703189546164,27.05120093787164,0.0334531798192418,113.74148488806938,768.1849708805429,15.288,0.0,4.456390565749955,0.105595334740771,1.2412864226609964e-05,-0.1996853108842332,0.0001933186817351,0.018550822422187,0.8139028394152366,14.121890150124695,35.83408303400776,5.692098712311079
6.68,31.22161394599836,131.01192327643716,244.98044114588888,0.837481687272631,0.0002473383078077,-5.233653602573601,0.0017402719561156,2.1650457730116366,0.0,35.786288266610406,27.68047545758809,26.936494698792725,0.0334826187550929,113.74153545108632,766.1270350224335,15.288,0.0,4.45687077483136,0.1054547897740258,1.244408181847886e-05,-0.2008449647011309,0.0001935602819035,0.018633403054144,0.8374817237939277,14.141287583296537,35.78632711842094,5.663793451346338
6.69,31.221612948058432,131.01192593999065,245.1373805829324,0.8606676412768524,0.0002631344287342,-5.212044556251915,0.0017433778052912,2.142256513463256,0.0,35.73875334859899,27.67523947511562,26.821115532652424,0.0335118090978936,113.74158561884792,764.0815186390173,15.288,0.0,4.4573479873285775,0.1053149016423342,1.2475739534950532e-05,-0.2020374120243951,0.0001938254851817,0.0187188511485745,0.8606676814978416,14.16065714715795,35.738794681658405,5.635128611238358
6.7,31.22161195027933,131.01192860303848,245.29333453768044,0.8834431275857487,0.0002789839276217,-5.1903614458040925,0.0017457100323172,2.118659514268683,0.0,35.69144249600062,27.6699958527032,26.705044863070032,0.0335407534714182,113.74163539481088,762.0484079205331,15.288,0.0,4.457822204946146,0.1051756721143385,1.2507849195448465e-05,-0.2032618233419315,0.0001941142397397,0.018807080110558,0.8834431716324177,14.179995134797064,35.69148631869349,5.606119256936502
6.71,31.221610952661344,131.01193126558005,245.4483035586437,0.9057911185607702,0.0002948727866603,-5.168600766270593,0.0017472777535999,2.0942889957414925,0.0,35.64435630794464,27.664745206133453,26.58826459406288,0.0335694545925764,113.74168478266712,760.027689193742,15.288,0.0,4.4582934293403005,0.1050371029643656,1.2540422160960768e-05,-0.2045173494656516,0.0001944264720082,0.0188980020616884,0.9057911665533396,14.199297808595269,35.644402626453655,5.576780731905856
6.72,31.22160995520472,131.01193392761456,245.6022881824004,0.9276951088571226,0.0003107870611699,-5.146759136705435,0.0017480906426444,2.069179338093537,0.0,35.59749538558486,27.65948815557152,26.47075712104987,0.0335979152673393,113.74173378633796,758.019348926266,15.288,0.0,4.458761662160372,0.1048991959726636,1.2573469327210951e-05,-0.2058031225779221,0.0001947620870414,0.0189915279443414,0.927695160910867,14.218561409872406,35.59754420390227,5.547128608593366
6.73,31.22160895790971,131.01193658914158,245.75528893856804,0.9491391237929024,0.0003267128906276,-5.124833302362036,0.0017481589102055,2.0433650451959138,0.0,35.55086033209869,27.65422532475336,26.3525053412562,0.0336261383866393,113.74178240996804,756.0233737278949,15.288,0.0,4.459226905003934,0.1047619529253936,1.2607001118331298e-05,-0.2071182572757379,0.0001951209688933,0.0190875676247332,0.9491391800184464,14.237782168473258,35.55091165203954,5.517178639575398
6.74,31.22160796077654,131.0119392501605,245.9073063488076,0.9701077271702344,0.0003426365103549,-5.102820136397496,0.001747493284181,2.016880709020992,0.0,35.50445175276679,27.64895734018697,26.233492663520327,0.0336541269220608,113.7418306579194,754.039750354411,15.288,0.0,4.459689159465111,0.1046253756148742,1.2641027481036132e-05,-0.2084618516116547,0.0001955029810073,0.0191860299947497,0.9701077876729968,14.256956312212049,35.50450557398398,5.486946709471267
6.75,31.221606963805392,131.01194191067083,246.05834091688524,0.990586028422516,0.0003585442623776,-5.08071664110801,0.0017461049895474,1.98976097481495,0.0,35.45827025496327,27.643684830368944,26.11370301750581,0.0336818839217459,113.7418785347648,752.0684657090121,15.288,0.0,4.460148427086273,0.1044894658395388,1.2675557879291858e-05,-0.2098329881305281,0.0001959079666165,0.0192868230724404,0.990586093303922,14.276080076199904,35.4583265749643,5.456448787719998
6.76,31.22160596699644,131.01194457067223,246.2083931505384,1.0105596892129225,0.000374422606685,-5.058519948713027,0.001744005728077,1.962040506994466,0.0,35.41231644821389,27.638408425015182,25.99312086232035,0.033709412505953,113.74192604528156,750.109506844986,15.288,0.0,4.460604709389081,0.1043542254041207,1.2710601289480307e-05,-0.2112307349011604,0.000196335749157,0.0193898541011173,1.010559758569133,14.295149711975595,35.41237526237942,5.425700882298131
6.77,31.22160497034984,131.0119472301644,246.35746352867773,1.030011126072545,0.0003902624741396,-5.036227207609972,0.0017412067115546,1.9337548720775235,0.0,35.366585864561,27.633128756529977,25.87173119495238,0.0337367158631923,113.74197319444583,748.1626460530323,15.288,0.0,4.4610524096112645,0.1042196411507744,1.2746166199485965e-05,-0.2126541437885818,0.0001967861355454,0.0194950265945559,1.0300111999979098,14.314163194389762,35.36664716684709,5.394719216396282
6.78,31.221603973865697,131.011949889147,246.5055525371665,1.048930875583448,0.0004060463915369,-5.013835912507284,0.0017377212498318,1.9049379674884528,0.0,35.32108405589408,27.62784645731841,25.749519559728327,0.0337637972473059,113.74201998742932,746.2280801823146,15.288,0.0,4.461496982830044,0.1040857294484317,1.2782260600851068e-05,-0.2141022533072297,0.000197258914766,0.0196022488861721,1.048930954166034,14.33311518790535,35.321147837512115,5.363519575540107
6.79,31.22160297754414,131.0119525476197,246.65266063800985,1.067306417851403,0.0004217610890449,-4.991343589979738,0.0017335623850735,1.8756242853073903,0.0,35.275811804048935,27.622562156160377,25.626472053581608,0.0337906599719713,113.74206642959,744.3058037619261,15.288,0.0,4.461938613114865,0.1039524926094506,1.2818891980203315e-05,-0.2155740943424004,0.0001977538534082,0.0197114265780477,1.0673065011740124,14.352001991600162,35.27587805412588,5.3321178060978
6.8,31.22160198138524,131.01195520558255,246.79878829022863,1.0851256807232907,0.0004373935969984,-4.968747891907372,0.0017287435282473,1.8458482346129617,0.0,35.23076972752015,27.61727648015332,25.502575331428844,0.0338173074054355,113.74211252646352,742.3958044648475,15.288,0.0,4.462377301835128,0.103819932464798,1.2856067322144436e-05,-0.2170686873873522,0.0001982706999878,0.019822464790465,1.0851257688652818,14.37082001057482,35.2308384331457,5.300529625151804
6.81,31.221600985389028,131.01195786303532,246.94393593693465,1.1023771682147248,0.0004529311131926,-4.946046597842,0.0017232784664948,1.8156440847119644,0.0,35.185958447053856,27.611990054007503,25.377816611878032,0.0338437429660921,113.74215828375632,740.4980701238893,15.288,0.0,4.462813050336395,0.1036880508520298,1.2893793106847996e-05,-0.2185850435159651,0.0001988091854278,0.0199352683418902,1.1023772612505618,14.389565708545051,35.18602959330674,5.268770573868504
6.82,31.22159998955556,131.011960519978,247.08810401527447,1.1190499635735964,0.0004683610127896,-4.923237613468152,0.0017171813429721,1.7850459357986967,0.0,35.14137858563803,27.60670349937676,25.25218368237136,0.0338699701181556,113.74220370733876,738.6125887326002,15.288,0.0,4.463245859916537,0.1035568496152575,1.2932075308094068e-05,-0.2201221653661635,0.0001993690235262,0.0200497418384728,1.1190500615739003,14.408235615421546,35.14145215561388,5.236855978570615
6.83,31.22159899388484,131.01196317641063,247.2312929454945,1.1351337318216193,0.0004836708570788,-4.900318968748239,0.0017104666369229,1.7540876904411606,0.0,35.097030768534204,27.60141743420593,25.12566490376741,0.0338959923669768,113.74224880323784,736.7393484475998,15.288,0.0,4.463675731852983,0.1034263306052437,1.2970919391764376e-05,-0.2216790481126917,0.0001999499114301,0.0201657897617902,1.1351338348522366,14.42682633454165,35.09710674337477,5.204800913284497
6.84,31.22159799837685,131.01196583233326,247.3735031398846,1.1506187217138086,0.0004988484019313,-4.877288815771779,0.001703149143912,1.7228030259159333,0.0,35.052915623263424,27.596132472097207,24.998249214368887,0.033921813254875,113.74229357763052,734.8783375890033,15.288,0.0,4.464102667382285,0.1032964956793615,1.3010330314791852e-05,-0.2232546804285874,0.0002005515301166,0.0202833165547586,1.15061882983678,14.445334549565152,35.05299398218716,5.1726201638313425
6.85,31.22159700303157,131.01196848774603,247.5147349978112,1.16549576716974,0.0005138816064204,-4.854145426331841,0.0016952439560365,1.6912253673899391,0.0,35.00903377960672,27.59084922169409,24.869926133402213,0.0339474363564693,113.74233803683616,733.0295446418646,15.288,0.0,4.464526667700118,0.1031673467015908,1.3050312524558807e-05,-0.2248480454347034,0.0002011735448799,0.0204022267057172,1.1654958804425972,14.463757031001125,35.009114499940694,5.140328193523604
6.86,31.221596007848927,131.01197114264917,247.6549889067099,1.1797562881883144,0.0005287586405024,-4.830887189249563,0.0016867664424839,1.6593878619544409,0.0,34.96538586962443,27.58556828608449,24.74068576395668,0.033972865274316,113.74238218730964,731.1929582576319,15.288,0.0,4.464947733985126,0.1030388855425833,1.3090869958737224e-05,-0.2264581216366642,0.0002018156058231,0.020522424830621,1.1797564066647357,14.48209064234735,34.96546892683745,5.107939110525723
6.87,31.22159501282885,131.0119737970429,247.79426524208657,1.1933922911950308,0.000543467892926,-4.807512607468081,0.0016777322301124,1.6273233535280427,0.0,34.9219725276138,27.58029026222337,24.610518795389904,0.0339981036345327,113.74242603563408,729.3685672539054,15.288,0.0,4.465365867358039,0.1029111140795304,1.313200604556477e-05,-0.2280838838486913,0.000202477348355,0.0206438157533124,1.193392414924045,14.5003323458622,34.9220578953508,5.075466636939676
6.88,31.221594017971245,131.0119764509276,247.93256436950296,1.2063963689309916,0.0005579979788182,-4.784020294939136,0.0016681571842126,1.59506435861217,0.0,34.87879439013905,27.575015740372294,24.479416505207567,0.0340231550823428,113.74246958851356,727.5563606165314,15.288,0.0,4.465781068925966,0.1027840341962576,1.3173723704549764e-05,-0.2297243041037301,0.0002031583936908,0.0207663045838756,1.2063964979578117,14.518479207911057,34.8788820402566,5.042924079663781
6.89,31.22159302327597,131.01197910430355,248.06988664060404,1.218761699777188,0.0005723377461308,-4.760408973321859,0.0016580573896662,1.562643042925152,0.0,34.83585209597586,27.56974530356068,24.347370760425207,0.0340480232776979,113.74251285276613,725.7563274992488,15.288,0.0,4.466193339734695,0.1026576477830472,1.321602534759812e-05,-0.2313783525493574,0.0002038583493571,0.0208897967950093,1.2187618341435902,14.536528403931442,34.83594199857879,5.010324303080585
6.9,31.221592028742915,131.0119817571712,248.2062323951037,1.2304820466439257,0.0005864762831659,-4.736677468516837,0.001647449132043,1.5300911988919612,0.0,34.79314628613882,27.56447952706459,24.214374018420667,0.0340727118909827,113.74255583531613,723.9684572247535,15.288,0.0,4.46660268081639,0.1025319567367406,1.325891288055512e-05,-0.2330449983289653,0.000204576809699,0.021014198296402,1.230482186386465,14.554477222957123,34.79323840961796,4.977679703613959
6.91,31.221591034371887,131.01198440953107,248.34160196078616,1.241551755322703,0.0006004029248227,-4.712824707055854,0.0016363488790643,1.4974402240118037,0.0,34.75067760383089,27.55921897790577,24.08041932728532,0.0340972245986915,113.74259854318755,722.1927392849082,15.288,0.0,4.467009093155523,0.1024069629605706,1.3302387705154816e-05,-0.2347232104477866,0.0002053133563901,0.0211394155071265,1.241551900474783,14.572323071744892,34.750771914901776,4.945002186203993
6.92,31.22159004016272,131.01198706138365,248.47599565350487,1.2519657523979155,0.000614107258831,-4.688849712368076,0.0016247732623272,1.4647211000863385,0.0,34.70844669443928,27.553964214370048,23.94550032568336,0.0341215650791517,113.74264098349629,720.4291633410122,15.288,0.0,4.467412577709318,0.1022826683641626,1.3346450721369304e-05,-0.2364119586232862,0.0002060675589455,0.0212653554259844,1.251965902987915,14.590063478462312,34.708543158181925,4.91230314273259
6.93,31.221589046115195,131.01198971272953,248.60941377618911,1.261719542667512,0.0006275791315021,-4.664751600943527,0.0016127390592586,1.4319643733183538,0.0,34.66645420549076,27.548715785545472,23.80961124222772,0.0341457370083788,113.7426831634433,718.6777192239788,15.288,0.0,4.467813135387304,0.1021590748633897,1.339110233015038e-05,-0.2381102141195213,0.0002068389752352,0.0213919256998363,1.2617196987213022,14.607696095961137,34.66655278539021,4.879593432437328
6.94,31.221588052229084,131.01199236356936,248.7418566238131,1.270809206134952,0.0006408086536437,-4.640529578413556,0.0016002631752607,1.3992001352682384,0.0,34.62470078664101,27.54347423088001,23.672746894382342,0.0341697440558538,113.74272509030726,716.9383969344547,15.288,0.0,4.468210767071757,0.1020361843803526,1.343634243655572e-05,-0.2398169505650788,0.000207627151999,0.0215190346898614,1.2708093676729948,14.62521870461116,34.624801444628936,4.84688336433919
6.95,31.22158705850414,131.01199501390383,248.8733244744528,1.2792313945390914,0.0006537862053948,-4.616182935567805,0.0015873626262998,1.366458004672735,0.0,34.58318708963247,27.53824007975909,23.534902686899976,0.0341935898804344,113.74276677143756,715.2111866427607,15.288,0.0,4.4686054736074885,0.1019139988432497,1.348217045325145e-05,-0.2415311447542484,0.000208431625362,0.0216465915357758,1.279231561579048,14.642629214716708,34.58328978612946,4.814182681710541
6.96,31.22158606494012,131.01199766373367,249.0038175922648,1.2869833274508395,0.0006665024415292,-4.591711044326593,0.0015740545216367,1.3337671101187727,0.0,34.54191376824843,27.533013851102297,23.396074609805456,0.0342172781264884,113.74280821424708,713.4960786883041,15.288,0.0,4.4689972557916136,0.1017925201862406,1.3528585304382987e-05,-0.2432517774310739,0.0002092519213499,0.0217745062179733,1.2869835000058214,14.65992566850842,34.54201846220712,4.7815005486011435
6.97,31.22158507153672,131.01200031305973,249.133336236434,1.294062787965482,0.0006789482960704,-4.567113353687489,0.0015603560468851,1.3011560735622465,0.0,34.50088147829005,27.5277960529808,23.25625923593412,0.0342408124196105,113.7428494262052,711.7930635797344,15.288,0.0,4.469386114390589,0.1016717503493834,1.357558542980602e-05,-0.2449778340559927,0.0002100875564046,0.0219026896176067,1.2940629660451106,14.677106241704369,34.500988127239,4.748845538434526
6.98,31.22158407829365,131.01200296188276,249.2618806472572,1.3004681179785336,0.0006911149867591,-4.542389385663326,0.001546284447406,1.2686529946914622,0.0,34.46009087753918,27.52258718225297,23.115453718035592,0.0342641963631754,113.74289041483092,710.1021319947703,15.288,0.0,4.4697720501470295,0.1015516912785241,1.3623168789668904e-05,-0.2467083055547699,0.0002109380378988,0.0220310535746,1.3004683015885077,14.694169244656408,34.46019943762744,4.716225624683584
6.99,31.221583085210582,131.0120056102037,249.3894510570765,1.306198213041315,0.000702994018931,-4.517538731228409,0.0015318570120329,1.236285436129975,0.0,34.41954262568758,27.51738772422082,22.973655785453094,0.0342874335340914,113.74293118768576,708.423274779058,15.288,0.0,4.4701550637524505,0.1014323449250819,1.3671332869338167e-05,-0.2484421890494845,0.0002118028646488,0.022159510943583,1.3061984021837438,14.711113123095442,34.41965305172985,4.6836481736272395
7.0,31.221582092287168,131.01200825802343,249.5160476813352,1.311252516858136,0.0007145771896127,-4.492561046290148,0.0015170910570422,1.20408040946199,0.0,34.37923738430707,27.51219815230571,22.830863740388534,0.034310527479382,113.74297175236704,706.756482946043,15.288,0.0,4.470535155867708,0.1013137132459664,1.3720074684658286e-05,-0.2501784885713093,0.0002126815274265,0.0222879756477641,1.3112527115315322,14.727936458455243,34.379349629829534,4.651119939182289
7.01,31.22158109952307,131.012010905343,249.6416707295097,1.3156310153853952,0.0007258565906408,-4.467456047700374,0.0015020039105913,1.1720643620821796,0.0,34.339175816780426,27.50701892774267,22.68707645376396,0.0343334817125102,113.7430121165011,705.1017476756463,15.288,0.0,4.470912327105969,0.1011957982033725,1.3769390787537016e-05,-0.2519162157548875,0.0002135735094691,0.0224163627307293,1.3156312155839731,14.744637967810906,34.33928983406706,4.61864705980155
7.02,31.221580106917912,131.0120135521634,249.7663203941765,1.319334230596111,0.0007368246121033,-4.442223509322845,0.0014866128973559,1.140263164849238,0.0,34.299358588278466,27.501850499295266,22.54229336069009,0.0343562997096859,113.74305228773645,703.4590603144752,15.288,0.0,4.471286578066776,0.1010786017647179,1.381927727184733e-05,-0.2536543905141205,0.0002144782869859,0.0225445884062038,1.3193344363114203,14.761216503410653,34.29947432841788,4.586235057420245
7.03,31.221579114471314,131.01201619848567,249.88999686293863,1.3223632138524963,0.0007474739454058,-4.4168632581690765,0.00147093532355,1.1087021005486335,0.0,34.25978636567201,27.49669330298818,22.39651445555217,0.0343789849066049,113.74309227373736,701.8284123743241,15.288,0.0,4.471657909305384,0.1009621259023731,1.3869729779637004e-05,-0.2553920416991978,0.0002153953296634,0.0226725701057555,1.3223634250719702,14.7776710518501,34.25990377860479,4.553888838429812
7.04,31.22157812218285,131.01201884431097,250.012700301532,1.3247195389528632,0.0007577975854816,-4.391375170616136,0.0014549884624027,1.0774058531431598,0.0,34.22045981746402,27.491547761860144,22.249740286724617,0.0344015406950274,113.74313208217724,700.2097955303708,15.288,0.0,4.472026321325951,0.1008463725934708,1.392074350763667e-05,-0.257128207734712,0.0002163241011657,0.0228002265244358,1.3247197556608126,14.794000732867849,34.220578852030386,4.5216126966473436
7.05,31.22157713005213,131.01202148964035,250.13443086873085,1.326402961610302,0.0007677923716408,-4.365759091684735,0.0014387888468689,1.0463990349294356,0.0,34.18137593929997,27.48641428680796,22.10197195109959,0.0344239704196136,113.7431717207326,698.603051423632,15.288,0.0,4.4723878842287,0.1007313329913075,1.3972313216473756e-05,-0.2588619358324055,0.000217264061456,0.0229274750752096,1.3264031837898378,14.81020610732567,34.18149654384368,4.489410368527533
7.06,31.22157613807869,131.01202413447513,250.2551887143603,1.327418040102211,0.0007774490248799,-4.340015043697694,0.0014223540524331,1.015704772203938,0.0,34.14253842192335,27.4812932761291,21.95321108946462,0.0344462773759986,113.74321119707952,697.0082958411998,15.288,0.0,4.472745835301845,0.1006170179793167,1.4024433236945144e-05,-0.2605922825041374,0.0002182146674617,0.0230542388422217,1.327418267731544,14.826285491295204,34.1426605433306,4.457284912016641
7.07,31.221575146262104,131.01202677881645,250.3749739703541,1.3277683099105586,0.0007867608054825,-4.314143043549479,0.0014057012868977,0.9853458009942084,0.0,34.10394862112948,27.47618511254537,21.80345987937988,0.034468464806975,113.74325051888584,695.425548876513,15.288,0.0,4.473100905710797,0.1005034315599038,1.407709746995565e-05,-0.2623183185602798,0.0002191753678289,0.0231804410236938,1.3277685429637889,14.84223815119961,34.10407220522781,4.425238809797658
7.08,31.221574154601896,131.0120294226655,250.49378676466463,1.3274573608495692,0.0007957219405638,-4.288143129554186,0.0013888475554768,0.9553443131033438,0.0,34.06560721150536,27.471090164962582,21.65272102769215,0.0344905358990785,113.74328969380352,693.8548028488913,15.288,0.0,4.473453095822125,0.1003905757279257,1.413029939981504e-05,-0.2640391268454097,0.0002201456070203,0.0233060057978093,1.327457599297983,14.858063720647795,34.0657322032155,4.393273971085709
7.09,31.221573163097588,131.01203206602372,250.61162720735248,1.3264892656402445,0.0008043269699646,-4.262015372107574,0.0013718097628644,0.9257218591959964,0.0,34.027514868931355,27.46600878834131,21.50099776354701,0.0345124937797245,113.74332872946248,692.2960502355397,15.288,0.0,4.473802405968772,0.1002784524819978,1.4184032102278043e-05,-0.2657538026846177,0.0002211248259184,0.0234308588046775,1.3264895094514475,14.87376195521319,34.02764121231635,4.3613917359641725
7.1,31.22157217174872,131.01203470889232,250.7284954015172,1.3248685711660029,0.0008125707473995,-4.23575987062791,0.0013546047007726,0.8964993425517824,0.0,33.98967227051466,27.46094132355993,21.34829383110232,0.0345343415145515,113.7433676334648,690.7492836698588,15.288,0.0,4.474148836463503,0.1001670638243083,1.4238288252648738e-05,-0.2674614544061126,0.0002221124623018,0.0235549271800373,1.324868820305474,14.889332729272107,33.989799908829184,4.329592889380184
7.11,31.22157118055476,131.0120373512727,250.84439143534627,1.3226002894470117,0.0008204484410291,-4.209376750647382,0.0013372490359185,0.8676970135280446,0.0,33.952080094480685,27.455888097294167,21.194613481947325,0.0345560821048218,113.743406413379,689.2144959399523,15.288,0.0,4.474492387571994,0.1000564117602781,1.4293060134117589e-05,-0.2691612038444772,0.0002231079513138,0.0236781395870736,1.3226005438761452,14.9047760325808,33.95220897022043,4.29787767676224
7.12,31.221570189515187,131.01203999316627,250.95931539106104,1.319689888397387,0.0008279555336954,-4.182858938481534,0.0013197594049708,0.8393346336062438,0.0,33.91473903708371,27.45084943788733,21.03996146725221,0.0345777184849462,113.7434450767343,687.6916806749705,15.288,0.0,4.474833059539748,0.0999464983484167,1.4348339646307251e-05,-0.2708521865772557,0.0002241107257724,0.0238004262364634,1.3196901480754597,14.920091959496077,33.91486909203481,4.266238772990874
7.13,31.22156919862949,131.01204263457444,251.0732673319945,1.3161432825808153,0.0008350878234869,-4.156206359853175,0.0013021522161487,0.8114311625129719,0.0,33.87764989043709,27.44582574873499,20.884343030220904,0.0345992535203538,113.74348363101528,686.1808354966929,15.288,0.0,4.475170852548369,0.0998373259296748,1.4404118313468302e-05,-0.2725335509598761,0.00022512021572,0.0239217188444345,1.316143547464251,14.93528067241825,33.87778106572566,4.234675138990183
7.14,31.22156820789713,131.01204527549868,251.18624732247088,1.3119668237194255,0.0008418414240432,-4.129426834254852,0.0012844435874427,0.7840046931190184,0.0,33.8408133528623,27.440817329782977,20.727763897881804,0.0346206900050515,113.74352208365644,684.6819543255452,15.288,0.0,4.47550576679964,0.0997288965685535,1.4460387293292237e-05,-0.2742044618210314,0.0002261358509014,0.0240419508120515,1.311967093761865,14.950342476642616,33.84094558900396,4.203192951565754
7.15,31.221567217317567,131.0120479159404,251.29825540295684,1.3071672902606086,0.0008482127635027,-4.102520564827791,0.001266649571891,0.7570728192248642,0.0,33.804230104552246,27.43582444871651,20.570230271668485,0.034642030659728,113.7435604420369,683.1950304628141,15.288,0.0,4.475837802421355,0.0996212122760698,1.4517137386823094e-05,-0.2758640997318364,0.0002271570605056,0.0241610571995599,1.3071675654129284,14.965277784555804,33.80436334150156,4.171790484054198
7.16,31.221566226890207,131.01205055590123,251.40929161491,1.3017518772406709,0.0008541985843346,-4.075487768737106,0.0012487860430029,0.7306524640608647,0.0,33.76790082641075,27.430847358679028,20.411748818474223,0.0346632781297439,113.74359871347546,681.7200573561131,15.288,0.0,4.476166959531224,0.0995142750652975,1.4574359047864897e-05,-0.2775116609998315,0.0002281832733477,0.0242789747257459,1.3017521574516278,14.980087103189792,33.76803500361061,4.140465569936616
7.17,31.22156523661452,131.0120531953826,251.51935598586863,1.2957281859510053,0.0008597959423697,-4.048328675267508,0.0012308686850257,0.7047598786928673,0.0,33.73182619993544,27.42588629825273,20.252326661534948,0.0346844349833405,113.7436369052256,680.2570285979032,15.288,0.0,4.4764932382166815,0.0994080869509998,1.4632042392511705e-05,-0.2791463580564868,0.0002292139183008,0.0243956417886869,1.2957284711662704,14.994771029487705,33.73196125636624,4.109215626448202
7.18,31.2215642464899,131.01205583438613,251.62844852846115,1.2891042134266677,0.0008650022055438,-4.021043524094337,0.0012129129836567,0.6794106410332889,0.0,33.6960069070976,27.420941491454176,20.091971371094846,0.0347055037099588,113.74367502447052,678.8059379218936,15.288,0.0,4.4768166385147214,0.0993026499492855,1.4690177208841996e-05,-0.2807674198256888,0.0002302484247205,0.0245109984846775,1.2891045035902762,15.009330245413082,33.69614278132631,4.0780376791991735
7.19,31.22156325651577,131.0120584729134,251.73656925034143,1.2818883418056743,0.0008698150533964,-3.9936325637339056,0.0011949342169074,0.6546196554333642,0.0,33.660443630286046,27.4160131477446,19.93069095486608,0.0347264867186837,113.74371307831888,677.3667792025248,15.288,0.0,4.47713716046234,0.0991979660774482,1.474875296676748e-05,-0.2823740920733387,0.0002312862228622,0.0246249866254973,1.2818886368593174,15.023765512891966,33.660580260515125,4.046928387711269
7.2,31.22156226669155,131.01206111096596,251.84371814922127,1.2740893274749236,0.0008742324746207,-3.9660960501691074,0.0011769474466857,0.6304011528602274,0.0,33.62513705214771,27.41110146205633,19.768493848292657,0.0347473863368236,113.74375107379971,675.9395464510494,15.288,0.0,4.477454804039359,0.0990940373534868,1.480775882802658e-05,-0.2839656377381996,0.0002323267442908,0.0247375497539395,1.2740896273582842,15.03807766866806,33.62527437626369,4.015884071770473
7.21,31.221561277016622,131.01206374854547,251.94989520889385,1.2657162901263947,0.0008782527660303,-3.9384342456533616,0.001158967510461,0.6067686916220798,0.0,33.590087855524004,27.40620661483288,19.60538890462988,0.0347682048086202,113.74378901785856,674.5242338147035,15.288,0.0,4.477769569215505,0.0989908657959232,1.4867183656312684e-05,-0.2855413372440869,0.0002333694222826,0.0248486331577169,1.2657165947770013,15.052267619015131,33.590225811145885,3.984900738496961
7.22,31.221560287490377,131.01206638565355,252.05510041016748,1.256778701641433,0.000881874530417,-3.910647417688233,0.0011410090134273,0.5837351586434824,0.0,33.55529672331879,27.401328772084025,19.441385384849383,0.0347889442940884,113.74382691735296,673.1208355733747,15.288,0.0,4.4780814559268896,0.0988884534234142,1.4927016027527471e-05,-0.287100488793589,0.0002344136922196,0.0249581838816953,1.256779010994888,15.066336334383466,33.55543524784609,3.953974110032809
7.23,31.22155929811221,131.01206902229185,252.15933372192,1.247286374869799,0.0008850966745778,-3.8827358381747903,0.0011230863210371,0.5613127712648,0.0,33.52076433839537,27.39646808545415,19.27649294738101,0.034809606867943,113.74386477904852,671.729346137765,15.288,0.0,4.4783904640860674,0.098786802254444,1.4987244240149383e-05,-0.2886424086434494,0.000235458991976,0.0250661507385569,1.247286688860195,15.080284843962778,33.52090336905589,3.9230996517492067
7.24,31.22155830888151,131.012071658462,252.26259510010425,1.237249452285503,0.0008879184067094,-3.854699782734377,0.0011052135519026,0.5395130795560596,0.0,33.486491383452574,27.39162469230448,19.110721637701143,0.0348301945187286,113.74390260961476,670.349760046167,15.288,0.0,4.478696593571971,0.0986859143069651,1.504785632570758e-05,-0.2901664313617827,0.0002365047622957,0.0251724843178578,1.2372497708454826,15.094114230195204,33.486630857349745,3.892272600874907
7.25,31.221557319797625,131.0120742941657,252.36488449868204,1.2266783945485995,0.00089033923446,-3.8265395301972633,0.0010874045709676,0.5183469691253891,0.0,33.452478540914065,27.386798715807792,18.94408187777864,0.0348507091480122,113.74394041562158,668.9820719626064,15.288,0.0,4.4789998442366254,0.0985857915980646,1.5108840059351608e-05,-0.291671910067309,0.0002375504471629,0.0252771369935865,1.2266787176093432,15.10782562324398,33.45261839507397,3.8614879954510375
7.26,31.221556330859944,131.01207692940463,252.46620185670247,1.2155839689792485,0.0008923589615127,-3.798255362253905,0.0010696729832453,0.4978246644075093,0.0,33.41872649282394,27.38199026505752,18.77658445538823,0.0348711525697593,113.74397820353552,667.6262766744655,15.288,0.0,4.479300215918607,0.0984864361436623,1.5170182970506991e-05,-0.2931582166507842,0.0002385954941633,0.0253800629301927,1.2155842964698034,15.121420195435658,33.41886666424183,3.830740703517178
7.27,31.22155534206783,131.0120795641805,252.5665471102293,1.2039772379286715,0.0008939776850984,-3.769847563264372,0.0010520321277112,0.4779557324225073,0.0,33.38523592069987,27.37719943518756,18.608240513301464,0.0348915265097951,113.7440159797162,666.2823690888064,15.288,0.0,4.479597708416132,0.0983878499580778,1.5231872353607252e-05,-0.2946247419788316,0.0002396393548369,0.0254812180871234,1.2039775697781492,15.13489915571107,33.385376346386266,3.800025452438109
7.28,31.221554353420647,131.012082198495,252.6659201853836,1.1918695471066163,0.0008951957927487,-3.7413164202229527,0.0010344950716732,0.4587490869785156,0.0,33.3520075054369,27.372426307505087,18.43906153836547,0.0349118326053288,113.74405375041292,664.9503442310512,15.288,0.0,4.479892321513966,0.0982900350537419,1.529389527889247e-05,-0.2960708960803664,0.0002406814850226,0.0255805602219687,1.1918698832422234,15.148263744064913,33.3521481224632,3.7693368582833724
7.29,31.221553364917767,131.0120848323498,252.764320995361,1.179272513831026,0.0008960139590838,-3.712662222870392,0.0010170746054389,0.4402129933120816,0.0,33.31904192718088,27.367670949635247,18.2690593504794,0.0349320724047835,113.74409152176176,663.630197241808,15.288,0.0,4.48018405498006,0.0981929934408295,1.5356238603265137e-05,-0.2974961083158493,0.0002417213451938,0.0256780488921525,1.1792728541795374,15.16151522602143,33.319182672724445,3.7386694551739197
7.3,31.22155237655856,131.0120874657467,252.8617494503728,1.1661980152091995,0.0008964331427134,-3.683885263948651,0.0009997832372683,0.4223550731516055,0.0,33.28633986516679,27.362933415676142,18.09824609147813,0.0349522473675221,113.74412929978212,662.3219233730064,15.288,0.0,4.480472908528555,0.0980967271267783,1.5418888981193455e-05,-0.298899827529559,0.0002427584007854,0.0257736454552469,1.1661983596967216,15.174654887162028,33.28648067655556,3.7080177245155452
7.31,31.22155138834234,131.0120900986874,252.958205456649,1.1526581763268666,0.0008964545818321,-3.654985839594032,0.0009826331888901,0.4051823101738536,0.0,33.25390199765027,27.3582137463662,17.926634213933145,0.0349723588638477,113.74416709037408,661.0255179871821,15.288,0.0,4.480758881880319,0.0980012381160914,1.5481832875652926e-05,-0.3002815221851375,0.0002437921225123,0.0258673130679951,1.152658524878766,15.18768402766903,33.25404281240669,3.6773761240426164
7.32,31.2215504002685,131.01209273117357,253.053688904514,1.1386653583536093,0.0008960797913119,-3.6259642498592006,0.0009656363910571,0.3887010558596828,0.0,33.22172900174273,27.35351196926045,17.754236469880052,0.0349924081749996,113.74420489931552,659.7409765534677,15.288,0.0,4.481041974725954,0.0979065284098475,1.554505656909665e-05,-0.3016406804846371,0.0002448219866779,0.0259590166839747,1.1386657108947162,15.200603956976858,33.2218697576272,3.6467391165995227
7.33,31.22154941233637,131.01209536320698,253.1481996832936,1.1242321466500893,0.0008953105580697,-3.59682079935905,0.000948804479706,0.3729170357178243,0.0,33.18982155329132,27.348828098918325,17.581065899481896,0.0350123964935489,113.74424273225952,658.4682946447465,15.288,0.0,4.481322186735879,0.0978126000053546,1.5608546174445088e-05,-0.3029768104713055,0.000245847475475,0.0260487230499951,1.1242325031056493,15.2134159884844,33.18996218834491,3.616101198592261
7.34,31.221548424545325,131.01209799478934,253.24173767336504,1.1093713388548287,0.0008941489374292,-3.5675557980339008,0.00093214879224,0.3578353558682463,0.0,33.15818032674722,27.344162137100668,17.40713581963808,0.0350323249233917,113.74428059473172,657.2074679354585,15.288,0.0,4.4815995175603405,0.0977194548957504,1.567228764608618e-05,-0.3042894401163617,0.0002468680772764,0.026136400701291,1.1093716991497145,15.226121434367943,33.15832077933387,3.585456928049203
7.35,31.221547436894703,131.0121006259224,253.3343027481436,1.094095932959532,0.0008925972486662,-3.538169562020825,0.0009156803642494,0.3434605099699966,0.0,33.1268059950204,27.339514072976527,17.232459812547216,0.0350521944803502,113.7443184921282,655.9584921978054,15.288,0.0,4.481873966815952,0.0976270950695811,1.573626679087653e-05,-0.3055781173900189,0.0002478832869175,0.0262220199554562,1.0940962970195107,15.238721600505658,33.12694620386834,3.554800952232068
7.36,31.22154644938387,131.0121032566078,253.4258947770633,1.078419115413988,0.0008906580710356,-3.508662414628017,0.0008994099264511,0.3297963864730628,0.0,33.095699229383044,27.33488388333769,17.05705171423369,0.0350720060926575,113.7443564297132,654.7213633001513,15.288,0.0,4.482145534126053,0.0975355225105212,1.5800469279134752e-05,-0.3068424103170067,0.0002488926059698,0.0263055529052536,1.0784194831644238,15.251217781502868,33.09583913362568,3.524128034747349
7.37,31.221545462012177,131.01210588684737,253.5165136196168,1.062354249202493,0.0008883342387416,-3.4790346874019407,0.000883347902077,0.3168462761909264,0.0,33.064860699293526,27.33027153282393,16.880925603046027,0.0350917606014939,113.7443944126168,653.4960772030756,15.288,0.0,4.48241421907699,0.0974447391968435,1.5864880655617934e-05,-0.3080819070168749,0.000249895543004,0.0263869734102572,1.0623546205695655,15.26361125587721,33.06500023850944,3.493433082110704
7.38,31.221544474778984,131.0121085166428,253.6061591323094,1.0459148619749865,0.000885628836497,-3.4492867212813514,0.0008675044044666,0.3046128801669689,0.0,33.03429107228493,27.32567697415453,16.704095788136197,0.0351114587618097,113.74443244583324,652.2826299567955,15.288,0.0,4.482680021245019,0.0973547471011023,1.592948635047264e-05,-0.3092962157293219,0.0002508916138458,0.0264662570873913,1.0459152368865905,15.27590328136216,33.03443018653725,3.4627111697245794
7.39,31.221543487683647,131.01211114599576,253.6948311626976,1.0291146341888204,0.0008825451949276,-3.419418867829794,0.0008518892349361,0.2930983178283705,0.0,33.0039910138181,27.321100148368565,16.526576797928257,0.0351311012429741,113.74447053421903,651.0810176985763,15.288,0.0,4.48294294018622,0.0972655481896874,1.5994271690151415e-05,-0.3104849648248503,0.000251880341821,0.026543381300428,1.0291150125734865,15.28809509037455,33.00412964369314,3.431957567234694
7.4,31.221542500725512,131.012113774908,253.78252955932527,1.011967387292671,0.0008790868855978,-3.389431490537307,0.0008365118810184,0.2823041354101409,0.0,32.97396118714331,27.316540985072663,16.34838336858446,0.0351506886298856,113.74450868249116,649.8912366488591,15.288,0.0,4.483202975436493,0.0971771444224324,1.6059221908286556e-05,-0.3116478028010104,0.0002528612579926,0.0266183251483886,1.0119677690804698,15.300187885640716,32.97409927378839,3.401167763234819
7.41,31.221541513903965,131.0121164033812,253.8692541607944,0.9944870719630342,0.0008752577159311,-3.3593249661856674,0.0008213815149593,0.2722313146337989,0.0,32.94420225317734,27.31199940269581,16.16953043247734,0.0351702214238075,113.74454689522564,648.7132831095976,15.288,0.0,4.483460126528377,0.0970895377522408,1.6124322156512455e-05,-0.31278439826452,0.0002538339013882,0.0266910694530179,0.9944874570861136,15.312182835986327,32.94433973833785,3.370337489298835
7.42,31.221540527218348,131.01211903141703,253.9550047977512,0.9766869708953964,0.0008710636086297,-3.329099647628088,0.0008065066623267,0.2628804442752797,0.0,32.914713186432174,27.3074753089599,15.990033106692843,0.0351897000435798,113.74458517685603,647.5470872038431,15.288,0.0,4.483712649436714,0.0970027251619686,1.618955751602062e-05,-0.3138944396385854,0.0002547978197527,0.0267615953538733,0.9766873592895076,15.324081769524222,32.91485001278385,3.339462717604858
7.43,31.221539540668065,131.01212165901725,254.03978130182963,0.9585814107646612,0.0008665085398948,-3.2987559465535043,0.0007918958153474,0.2542514184459272,0.0,32.88549491127243,27.30296860182849,15.80990668206632,0.0352091248271222,113.7446235316736,646.3926561217073,15.288,0.0,4.483960824851256,0.0969167093808159,1.625491301128288e-05,-0.3149776340347655,0.0002557525720267,0.0268298871448928,0.9585818023679848,15.335885672239666,32.88563102211559,3.308539739190517
7.44,31.22153855425245,131.01212428618342,254.12358349472063,0.940185343611224,0.0008615953757091,-3.2682943209687703,0.0007775574497357,0.2463434498728959,0.0,32.85654952781434,27.29847916789361,15.629166611785196,0.0352284960328118,113.7446619638264,645.2500433734243,15.288,0.0,4.484206151391715,0.0968314966029824,1.6320373612193733e-05,-0.3160337099420972,0.0002566977229501,0.026895931887682,0.9401857383631076,15.347594990968217,32.856684866899464,3.2775651737787888
7.45,31.221537567970906,131.01212691291727,254.20641120407305,0.9215131211762276,0.0008563288124299,-3.237715215540649,0.0007634994691215,0.2391553508414289,0.0,32.82787768633347,27.29400688349824,15.44782849933768,0.035247813840231,113.74470047731644,644.1192455538362,15.288,0.0,4.484448628536825,0.0967470887498162,1.6385924248398206e-05,-0.3170624160408044,0.0002576328454586,0.0269597171592387,0.9215135190196242,15.359210720335506,32.82801219814878,3.2465359510886307
7.46,31.2215365818228,131.01212953922047,254.2882642396412,0.902579166446546,0.0008507137555172,-3.207019095696224,0.0007497294585114,0.2326854159139588,0.0,32.79948003405365,27.289551615173888,15.265908087093583,0.0352670783517647,113.74473907599868,643.0002593243273,15.288,0.0,4.484688255752045,0.0966634877336126,1.6451549820644453e-05,-0.318063520829564,0.0002585575214507,0.0270212321825778,0.9025795673276013,15.370733802863247,32.79961366385788,3.2154493535171005
7.47,31.221535595807527,131.0121321650946,254.36914242011875,0.8833979623095998,0.0008447553144925,-3.176206449189235,0.000736254684213,0.2269314318662575,0.0,32.771357215007065,27.285113219929748,15.083421244973607,0.0352862895938125,113.74477776357992,641.8930814090688,15.288,0.0,4.4849250324928684,0.0965806954572178,1.651723521112878e-05,-0.3190368125288944,0.0002594713419614,0.0270804678087978,0.8833983661791107,15.382165125940324,32.77148990886156,3.1843030359422637
7.48,31.22153460992448,131.01213479054127,254.44904554928632,0.8639840402995733,0.0008384587973458,-3.1452777876727622,0.0007230820941875,0.2218906877869466,0.0,32.743509869884406,27.28069154554604,14.900383959176912,0.0353054475185797,113.74481654361838,640.7977085921509,15.288,0.0,4.485158958198192,0.0964987138135803,1.6582965293734256e-05,-0.3199820989724765,0.0002603739073265,0.0271374164984191,0.8639844471121999,15.393505519012452,32.743641574684304,3.1530950448411708
7.49,31.221533624173063,131.0121374155622,254.5279734368821,0.844351969454906,0.0008318297042791,-3.11423364827049,0.0007102183186505,0.2175599853256256,0.0,32.71593863590363,27.2762864308714,14.716812320974151,0.0353245520055845,113.7448554195229,639.7141377155403,15.288,0.0,4.485390032303589,0.0964175446853572,1.66487249441559e-05,-0.3208992074867224,0.0002612648273383,0.0271920723019995,0.8443523791718529,15.404755750981694,32.716069299408026,3.1218238367411244
7.5,31.221532638552663,131.0121400401588,254.60592588568204,0.82451634527474,0.0008248737223897,-3.083074595137814,0.0006976696707883,0.213935649081103,0.0,32.688644146663215,27.27189770612445,14.532722515572386,0.0353436028634702,113.7448943945524,638.6423656751042,15.288,0.0,4.485618254237995,0.0963371899444966,1.6714499049905234e-05,-0.3217879847588759,0.0002621437213926,0.0272444308399695,0.8245167578616681,15.415916527833533,32.68877371752453,3.0904882960261992
7.51,31.22153165306271,131.01214266433277,254.6829026944812,0.8044917787905456,0.0008175967196791,-3.051801221007227,0.0006854421477551,0.2110135371150918,0.0,32.66162703199446,27.267525193197933,14.34813081105862,0.0353625998315735,113.74493347181549,637.5823894180943,15.288,0.0,4.485843623420382,0.0962576514517933,1.678027252018752e-05,-0.3226482966939699,0.0002630102186266,0.0272944892818505,0.8044921942212024,15.426988490488364,32.66175545978687,3.059087752127742
7.52,31.221530667702595,131.0121452880856,254.7589036610753,0.7842928857529491,0.0008100047393892,-3.020414148709752,0.0006735414318387,0.2087890515811245,0.0,32.63488791780443,27.263168705966216,14.163053547427868,0.0353815425819059,113.74497265426994,636.5342059398549,15.288,0.0,4.486066139246484,0.0961789310564221,1.6846030295645076e-05,-0.3234800282609306,0.0002638639580489,0.0273422463247985,0.7842933040065866,15.437972212881087,32.63501515305136,3.0276219961290183
7.53,31.22152968247176,131.01214791141888,254.8339285812666,0.7639342759658257,0.0008021039935317,-2.988914032666401,0.0006619728919706,0.2072571494522265,0.0,32.60842742596682,27.25882805059521,13.977507125702296,0.0354004307209465,113.74501194472288,635.4978122817197,15.288,0.0,4.486285801125313,0.0961010305956265,1.6911757357960184e-05,-0.3242830833281369,0.0002647045886601,0.0273877021715381,0.7639346970313483,15.44886820024635,32.608553420167496,2.9960912968194577
7.54,31.221528697369617,131.01215053433407,254.9079772498576,0.7434305427271538,0.0007939008573724,-2.9573015603423647,0.0006507415852309,0.2064123533435965,0.0,32.58224617416236,27.25450302585495,13.791507997147203,0.0354192637915416,113.74505134583028,634.4732055277152,15.288,0.0,4.4865026084625645,0.0960239518942443,1.697743873931127e-05,-0.3250573844887547,0.0002655317695656,0.027430858507701,0.7434309666019617,15.459676887651232,32.58237087981741,2.964496416236801
7.55,31.22152771239561,131.0121531568327,254.98104945667623,0.7227962524046769,0.0007854018631036,-2.925577453657244,0.000639852258716,0.2062487624162454,0.0,32.55634477570844,27.25019342343368,13.605072652589644,0.0354380412749027,113.74509086009692,633.4603828009299,15.288,0.0,4.486716560634051,0.0959476967641999,1.7043059531676564e-05,-0.3258028728761314,0.0002663451700795,0.0274717184785973,0.7227966790967179,15.47039863875878,32.5564681463446,2.9328386247382836
7.56,31.2215267275492,131.01215577891628,255.0531449905511,0.702045934182046,0.0007766136940443,-2.893742470347624,0.0006293093514747,0.2067600633440487,0.0,32.53072383946403,27.24589902825367,13.418217611845291,0.0354567625925877,113.74513048987664,632.4593412624747,15.288,0.0,4.486927657035502,0.0958722670042255,1.7108604895979226e-05,-0.3265195079695683,0.0002671444698209,0.0275102866655047,0.7020463637110058,15.481033744783929,32.53084582965782,2.901119715647368
7.57,31.22152574282981,131.01215840058623,255.124263642292,0.6811940699167852,0.0007675431781544,-2.86179740527164,0.0006191169967342,0.2079395413460221,0.0,32.50538396964711,27.241619618788068,13.230959413259024,0.0354754271086362,113.7451702373724,631.4700781062862,15.288,0.0,4.487135897042731,0.0957976643993372,1.71740600710684e-05,-0.3272072673907782,0.0002679293588009,0.0275465690613507,0.6811945023151977,15.49158242371011,32.5055045350476,2.869342019519552
7.58,31.221524758236928,131.01216102184395,255.19440519574567,0.6602550841734293,0.0007581972821309,-2.8297430916557014,0.000609279024186,0.2097800912618745,0.0,32.48032576571425,27.237354967378977,13.043314603364504,0.0354940341314494,113.74521010463624,630.4925905583675,15.288,0.0,4.48734128003487,0.0957238907204592,1.7239410382530908e-05,-0.3278661466913248,0.0002686995375024,0.02758057304606,0.6602555194881091,15.502044819700478,32.48044486306482,2.837508418081599
7.59,31.22152377377001,131.01216364269092,255.26356944071688,0.6392433344019121,0.0007485831052438,-2.7975804022732618,0.0005997989625157,0.2122742286677603,0.0,32.45554982221476,27.23310484055597,12.855299726667756,0.0355125829161417,113.74525009357,629.5268758729643,15.288,0.0,4.487543805391051,0.0956509477240095,1.7304641251328227e-05,-0.3284961591313527,0.0002694547169518,0.0276123073613438,0.6392437726962573,15.512421002739092,32.45566740937396,2.8056223578911528
7.6,31.221522789428548,131.01216626312848,255.33175616104097,0.6181731012765077,0.0007387078730871,-2.7653102505536693,0.0005906800420378,0.2154141010199817,0.0,32.431056728645125,27.228868999354912,12.666931315559715,0.0355310726665175,113.7452902059254,628.5729313303522,15.288,0.0,4.487743472487087,0.0955788371514585,1.7369738202254044e-05,-0.3290973354499127,0.0002701946187822,0.0276417820851414,0.6181735426311376,15.522710968486624,32.43117276460649,2.7736878637724103
7.61,31.221521805212017,131.012168883158,255.3989651425344,0.5970585791954705,0.0007285789314403,-2.7329335916143567,0.0005819251975293,0.2191914988183188,0.0,32.406847069294045,27.224647199636347,12.47822588036252,0.0355495025372914,113.7453304433046,627.6307542328108,15.288,0.0,4.487940280682189,0.0955075607288853,1.743468687220751e-05,-0.3296697236271727,0.0002709189752894,0.0276690086055966,0.597059023714767,15.532914638352503,32.40696151420497,2.7417095520797425
7.62,31.221520821119903,131.01217150278083,255.46519617100813,0.5759138669677337,0.0007182037398558,-2.7004514232155628,0.0005735370712099,0.2235978667742248,0.0,32.38292142314135,27.22043919240476,12.289199899513942,0.0355678716363573,113.74537080716064,626.7003419039357,15.288,0.0,4.488134229358806,0.0954371201666712,1.749947301827766e-05,-0.3302133886388312,0.0002716275294799,0.0276939995947702,0.575914314776908,15.543031859749869,32.38303423832099,2.709692643846847
7.63,31.22151983715173,131.01217412199833,255.5304490272977,0.5547529586433364,0.000707589865832,-2.6678647866289764,0.0005655180157642,0.228624314985729,0.0,32.359280363677435,27.216244724125254,12.0998698098947,0.0355861790269423,113.74541129879827,625.7816916844541,15.288,0.0,4.4883253178827935,0.0953675171589658,1.756408252563508e-05,-0.330728412203013,0.0002723200351117,0.0277167689819259,0.5547534098963509,15.55306240659,32.359391511633646,2.6776429778721798
7.64,31.22151885330699,131.01217674081175,255.59472350117647,0.5335897345433565,0.0006967449783396,-2.635174767420428,0.0005578700976211,0.2342616300985187,0.0,32.33592445879042,27.212063537040866,11.910251997302463,0.0356044237298428,113.74545191937436,624.8748009299769,15.288,0.0,4.488513545629962,0.0952987533833656,1.7628501415226337e-05,-0.3312148925199594,0.0002729962567269,0.0277373319265291,0.5335901894241118,15.563005979942158,32.33603390323569,2.6455670237975015
7.65,31.221517869585224,131.01217935922233,255.65801937446227,0.5124379524514256,0.0006856768414223,-2.602382496141816,0.0005505951003415,0.2405002864533003,0.0,32.31285427060495,27.207895369488504,11.720362787076848,0.0356226047257304,113.74549266989872,623.9796670083908,15.288,0.0,4.4886989119628415,0.0952308305004221,1.7692715851267758e-05,-0.3316729440047976,0.0002736559696778,0.0277557047909811,0.5124384111802288,15.572862208908116,32.312961976471335,2.6134718952313976
7.66,31.22151688598596,131.0121819772314,255.7203364349269,0.4913112390075917,0.0006743933084037,-2.56948914892975,0.0005436945279989,0.2473304572049214,0.0,32.29007035537615,27.203739956212143,11.530218434879378,0.0356407209573521,113.74553355123516,623.0962872975989,15.288,0.0,4.488881416263888,0.0951637501533457,1.7756712148534805e-05,-0.3321026970136822,0.0002742989601452,0.0277719051130557,0.4913117018449219,15.582630651658569,32.290176288829315,2.5813653629683397
7.67,31.221515902508724,131.01218459484008,255.78167446835064,0.4702230812679804,0.0006629023154817,-2.5364959480076688,0.0005371696088216,0.2547420254112973,0.0,32.26757326333056,27.1995970286756,11.339835117631749,0.0356587713318217,113.745574564102,622.224659182436,15.288,0.0,4.48906105791223,0.0950975139675298,1.7820476779443815e-05,-0.3325042975636032,0.0002749250251497,0.0277859515781031,0.470223548524363,15.592310796671242,32.267677391782776,2.549255868350833
7.68,31.221514919153087,131.0121872120496,255.84203326448184,0.4491868184594584,0.000651211875452,-2.5034041620900105,0.0005310212988846,0.2627245950805682,0.0,32.24536353852392,27.195466315372787,11.149228924616471,0.0356767547229867,113.7456157090732,621.3647800521699,15.288,0.0,4.489237836277039,0.0950321235501268,1.788399638092297e-05,-0.3328779070461413,0.0002755339725564,0.0277978639910466,0.4491872904988824,15.601902064136068,32.24546583064611,2.517152536818827
7.69,31.2215139359186,131.01218982886118,255.90141261008023,0.4282156339369603,0.0006393300716415,-2.4702151066863407,0.0005252502858846,0.2712675021683795,0.0,32.22344171873194,27.191347542135,10.958415848742872,0.0356946699735819,113.74565698657943,620.5166472983744,15.288,0.0,4.48941175074409,0.0949675804897372,1.794725776106972e-05,-0.3332237019354604,0.0002761256210719,0.0278076632481707,0.428216111190218,15.61140380750986,32.22354214446475,2.485065191684505
7.7,31.22151295280484,131.01219244527587,255.95981229786307,0.4073225473225348,0.0006272650518074,-2.4369301443040814,0.0005198569930273,0.2803598255215445,0.0,32.20180833531116,27.187240432436983,10.767411777981836,0.0357125158976118,113.74569839690896,619.6802583130116,15.288,0.0,4.489582800709113,0.0949038863559853,1.8010247905592005e-05,-0.3335418734908134,0.0002766998002356,0.0278153713087715,0.4073230302993982,15.62081531524454,32.201906865875095,2.4530043681648173
7.71,31.22151196981138,131.0121950612948,256.0172321205403,0.3865204068372833,0.0006150250219736,-2.4035506845464685,0.0005148415829865,0.2899903977610036,0.0,32.180463913043084,27.183144707698663,10.576232486972392,0.0357302912825537,113.74573994020896,618.8556104842189,15.288,0.0,4.489750985554561,0.0948410426990759,1.807295398403093e-05,-0.3338326274538458,0.0002772563504038,0.027821011166566,0.3865208961383875,15.630135812672163,32.18056052094762,2.420981327693222
7.72,31.22151098693783,131.0121976769191,256.0736718678347,0.3658218818505179,0.0006026182402649,-2.3700781841093206,0.0005102039619973,0.300147816092383,0.0,32.15940897003951,27.17906008758492,10.384893628802992,0.0357479948918026,113.74578161648652,618.0427011960821,15.288,0.0,4.48991630468613,0.0947790510495013,1.813536335576272e-05,-0.3340961837409685,0.0002777951227275,0.0278246068210964,0.3658223781903359,15.639364464006723,32.15950362909133,2.3890080725280196
7.73,31.22151000418378,131.01220029214983,256.1291313403931,0.345239455605978,0.0005900530109587,-2.3365141466706127,0.0005059437839529,0.3108204530465384,0.0,32.13864401757323,27.174986290301124,10.193410726970274,0.0357656254667272,113.74582342560998,617.2415278243011,15.288,0.0,4.49007875749291,0.0947179129175508,1.819746357577808e-05,-0.3343327761310704,0.0002783159791232,0.0278261832489027,0.3452399598317528,15.648500374513889,32.13873670288345,2.3570973606542154
7.74,31.22150902154884,131.012202906988,256.18361033189984,0.3247854181783333,0.0005773376785169,-2.3028601226781755,0.0005020604546017,0.3219964671340297,0.0,32.118169559999494,27.17092303288632,10.00179916751793,0.0357831817291021,113.7458653673102,616.452087736143,15.288,0.0,4.490238343397194,0.0946576297930728,1.825924240023732e-05,-0.3345426519488469,0.0002788187922391,0.0278257663747207,0.3247859313101463,15.657542592766683,32.118260247989966,2.3252627209700063
7.75,31.22150803903263,131.01220552143457,256.2371086479583,0.3044718596069135,0.0005644806215006,-2.26911770902963,0.0004985531358239,0.3336638134187616,0.0,32.09798609458599,27.16687003150121,9.81007419135792,0.0358006623832915,113.74590744118196,615.6743782859892,15.288,0.0,4.490395061811316,0.0945982031449831,1.8320687791799745e-05,-0.3347260717440009,0.0002793034454135,0.0278233830424881,0.3044723828660025,15.666490113060776,32.09807476299467,2.29351846872273
7.76,31.221507056634785,131.01220813549057,256.2896260891952,0.2843106632532372,0.0005514902465925,-2.235288548650356,0.0004954207499763,0.3458102539961162,0.0,32.07809411140494,27.16282700171386,9.618250886776863,0.0358180661184536,113.74594964668512,614.9083968142032,15.288,0.0,4.490548912154254,0.0945396344209398,1.83817879247262e-05,-0.3348833089665849,0.0002797698326284,0.027819060986395,0.2843111981239926,15.67534187791081,32.078180739290296,2.2618797211474337
7.77,31.221506074354966,131.0122107491569,256.34116245921336,0.2643134993665178,0.0005383749826106,-2.201374329967319,0.0004926619842987,0.358423368375087,0.0,32.05849409322132,27.158793658779068,9.426344182128911,0.0358353916109146,113.74599198314633,614.1541406456886,15.288,0.0,4.490699893864898,0.0944819250470081,1.8442531189753568e-05,-0.3350146496387368,0.0002802178584566,0.0278128288018885,0.2643140476650025,15.68409678065081,32.05857866096583,2.2303624132306923
7.78,31.2215050921928,131.01221336243455,256.3917175715455,0.244491818847125,0.0005251432750084,-2.1673767862790614,0.000490275295266,0.3714905637601769,0.0,32.039186515352206,27.15476971791549,9.234368838717971,0.0358526375261831,113.74603444976024,613.4116070861812,15.288,0.0,4.490848006382144,0.0944250764272617,1.850290619874086e-05,-0.3351203920230684,0.0002806474380035,0.0278047159165857,0.2444923828194913,15.692753668138552,32.039269004664945,2.198983313496051
7.79,31.22150411014797,131.01221597532438,256.44129123375654,0.2248568472275197,0.0005118035797013,-2.1332976950254574,0.000488258913158,0.3849990852263028,0.0,32.02017184554247,27.150754894576544,9.04233944387052,0.0358698025212715,113.74607704559143,612.6807934210372,15.288,0.0,4.490993249141566,0.0943690899433981,1.856290178908585e-05,-0.3352008462879541,0.0002810584968433,0.0277947525612845,0.2248574296893999,15.701311343537032,32.020252239460774,2.167760039677544
7.8,31.221503128220128,131.01221858782725,256.4898832663216,0.2054195788751866,0.0004983643577417,-2.099138876957498,0.0004866108464767,0.3989360257813638,0.0,32.00145054388589,27.146748904717537,8.85027040420103,0.0358868852467965,113.74611976957549,611.961696913514,15.288,0.0,4.491135621615262,0.0943139669545273,1.8622507027912527e-05,-0.3352563341699678,0.0002814509709495,0.0277829697409307,0.205420183406758,15.709768569149098,32.00152882677614,2.1367110741068225
7.81,31.221502146408994,131.01222119994398,256.53749347877846,0.1861907713872388,0.0004848340692439,-2.0649021952084348,0.0004853288865865,0.4132883363181353,0.0,31.983023062668632,27.1427514650572,8.658175939071471,0.0359038843491568,113.74616262052092,611.2543148028191,15.288,0.0,4.491275123272008,0.0942597087966825,1.868171121602856e-05,-0.3352871886337112,0.0002818248066212,0.0277693992056759,0.1861914026287519,15.718124069354,31.983099220226137,2.1058557785986562
7.82,31.22150116471424,131.01222381167543,256.5841217015269,0.1671809402104397,0.0004712211678982,-2.03058955426812,0.0004844106122645,0.4280428354458428,0.0,31.964889846261613,27.13876229333502,8.466070074246343,0.0359207984726339,113.74620559711084,610.5586443007115,15.288,0.0,4.491411753583899,0.0942063167825346,1.874050389165364e-05,-0.3352937535292669,0.0002821799604027,0.0277540734218763,0.1671816043060632,15.726376533577485,31.964963865509574,2.075214408569139
7.83,31.221500183135568,131.01222642302235,256.62976775402944,0.1484003534774432,0.0004575340957474,-1.996202898865522,0.0004838533942542,0.443186219200161,0.0,31.947051331019686,27.134781108561864,8.273966635744497,0.0359376262613974,113.7462486979044,609.8746825914967,15.288,0.0,4.491545512039632,0.0941537922010688,1.879887483391847e-05,-0.3352763832475171,0.0002825163989992,0.0277370255433043,0.1484010587888651,15.734524619308326,31.947123200307384,2.044808126070061
7.84,31.221499201672703,131.01222903398553,256.67443147064773,0.1298590270544819,0.000443781277028,-1.961744212758092,0.0004836544000134,0.4587050706287583,0.0,31.929507945171167,27.130807631266528,8.081879243888995,0.0359543663617263,113.74629192133884,609.2024268294143,15.288,0.0,4.491676398144505,0.0941021363172735,1.885681406613505e-05,-0.3352354423735517,0.0002828340991877,0.0277182893823293,0.1298597853420351,15.742566955157024,31.92957765417115,2.0146590113545217
7.85,31.22149822032537,131.01223164456567,256.7181126847422,0.1115667197999672,0.0004299711132738,-1.927215517433072,0.0004838105982622,0.4745858692501028,0.0,31.91226010869495,27.126841583735487,7.889821307555949,0.0359710174239034,113.746335265731,608.5418741365945,15.288,0.0,4.491804411407136,0.0940513503717732,1.891431185883923e-05,-0.3351713053384009,0.0002831330477222,0.0276978993812282,0.1115675483396632,15.750502143952296,31.912327648399486,1.9847900725264107
7.86,31.22149723909329,131.01223425476348,256.7608112306603,0.0935329290465456,0.0004161119778457,-1.8926188707239524,0.0004843187636821,0.4908150003801907,0.0,31.895308233233887,27.12288269024817,7.697806018623407,0.0359875781042385,113.7463787292793,607.8930216022393,15.288,0.0,4.491929551359385,0.0940014355805704,1.897135873260605e-05,-0.3350843560693029,0.0002834132412354,0.0276758905836271,0.0935338546479214,15.75832876584256,31.89537359595052,1.9552252527479488
7.87,31.22149625797623,131.01223686457962,256.80252695367454,0.0757668862882525,0.0004022122104658,-1.8579563653426456,0.0004851754816037,0.5073787643288504,0.0,31.878652721962982,27.11893067730524,7.505846346620727,0.0360040470670354,113.74642231006546,607.255866279447,15.288,0.0,4.492051817529791,0.0939523931346656,1.902794546063929e-05,-0.3349749876387254,0.0002836746861354,0.0276522986059937,0.0757679538650299,15.766045381431695,31.87871590130926,1.925989434395831
7.88,31.221495276973936,131.01223947401476,256.8432596960688,0.0582775530942791,0.0003882801121917,-1.823230127334708,0.0004863771526649,0.5242633854588066,0.0,31.86229396950973,27.114985273851456,7.313955033579585,0.0360204229865005,113.7464660060565,606.6304051850682,15.288,0.0,4.492171209466809,0.0939042241998113,1.9084063071136376e-05,-0.3348436019123643,0.0002839173984978,0.0276271596093554,0.0582788465612768,15.77365053489687,31.862354960407128,1.897108439472135
7.89,31.221494296086167,131.01224208306957,256.8830093150258,0.0410736172325929,0.0003743239404222,-1.7884423144573502,0.0004879199974749,0.5414550211090947,0.0,31.846232361853147,27.111046211491896,7.122144589086708,0.0360367045486759,113.74650981510652,606.0166352973781,15.288,0.0,4.492287726738827,0.0938569299162272,1.9139702849430167e-05,-0.3346906091963143,0.0002841414039545,0.0276005102710799,0.0410753228995325,15.781142757113326,31.846291160520213,1.868609025476367
7.9,31.22149331531272,131.01224469174457,256.9217756587795,0.0241634890062068,0.0003603519034625,-1.7535951144861608,0.0004898000613299,0.5589397703801045,0.0,31.8304682762122,27.107113224702463,6.930427285538952,0.0360528904531769,113.74655373495884,605.4145535548507,15.288,0.0,4.49240136892086,0.0938105113982573,1.9194856339909227e-05,-0.3345164278836268,0.0002843467375778,0.0275723877568716,0.0241661758358073,15.788520568773215,31.830524880156837,1.8405188758516973
7.91,31.22149233465333,131.0122473000404,256.9595585964228,0.007555297806631,0.0003463721561967,-1.718690743453424,0.0004920132188025,0.5767036827782714,0.0,31.815002080953267,27.103186051034086,6.73881515360113,0.0360689794150515,113.74659776324764,604.8241568540872,15.288,0.0,4.492512135597891,0.0937649697341096,1.924951534771837e-05,-0.334321484100441,0.0002845334437604,0.0275428296928781,0.0075632333510463,15.795782483478336,31.81505648896433,1.8128665840153577
7.92,31.221491354107865,131.01224990795757,256.99635798412555,-0.0087431111127308,0.000332392794186,-1.6837314438228248,0.0004945551785971,0.5947327667186586,0.0,31.79983413551209,27.099264431309724,6.547319977866418,0.0360849701666899,113.74664189750033,604.2454420494645,15.288,0.0,4.492620026381464,0.0937203059856179,1.9303671940241696e-05,-0.3341062113519012,0.0002847015760927,0.0275118741380412,0.0087494272637875,15.802927010798577,31.799886347650105,1.7856816298857277
7.93,31.221490373676065,131.0122525154966,257.03217369891735,-0.0247241796604622,0.0003184218498998,-1.6487194826035525,0.000497421487995,0.6130129978869405,0.0,31.78496479028263,27.095348109815426,6.35595329271998,0.0361008614592083,113.74668613513948,603.6784059509469,15.288,0.0,4.492725040889759,0.0936765211879151,1.935731844836985e-05,-0.333871050168034,0.0002848511972346,0.0274795595565781,0.0247262300459783,15.809952659315062,31.78501480786985,1.7589943477234362
7.94,31.22148939335777,131.01225512265805,257.06700561185943,-0.0403806397095983,0.0003044672874002,-1.613657149408574,0.0005006075376334,0.6315303274569344,0.0,31.770394386534115,27.091436834484423,6.164726378405126,0.0361166520644867,113.74673047348467,603.1230453226849,15.288,0.0,4.492827178754243,0.0936336163491943,1.941044746755417e-05,-0.3336164477497809,0.0002849823787855,0.0274459247906724,0.0403817875233687,15.816857939608028,31.77044221214378,1.732835884018788
7.95,31.22148841315281,131.01225772944233,257.10085360692443,-0.0557055156901888,0.0002905369980155,-1.578546754462122,0.0005041085660707,0.6502706901645394,0.0,31.75612325632795,27.087530357075,5.973650257292444,0.036132340776524,113.74677490975496,602.579356882214,15.288,0.0,4.492926439622977,0.0935915924504582,1.9463051858649942e-05,-0.3333428576153689,0.0002850952011499,0.0274110090333968,0.0557062733428865,15.823641367199135,31.75616889377288,1.7072381440898665
7.96,31.22148743306101,131.01226033584987,257.1337175670845,-0.0706921269675,0.0002766387955266,-1.5433906265597204,0.0005079196644637,0.6692200122373793,0.0,31.742151722442536,27.08362843334064,5.782735690351282,0.0361479264132888,113.74681944107073,602.0473372995993,15.288,0.0,4.493022823170588,0.0935504504452967,1.9515124748551545e-05,-0.3330507392471893,0.0002851897534003,0.0273748518018419,0.0706926682476551,15.83030146543592,31.742195176762923,1.682233726006523
7.97,31.221486453082218,131.0122629418812,257.16559738325367,-0.0853340900206107,0.0002627804118722,-1.5081911109846464,0.0005120357811013,0.6883642191812763,0.0,31.728480098252376,27.07973082319449,5.591993173823502,0.0361634078179679,113.74686406445583,601.5269831945917,15.288,0.0,4.493116329058421,0.0935101912595347,1.956665953062186e-05,-0.3327405577393652,0.0002852661331363,0.027337492910416,0.0853344946285426,15.836836768338332,31.728521375702947,1.6578558404405348
7.98,31.22148547321625,131.01226554753663,257.1964929542909,-0.0996253203913494,0.0002489694929884,-1.4729505673886132,0.0005164517259797,0.7076892434195546,0.0,31.71510868770696,27.075837290865312,5.401432936098836,0.036178783860703,113.74690877684004,601.0182911377451,15.288,0.0,4.4932069569943005,0.0934708157911693,1.961764986491932e-05,-0.3324127834461728,0.000285324446341,0.0272989724444692,0.0996256314856073,15.843245823333453,31.715147795743466,1.6341382150676742
7.99,31.221484493462995,131.01226815281663,257.22640418003914,-0.1135600344457963,0.0002352135944645,-1.4376713676368322,0.0005211621753225,0.7271810317906606,0.0,31.702037785208205,27.071947605047825,5.211064934791467,0.036194053439892,113.746953575061,600.5212576478243,15.288,0.0,4.493294706686057,0.0934323249100047,1.966808967822492e-05,-0.3320678916314837,0.000285364807235,0.0272593307340748,0.1135602780429584,15.84952719396546,31.702074732473225,1.6111149822184954
8.0,31.22148351382232,131.01227075772147,257.2553309702736,-0.127132750913422,0.0002215201767308,-1.4023558936256633,0.0005261616762404,0.7468255528994286,0.0,31.689267675565908,27.068061539045967,5.020898854017167,0.0362092154836665,113.74699845586656,600.035879191679,15.288,0.0,4.493379577871396,0.0933947194575259,1.971797316387297e-05,-0.331706362119384,0.0002853873381264,0.0272186083280992,0.1271329439076638,15.855679462492544,31.6893024718739,1.5888205486134297
8.01,31.22148253429408,131.0122733622516,257.28327323973053,-0.1403382922333393,0.0002078966023687,-1.3670065350753655,0.0005314446509713,0.7666088043269403,0.0,31.676798633892297,27.064178870907863,4.830944101870399,0.0362242689512051,113.74704341591692,599.5621521822164,15.288,0.0,4.4934615702847065,0.0933580002465841,1.976729478138816e-05,-0.3313286789461299,0.0002853921692593,0.0271768459684902,0.1403384462235949,15.86170123243243,31.67683129021423,1.5672894462235603
8.02,31.221481554878167,131.01227596640723,257.31023090214586,-0.1531717856802951,0.0001943501307463,-1.3316256873047607,0.0005370054015784,0.7865168196945461,0.0,31.66463092557573,27.06029938355464,4.64120980810018,0.0362392128340736,113.74708845178716,599.1000729793383,15.288,0.0,4.4935406837002185,0.093322168061315,1.9816049255932667e-05,-0.3309353300135905,0.0002853794386594,0.0271340845648881,0.1531719089791616,15.867591130981427,31.66466145402288,1.5465561635864056
8.03,31.22148057557447,131.01227857018873,257.3362038861532,-0.1656286643052402,0.0001808879148668,-1.2962157489889503,0.0005428381142568,0.806535675588044,0.0,31.652764806168115,27.056422864902185,4.451704821984384,0.0362540461574181,113.7471335599692,598.649637886437,15.288,0.0,4.493616917885521,0.0932872236568241,1.9864231577566583e-05,-0.3305268067443251,0.0002853492919763,0.0270903651693737,0.1656287630811452,15.87334781138577,31.652793219975337,1.5266549572829042
8.04,31.22147959638289,131.0122811735963,257.3611921293248,-0.1777046676578303,0.0001675169975694,-1.2607791199105411,0.0005489368637412,0.8266514983382103,0.0,31.64120052136996,27.05254910797497,4.262437710401036,0.0362687679811922,113.74717873687447,598.2108431526523,15.288,0.0,4.493690272651365,0.093253167759121,1.9911837000325087e-05,-0.3301036037384413,0.0002853018823248,0.0270457289516615,0.177704746614416,15.878969955170998,31.64122683487841,1.507619643755973
8.05,31.22147861730334,131.01228377663028,257.38519556027984,-0.189395842325454,0.0001542443077878,-1.225318198701911,0.0005552956176682,0.8468504706628908,0.0,31.629938306912965,27.048677911013343,4.073416756095792,0.0362833774013575,113.747223978836,597.7836849692907,15.288,0.0,4.493760747795223,0.0932200010647857,1.995886104111604e-05,-0.3296662184323684,0.0002852373701228,0.0270002171743905,0.1893959051345886,15.88445627432098,31.62996253555217,1.4894833722083904
8.06,31.221477638335703,131.0122863792909,257.4082141225384,-0.20069854225751,0.000141076656928,-1.189835380590616,0.0005619082409095,0.8671188381672988,0.0,31.61897838856095,27.044809077573422,3.884649956144453,0.036297873550859,113.74726928211092,597.3681594718596,15.288,0.0,4.493828343161047,0.0931877242409638,2.000529947844165e-05,-0.3292151507596868,0.0002851559229284,0.026953871168846,0.2006985918415465,15.889805513299216,31.6190005488304,1.4722783799780168
8.07,31.221476659479947,131.0122889815783,257.43024776557434,-0.2116094289084156,0.0001280207353563,-1.1543330551454087,0.0005687684998828,0.8874429157082278,0.0,31.608320982007523,27.04094241661996,3.6961450206090336,0.0363122556008414,113.74731464288288,596.9642627368382,15.288,0.0,4.49389305859279,0.0931563379250794,2.005114835094796e-05,-0.3287509028141431,0.0002850577152735,0.0269067323108148,0.2116094676341742,15.89501645101369,31.608341091457607,1.4560357325078461
8.08,31.22147568073596,131.01229158349284,257.45129644978687,-0.2221254711759571,0.0001150831092814,-1.1188136040338794,0.0005758700667385,0.9078090936203084,0.0,31.59796629284504,27.03707774261068,3.5079093713866394,0.0363265227614356,113.7473600572643,596.5719907829201,15.288,0.0,4.493954893957646,0.0931258427247263,2.009640395580584e-05,-0.3282739785149796,0.0002849429284965,0.0268588419968685,0.2221255009881864,15.90008790264015,31.59798437005757,1.4407850508168585
8.09,31.221474702103688,131.01229418503453,257.47136012861125,-0.2322439451523414,0.0001022702171855,-1.083279398792061,0.0005832065236563,0.928203843806785,0.0,31.587914516512004,27.03321487557612,3.319950141249259,0.0363406742829277,113.74740552129896,596.1913395699607,15.288,0.0,4.494013849142729,0.0930962392175207,2.0141062846927656e-05,-0.3277848832747021,0.000284811750573,0.026810241620852,0.2322439676699775,15.90501872134502,31.587930581080155,1.426554230176627
8.1,31.22147372358308,131.01229678620365,257.4904387773378,-0.2419624336836966,8.958836696015299e-05,-1.0477327986119396,0.0005907713669449,0.94861372569684,0.0,31.57816583824133,27.029353641189847,3.1322741730733146,0.0363547094564325,113.74745103096436,595.8223049983536,15.288,0.0,4.494069924051758,0.0930675279509489,2.018512183302322e-05,-0.3272841236694053,0.0002846643759445,0.0267609725506853,0.2419624502688855,15.909807799895823,31.578179910749103,1.4133691544951923
8.11,31.22147274517406,131.01229938700027,257.50853236131155,-0.2512788257411946,7.704373268789656e-05,-1.0121761481509255,0.0005985580112144,0.9690253920705422,0.0,31.568720433004728,27.025493870832022,2.9448880192573634,0.0363686276148813,113.74749658217428,595.4648829082188,15.288,0.0,4.494123118595085,0.0930397094422032,2.0228577975499234e-05,-0.326772207111776,0.0002845010053463,0.026711076105457,0.2512788375526023,15.914454072158655,31.56873253500596,1.4012534116407371
8.12,31.22147176687661,131.0123019874246,257.5256408647535,-0.2601913156026637,6.464235194218972e-05,-0.9766117753694052,0.0006065597934447,0.9894255947523094,0.0,31.55957846550745,27.02163540164668,2.757797941326525,0.0363824281338188,113.74754217078116,595.1190690804947,15.288,0.0,4.494173432726231,0.0930127841781649,2.027142858620613e-05,-0.3262496415268859,0.0002843218456328,0.026660593532862,0.2601913236326301,15.918956514456497,31.55958861950435,1.390228015562888
8.13,31.221470788690684,131.0123045874767,257.5417642718756,-0.2686984018582847,5.239012260552346e-05,-0.9410419893964797,0.0006147699770719,1.0098011901768709,0.0,31.550740090092,27.017778076591064,2.5710099097219388,0.0363961104320043,113.74758779257871,594.7848592344233,15.288,0.0,4.49422086638543,0.0929867526151223,2.0313671225036528e-05,-0.3257169350308841,0.0002841271096026,0.0266095659868561,0.2686984069656947,15.923314146853633,31.55074831951321,1.380311141530066
8.14,31.221469810616227,131.01230718715675,257.556902577814,-0.2767988862223804,4.029280032430453e-05,-0.9054690784338336,0.00062318175599,1.0301391448264077,0.0,31.54220545076721,27.01392174447772,2.384529603773379,0.03640967397221,113.74763344330428,594.4622490298281,15.288,0.0,4.4942654195660445,0.092961615178854,2.035530369737928e-05,-0.3251745956126962,0.0002839170158211,0.0265580345057262,0.2767988891542192,15.9275260342627,31.54221177994548,1.3715178810569695
8.15,31.22146883265321,131.0123097864648,257.5710557786929,-0.2844918721798533,2.8355995903477163e-05,-0.8698953076957859,0.0006317882585186,1.050426540543889,0.0,31.533974681112284,27.010066260011136,2.1983624118536635,0.0364231182618199,113.74767911864154,594.1512340645056,15.288,0.0,4.494307092251472,0.0929373722643483,2.039632405143327e-05,-0.3246231308188352,0.0002836917884433,0.0265060399903544,0.2844918735934822,15.931591287493893,31.533979135261703,1.363860023091282
8.16,31.22146785480163,131.01231238540092,257.5842238815579,-0.291776763442816,1.6585172582952115e-05,-0.8343229173942904,0.0006405825513682,1.0706505797219643,0.0,31.52604790428425,27.00621148381512,2.0125134317126845,0.0364364428533952,113.747724814223,593.8518098754497,15.288,0.0,4.494345884454996,0.0929140242358258,2.043673057538529e-05,-0.3240630474414195,0.0002834516570338,0.0264536231828757,0.2917767639132099,15.93550906413515,31.52605050947707,1.357345867748638
8.17,31.22146687706145,131.01231498396513,257.596406894444,-0.298653262239219,4.985644071549472e-06,-0.7987541207705506,0.0006495576434756,1.0907985903708417,0.0,31.518425232986363,27.00235728245453,1.8269874709893943,0.0364496473452163,113.74777052563248,593.5639719390748,15.288,0.0,4.494381796216454,0.0928915714266374,2.047652179445595e-05,-0.3234948512095034,0.0002831968563873,0.0264008246456363,0.2986532622811017,15.939278569334402,31.518426016129503,1.3519800783029619
8.18,31.22146589943267,131.01231758215755,257.60760483630787,-0.3051213674297759,-6.437428031147753e-06,-0.7631911021755176,0.0006587064898704,1.110858031066679,0.0,31.511106769406062,26.998503528450176,1.6417890478998132,0.0364627313817611,113.74781624840791,593.2877156692009,15.288,0.0,4.4944148275657305,0.092870014139093,2.051569646781809e-05,-0.3229190464838061,0.0002829276263478,0.0263476847403891,0.3051213674974014,15.942899056477472,31.51110575821723,1.3477635762697624
8.19,31.221464921915256,131.01232017997825,257.61781772908176,-0.3111813724480457,-1.767903661854839e-05,-0.7276360152071601,0.0006680219955391,1.1308164957815852,0.0,31.50409260525144,26.994650100286165,1.45692239209886,0.0364756946540854,113.74786197804356,593.0230364192665,15.288,0.0,4.494444978582509,0.0928493526445684,2.055425358539166e-05,-0.322336135954938,0.0002826442116264,0.0262942436079112,0.3111813729506776,15.946369827701428,31.50408982823486,1.3446934832933806
8.2,31.22146394450924,131.01232277742716,257.6270456026392,-0.3168338630822565,-2.8734330568641687e-05,-0.692090980903424,0.0006774970191118,1.1506617185991803,0.0,31.49738282168468,26.99079688241096,1.2723914457144527,0.0364885369003299,113.74790770999304,592.7699294811347,15.288,0.0,4.494472249349792,0.0928295871832997,2.059219236451956e-05,-0.3217466203452079,0.0002823468616189,0.02624054114787,0.316833864385635,15.949690234342514,31.49737830810659,1.3427631122054604
8.21,31.22146296721459,131.01232537450437,257.63528849579245,-0.3220797150860007,-3.9598617499500456e-05,-0.6565580859967503,0.0006871243766807,1.1703815783156075,0.0,31.49097748932156,26.98694376523218,1.088199864551344,0.0365012579058304,113.7479534396716,592.528390085486,15.288,0.0,4.494496639970503,0.0928107179643874,2.0629512246528505e-05,-0.321150998114097,0.0002820358302226,0.0261866169990226,0.3220797175198129,15.952859677236034,31.490971269185263,1.3419620081388883
8.22,31.221461990031298,131.0123279712098,257.6425464463507,-0.3269200916293738,-5.026736500656408e-05,-0.6210393812323771,0.0006968968454238,1.1899641029294568,0.0,31.484876668206127,26.983090645103182,0.9043510194626948,0.0365138575035734,113.747999162459,592.298413401601,15.288,0.0,4.494518150557529,0.0927927451657211,2.066621289317904e-05,-0.3205497651674866,0.0002817113756527,0.0261325105197251,0.326920095493804,15.955877606915635,31.484868772226896,1.342276039034972
8.23,31.22146101295941,131.01233056754356,257.6488195040416,-0.3313564405900066,-6.073620242737217e-05,-0.585536879754542,0.0007068071672468,1.2093974740217497,0.0,31.47908040781931,26.97923742430501,0.7208479978874517,0.0365263355743946,113.7480448737019,592.079994538176,15.288,0.0,4.494536781253638,0.0927756689340067,2.0702294183009407e-05,-0.3199434145707165,0.0002813737602578,0.0260782607687789,0.3313564461571947,15.9587435236851,31.479070867398946,1.3436875333570844
8.24,31.22146003599889,131.0123331635056,257.6541077245479,-0.3353904916867367,-7.100092292317863e-05,-0.5500525555618818,0.0007168480524447,1.2286700310283656,0.0,31.473588747072714,26.975384011020388,0.5376936055509379,0.0365386920470278,113.7480905687168,591.8731285435878,15.288,0.0,4.494552532234795,0.0927594893847496,2.0737756207577007e-05,-0.3193324362655552,0.0002810232503357,0.0260239064865833,0.3353904992023172,15.961456977585948,31.47357759427382,1.3461754614085537
8.25,31.221459059149808,131.01233575909586,257.65841116454,-0.3390242534623425,-8.105748497012089e-05,-0.5145883420346198,0.0007270121833069,1.247770275406917,0.0,31.46840171423633,26.97153031930255,0.3548903683266627,0.03655092689839,113.74813624279244,591.6778104044528,15.288,0.0,4.494565403643767,0.0927442066020274,2.077259926760177e-05,-0.3187173167911539,0.000280660115948,0.0259694860765869,0.3390242631532854,15.964017568291595,31.46838898175636,1.3497156554229144
8.26,31.22145808241213,131.01233835431432,257.66172989558567,-0.3422600101097671,-9.090201328981444e-05,-0.4791461305398133,0.0007372922175351,1.266686874699677,0.0,31.46351932704388,26.96767626903644,0.1724405342570738,0.0365630401535859,113.74818189119244,591.4940350486759,15.288,0.0,4.494575395699684,0.0927298206388248,2.0806823869015863e-05,-0.3180985390090617,0.0002802846307352,0.0259150375871103,0.3422600221814164,15.966424944810136,31.46350504818902,1.3542810626112751
8.27,31.22145710578589,131.01234094916097,257.66406398825285,-0.3451003181552976,-0.0001005308005865,-0.44372776911058,0.0007476807918222,1.2854086664949331,0.0,31.458941592589067,26.963821785894627,-0.0096539242694857,0.0365750318858402,113.74822750915838,591.321797343298,15.288,0.0,4.494582508595115,0.0927163315167035,2.084043071892381e-05,-0.3174765818323705,0.000279897071731,0.025860598693432,0.3451003327981547,15.968678805185748,31.45892580124784,1.3598420246509153
8.28,31.22145612927113,131.0123435436358,257.665413520058,-0.347548002992375,-0.0001099403087438,-0.4083350612079393,0.000758170525318,1.3039246622881064,0.0,31.454668507400715,26.959966801287088,-0.1913913081873118,0.0365869022166953,113.74827309191184,591.1610920964847,15.288,0.0,4.49458674256911,0.0927037392260447,2.0873420721476952e-05,-0.31685191995906,0.0002794977191775,0.0258062066802302,0.3475480203819239,15.970778896015142,31.4546512380174,1.3663665767126292
8.29,31.221455152867865,131.01234613773866,257.66577857646104,-0.3496061552747797,-0.0001191271699393,-0.3729697645630414,0.0007687540230445,1.322224051245167,0.0,31.450700057407087,26.95611125230453,-0.3727701892706113,0.036598651315809,113.7483186346576,591.011914057622,15.288,0.0,4.494588097867362,0.0926920437259226,2.09057949736668e-05,-0.3162250236096101,0.0002790868563387,0.025751898424352,0.3496061755718181,15.97272501192081,31.45068134495499,1.373820759033776
8.3,31.22145417657612,131.0123487314696,257.6651592468885,-0.3512781271697085,-0.0001280881871338,-0.3376335901029164,0.0007794238792047,1.3402962038695816,0.0,31.44703621794628,26.95225508165588,-0.5537894075011707,0.03661027940084,113.74836413258612,590.8742579169474,15.288,0.0,4.49458657474552,0.0926812449441529,2.0937554761041056e-05,-0.3155963582689431,0.0002786647693165,0.0256977103778461,0.3512781505229477,15.974516994910536,31.447016097900896,1.3821689342387125
8.31,31.22145320039592,131.0123513248285,257.6635556306988,-0.3525675284728111,-0.0001368203359756,-0.302328200962575,0.0007901726806931,1.3581306755747076,0.0,31.443676953796167,26.94839823760044,-0.7344480682895812,0.036621786737332,113.74840958087614,590.7481183072276,15.288,0.0,4.494582173489119,0.0926713427773739,2.0968701553346645e-05,-0.314966384432763,0.0002782317468643,0.025643678551389,0.3525675550203809,15.976154733636228,31.443655462108048,1.3913741040450422
8.32,31.221452224327308,131.0123539178153,257.6609678262482,-0.3534782225913326,-0.000145320764679,-0.2670552115831528,0.0008009930102771,1.3757172101637332,0.0,31.440622219166723,26.94454067387377,-0.9147455395521448,0.0366331736384688,113.7484549746976,590.6334898036848,15.288,0.0,4.494574894393651,0.0926623370910215,2.0999237000103587e-05,-0.3143355573583502,0.0002777880802023,0.0255898384979861,0.3534782524622805,15.977638162587573,31.440599392234382,1.401398219623605
8.33,31.221451248370307,131.01235651042995,257.6573959408299,-0.3540143223949153,-0.0001535867953303,-0.2318161868985503,0.0008118774499851,1.3930457432181873,0.0,31.43787195772215,26.940682349608807,-1.0946814486461425,0.0366444404649337,113.748500309214,590.530366924813,15.288,0.0,4.494564737771211,0.0926542277193955,2.102916292611392e-05,-0.3137043268198707,0.0002773340628327,0.0255362252970082,0.3540143557098997,15.97896726118768,31.43784783236476,1.4122024806491063
8.34,31.22145027252707,131.0123591026667,257.65284010160406,-0.354179832981629,-0.0001616157084065,-0.2419822319099915,0.0008229868990389,1.4104492268920537,0.0,31.435224435653875,26.93662158518199,-1.2742556793273636,0.0366555876244532,113.74854557958254,590.431168500958,15.288,0.0029999999899965,4.494551703967093,0.0926464201095321,2.1058481465489683e-05,-0.3130731386160665,0.0002768699912918,0.0254827102010897,0.3541798698545788,15.980239284227004,31.435199049117763,1.4310566374214435
8.35,31.221449296811954,131.01236169448745,257.64730049037144,-0.3539771494255919,-0.0001694038471301,-0.2571958444417958,0.0008342728702569,1.42776049781312,0.0,31.43237726058405,26.93205609906258,-1.4534683721520651,0.0366666155720527,113.74859078094212,590.3245351399503,15.288,0.0063333333122169,4.494535793509201,0.0926380230460096,2.108719584413687e-05,-0.3124424451017989,0.0002763961710286,0.0254290848684558,0.3539771899609367,15.981600084924976,31.43235065068997,1.4507413406685972
8.36,31.221448321243223,131.01236428584374,257.6407773425816,-0.3534082898597985,-0.0001769473580104,-0.2724135765004527,0.0008457124479156,1.4449358771741772,0.0,31.42933066642119,26.92698624375277,-1.6323199276714433,0.0366775248099042,113.74863590842747,590.2104776087068,15.288,0.0096666666344373,4.494517007071528,0.0926290372188512,2.111530980712846e-05,-0.3118126997913706,0.0002759129141576,0.0253753873461996,0.3534083341571952,15.983049662063156,31.42930287159519,1.4703909551668295
8.37,31.22144734583915,131.012366876687,257.63327093541085,-0.3524755236223262,-0.0001842425749549,-0.2876344531255433,0.0008572961338416,1.461962981391087,0.0,31.426084900203925,26.921412410465155,-1.810811005477168,0.0366883158870051,113.74868095717734,590.089007300417,15.288,0.0129999999566576,4.494495345444266,0.0926194633568511,2.114282726268222e-05,-0.311184353024882,0.00027542053721,0.0253216554153679,0.3524755717741011,15.984588041215012,31.42605595944793,1.489989957194144
8.38,31.221446370617976,131.01236946696875,257.62478157186206,-0.3511813715530106,-0.0001912860228493,-0.3028574607866903,0.0008690143386701,1.4788295752760787,0.0,31.42264022228752,26.91533502925273,-1.988942522299502,0.0366989893987923,113.7487259223378,589.9601362406681,15.288,0.016333333278878,4.494470809520537,0.0926093022281254,2.1169752278861807e-05,-0.3105578516397104,0.0002749193608734,0.0252679265621171,0.3511814236479365,15.986215274075422,31.422610175149316,1.5095232059995998
8.39,31.221445395597964,131.01237205664054,257.61530960362006,-0.3495286031898366,-0.000198074419938,-0.3180815467399413,0.0008808573903233,1.4955235815255197,0.0,31.418996906311733,26.908754568871608,-2.166715649914243,0.0367095459864659,113.74877079906533,589.8238770848673,15.288,0.0196666666010984,4.494443400299706,0.0925985546400268,2.11960890794696e-05,-0.3099336386372154,0.0002744097097246,0.0252142379483331,0.3495286593125958,15.987931437747893,31.418965792854607,1.52897594133627
8.4,31.221444420797297,131.012374645654,257.60485541415727,-0.3475202337856944,-0.0002046046791311,-0.3333056184648674,0.0008928155423524,1.512033090027204,0.0,31.415155239176308,26.901671536630165,-2.344131812860012,0.0367199863365822,113.74881558252976,589.680243116993,15.288,0.0229999999233188,4.494413118900662,0.092587221439061,2.122184203984193e-05,-0.3093121528540004,0.0002738919119605,0.0251606263827282,0.3475202940166687,15.989736633944911,31.415123099948467,1.548333781119903
8.41,31.221443446234208,131.01237723396085,257.5934194227121,-0.3451595211460342,-0.0002108739098098,-0.3485285431809225,0.0009048789824482,1.5283463669775814,0.0,31.411115520982968,26.89408647822711,-2.521192685968084,0.0367303111803912,113.7488602679176,589.5292482461537,15.288,0.0263333332455391,4.494379966541902,0.0925753035107223,2.1247015682551715e-05,-0.3086938286380017,0.0002733662991269,0.0251071282923232,0.3451595855614376,15.991630988124411,31.41108239698667,1.5675827192436642
8.42,31.221442471926867,131.01237982151267,257.5810020872659,-0.3424499622936947,-0.0002168794191728,-0.3637491474489762,0.0009170378408821,1.544451863802248,0.0,31.40687806500551,26.88599997757669,-2.697900191708269,0.0367405212930989,113.74890485043495,589.3709070045961,15.288,0.0296666665677595,4.494343944551484,0.0925628017794023,2.1271614673022866e-05,-0.3080790955296727,0.000272833205846,0.0250537796944462,0.3424500309690142,15.993614648536076,31.40684399766601,1.58670912357322
8.43,31.22144149789344,131.0123824082614,257.5676039045465,-0.3393952899625823,-0.0002226187132101,-0.3789662168572968,0.000929282198992,1.5603382258711591,0.0,31.40244319763552,26.877412656622315,-2.874256497353236,0.0367506174932848,113.74894932531048,589.2052345445692,15.288,0.0329999998899799,4.494305054353752,0.0925497172082312,2.1295643815061205e-05,-0.3074683779485192,0.0002722929695423,0.0250006161692039,0.3393953629733585,15.995687785205924,31.402408228769826,1.6056997341344033
8.44,31.221440524152072,131.0123849941588,257.55322540207584,-0.3359994689283568,-0.0002280894978082,-0.3941784957977628,0.0009416020976528,1.575994301002272,0.0,31.39781125837373,26.868325175138832,-3.0502640119648774,0.0367606006422102,113.74899368779865,589.0322466371209,15.288,0.0363333332122003,4.494263297502537,0.0925360507990486,2.1319108046306748e-05,-0.3068620948852394,0.0002717459301681,0.0249476728325236,0.3359995463466033,15.997850588829978,31.3977754301592,1.6245416615019563
8.45,31.22143955072088,131.01238757915672,257.5378671481092,-0.3322666921696691,-0.0002332896797172,-0.4093846873260545,0.0009539875457779,1.5914091477442422,0.0,31.39298259974661,26.858738230522874,-3.2259253832055923,0.0367704716428355,113.74903793318246,588.8519596675154,15.288,0.0396666665344206,4.494218675641314,0.0925218035921632,2.134201243361188e-05,-0.3062606595997141,0.0002711924299272,0.0248949843096603,0.3322667740675615,16.000103269637908,31.392945954689413,1.6432223853859051
8.46,31.221438577617945,131.0123901632072,257.521529744678,-0.3282013768750918,-0.0002382173676302,-0.4245834531161477,0.0009664285288633,1.6065720434332686,0.0,31.387957587275487,26.848652557572475,-3.4012434939782765,0.0367802314391391,113.7490820567766,588.6643906334375,15.288,0.042999999856641,4.49417119051648,0.0925069766662523,2.136436216835016e-05,-0.3056644793250893,0.0002706328129994,0.0248425847093506,0.3282014633263036,16.00244605617021,31.387920168178884,1.6617297534152422
8.47,31.221437604861343,131.01239274626232,257.5042138305711,-0.3238081602961866,-0.0002428708720748,-0.439773413504381,0.00097891501735,1.621472492017132,0.0,31.38273659944352,26.838068928254845,-3.5762214588981527,0.0367898810152992,113.74912605393038,588.4695571418948,15.288,0.0463333331788614,4.494120843990636,0.0924915711382759,2.1386162561660623e-05,-0.3050739549781776,0.000270067425263,0.0247905075985068,0.3238082513775212,16.004879194000136,31.382698449376143,1.680051980108995
8.48,31.221436632469107,131.01239532827412,257.48592008530994,-0.3190918954465801,-0.0002472487062685,-0.4549531476252843,0.0009914369751134,1.6361002316387048,0.0,31.37732002763872,26.82698815146392,-3.750862620600608,0.0367994213947189,113.74916992003044,588.2674774060997,15.288,0.0496666665010818,4.494067638032634,0.092475588163304,2.140741903963228e-05,-0.3044894808764065,0.000269496614019,0.024738785977542,0.3190919912359146,16.007402944413506,31.37728118990276,1.6981776460222449
8.49,31.221435660459257,131.01239790919487,257.4666492152373,-0.3140576466569062,-0.0002513495860979,-0.4701211936412505,0.0010039843678363,1.6504452419738316,0.0,31.371708276099653,26.815411072767795,-3.9251705458883936,0.0368088536392028,113.7492136505038,588.058170242787,15.288,0.0529999998233021,4.494011574710929,0.0924590289343444,2.142813713843333e-05,-0.303911444461532,0.0002689207277144,0.0246874522563459,0.3140577472366467,16.01001758303956,31.371668794199,1.716095697054609
8.5,31.22143468884976,131.0124004889768,257.44640197040866,-0.3087106849853467,-0.0002551724307151,-0.4852760490616681,0.001016547171423,1.664497751317256,0.0,31.365901761865214,26.80333857414457,-4.099149021722401,0.0368181788478414,113.74925724082073,587.8416550679723,15.288,0.0563333331455225,4.493952656193575,0.0924418946822131,2.144832249939035e-05,-0.3033402260303249,0.0002683401156662,0.0246365382308455,0.3087107904442955,16.012723398436197,31.36586167947353,1.7337954439037082
8.51,31.221433717658567,131.01240306757228,257.42517913068224,-0.3030564834951314,-0.0002587163618442,-0.5004161711593939,0.0010291153802386,1.6782482434118489,0.0,31.3599009147338,26.79077157370889,-4.272802051059935,0.0368273981561475,113.74930068649724,587.6179518946971,15.288,0.0596666664677429,4.493890884758193,0.0924241866754025,2.1467980864021464e-05,-0.3027761984724338,0.0002677551277859,0.0245860750603134,0.3030565939259013,16.015520690632084,31.35986027566271,1.7512665616493823
8.52,31.2214327469036,131.01240564493384,257.4029815126732,-0.297100712395084,-0.0002619807037647,-0.5155399774768324,0.0010416790153687,1.6916874640143564,0.0,31.353706177198287,26.777711025428967,-4.446133848544765,0.0368365127349989,113.74934398309829,587.3870813291886,15.288,0.0629999997899633,4.493826262778695,0.0924059062198889,2.1487118069028946e-05,-0.3022197270156145,0.0002671661143059,0.0245360932453192,0.2971008278999545,16.018409769646837,31.35366502536557,1.7684990894471244
8.53,31.221431776602728,131.01240822101397,257.3798099707494,-0.2908492340560158,-0.00026496498315,-0.5306458464265738,0.0010542281328549,1.7048064271943928,0.0,31.34731800441528,26.764157918832986,-4.619148836053002,0.0368455237896384,113.74938712624002,587.1490645680648,15.288,0.0663333331121836,4.49375879274851,0.0923870546590454,2.1505740041255315e-05,-0.3016711689785171,0.0002665734255056,0.0244866226064048,0.2908493547473502,16.021390953964467,31.347276383813053,1.7854834303151743
8.54,31.221430806773803,131.01241079576533,257.35566539007294,-0.2843080978970376,-0.0002676689285326,-0.545732117978833,0.0010667528317807,1.7175964213594928,0.0,31.34073686411419,26.75011327870707,-4.791851638099431,0.0368544325584672,113.74943011159289,586.9039233932493,15.288,0.069666666434404,4.493688477244075,0.0923676333733773,2.1523852792608032e-05,-0.3011308735312051,0.0002659774114404,0.0244376922634344,0.2843082238979518,16.024464569012316,31.34069481877722,1.8022103509918599
8.55,31.22142983743464,131.01241336914066,257.3305486955464,-0.2774835351626512,-0.0002700924690248,-0.560797094447194,0.001079243262246,1.730049015005506,0.0,31.33396323657385,26.735578164783707,-4.964247077108616,0.0368632403120761,113.74947293488384,586.6516801701567,15.288,0.0729999997566244,4.493615318958028,0.0923476437804418,2.154146241495721e-05,-0.3005991814635747,0.0002653784216709,0.0243893306157668,0.2774836666100591,16.02763094558886,31.333920810548022,1.8186709818512954
8.56,31.22142886860299,131.01241594109288,257.3044608428676,-0.270381953577309,-0.0002722357342907,-0.5758390413564581,0.0010916896334047,1.7421560621838668,0.0,31.326997614536047,26.72055367142224,-5.13634016855544,0.036871948352003,113.74951559189918,586.3923578425681,15.288,0.0763333330788448,4.493539320669339,0.0923270873345994,2.1558575075011173e-05,-0.3000764249618387,0.0002647768049952,0.0243415653230926,0.2703820906280483,16.030890418305994,31.326954851846903,1.8348568168499082
8.57,31.221427900296607,131.01241851157488,257.2774028205177,-0.2630099318977317,-0.000274099053238,-0.5908561884038729,0.0011040822212864,1.753909707685971,0.0,31.319840503165715,26.7050409272795,-5.308136115979646,0.0368805580096985,113.74955807848696,586.1259799296765,15.288,0.0796666664010651,4.493460485263214,0.0923059655268933,2.157519700917401e-05,-0.2995629273932233,0.0002641729091824,0.0242944232870921,0.2630100747242936,16.034243324000293,31.319797447787117,1.8507597134927571
8.58,31.221426932533177,131.01242108053978,257.2493756547291,-0.2553742143625659,-0.0002756829525102,-0.6058467305058503,0.0011164113764675,1.7653023919392767,0.0,31.312492420000847,26.689041094973245,-5.479640305879067,0.0368890706452474,113.74960039055942,585.8525705223823,15.288,0.0829999997232855,4.493378815741069,0.0922842798849056,2.159133451839041e-05,-0.2990590030990209,0.0002635670807093,0.0242479306338497,0.2553743631651843,16.037690000145638,31.31244911582393,1.8663718927977677
8.59,31.221425965330333,131.01242364794075,257.220380405512,-0.2474817050337332,-0.0002769881553391,-0.6208088289240578,0.0011286675317174,1.7763268556101517,0.0,31.30495389484805,26.672555370737623,-5.650858302486758,0.0368974876461973,113.74964252409552,585.5721542776541,15.288,0.0863333330455059,4.493294315177364,0.0922620319724495,2.160699396298134e-05,-0.2985649571961352,0.0002629596644992,0.0242021126970213,0.2474818600396309,16.041230783290935,31.30491038565036,1.88168593923702
8.6,31.22142499870568,131.0124262137311,257.190418164666,-0.239339462056526,-0.0002780155809542,-0.6357406124844438,0.0011408412096908,1.7869761439152438,0.0,31.29722546975591,26.65558498407078,-5.821795842436321,0.03690581042641,113.74968447514316,585.2847564165987,15.288,0.0896666663677262,4.493206986756119,0.0922392233894773,2.162218175747601e-05,-0.2980810853872437,0.000262351003663,0.0241569940018988,0.2393396235262347,16.044866007465593,31.297181799170577,1.8966948006474198
8.61,31.221424032676808,131.01242877786424,257.1594900567744,-0.2309546918279948,-0.000278766341862,-0.6506401788679907,0.0011529230301076,1.7972436106350795,0.0,31.289307698943983,26.63813119737557,-5.9924588293208085,0.0369140404247408,113.74972623982148,584.9904027190397,15.288,0.0929999996899466,4.493116833764288,0.0922158557718888,2.1636904365443763e-05,-0.2976076737796924,0.0002617414392441,0.0241125982501756,0.2309548600645081,16.048596002618183,31.2892639104294,1.9113917880846674
8.62,31.221423067261213,131.01243134029372,257.12759724119087,-0.2223347430778486,-0.0002792417426893,-0.6655055959823512,0.001164903717119,1.8071229218285147,0.0,31.28120114872015,26.620195305592496,-6.162853328150264,0.036922179103767,113.74976781432323,584.6891195192927,15.288,0.096333333012167,4.493023859575134,0.0921919307912761,2.1651168294330715e-05,-0.297144998713229,0.000261131309966,0.0240689483055934,0.2223349184334685,16.0524210930738,31.28115728552978,1.9257705756092864
8.63,31.221422102476367,131.0124339009732,257.0947409090596,-0.213487100880261,-0.0002794432781188,-0.680334903411776,0.0011767741064209,1.8166080592478635,0.0,31.272906397433264,26.6017786358268,-6.33298555971276,0.036930227948722,113.74980919491672,584.3809337026611,15.288,0.0996666663343874,4.492928067668179,0.0921674501547823,2.1664980090305342e-05,-0.2966933265966771,0.0002605209519837,0.0240260661804208,0.2134872837667521,16.05634159599448,31.27286250258578,1.9398251999914573
8.64,31.2214211383397,131.01243645985653,257.06092228728903,-0.2044193805869047,-0.000279372631133,-0.6951261139333653,0.0011885251522422,1.8256933234505648,0.0,31.26442403538821,26.5828825469692,-6.502861894844075,0.0369381884658923,113.74985037794823,584.0658726998382,15.288,0.1029999996566078,4.492829461612582,0.0921424156048613,2.1678346333117256e-05,-0.2962529137536334,0.000259910698638,0.023983973022712,0.2044195714902494,16.060357819881354,31.26438015163793,1.9535500603148381
8.65,31.221420174868573,131.0124390168976,257.02614262960844,-0.1951393216968412,-0.0002790316708209,-0.7098772151092583,0.0012001479342317,1.8343733366086243,0.0,31.255754664781747,26.56350842930972,-6.672488848611559,0.0369460621816631,113.74989135984356,583.7439644833519,15.288,0.1063333329788281,4.49272804507379,0.0921168289190757,2.1691273630973307e-05,-0.2958240062772751,0.0002593008802146,0.0239426891044776,0.1951395211889355,16.064470063094966,31.25571083458939,1.9669399174725692
8.66,31.22141921208032,131.01244157205048,256.990403227502,-0.1856547816661427,-0.0002784224498986,-0.7245861709419404,0.0012116336640661,1.8426430450137967,0.0,31.24689889963118,26.54365770414675,-6.841873074416897,0.0369538506410152,113.74993213711068,583.4152375627336,15.288,0.1096666663010485,4.492623821813529,0.0920906919098905,2.1703768615435423e-05,-0.2954068398943406,0.0002586918237061,0.0239022338106571,0.1856549904360237,16.068678612412516,31.24685516513502,1.9799898935383875
8.67,31.221418249992205,131.01244412526938,256.95370539927166,-0.1759737296597289,-0.0002775472023871,-0.7392509235926993,0.001222973692002,1.8504977212779607,0.0,31.237857365700687,26.52333182338994,-7.011021358023529,0.0369615554062425,113.74997270634096,583.0797209797819,15.288,0.1129999996232689,4.492516795689816,0.0920640064244571,2.1715837936344034e-05,-0.2950016398383507,0.0002580838525791,0.0238626256289508,0.1759739485360436,16.072983741621588,31.237813768688085,1.9926954710020888
8.68,31.221417288621463,131.0124466765087,256.9160504979938,-0.1661042402478241,-0.0002764083413902,-0.7538693951563502,0.0012341595133031,1.8579329662275872,0.0,31.228630700397527,26.50253226915891,-7.179940611513703,0.0369691780557351,113.75001306421144,582.7374443027797,15.288,0.1163333329454893,4.492406970627067,0.0920367743443055,2.1727488256771105e-05,-0.2946086207321153,0.000257477286545,0.0238238821404898,0.1661044702277378,16.07738571016976,31.22858728227679,2.0050524918560977
8.69,31.22141632798525,131.01244922572286,256.8774399115151,-0.1560544870793083,-0.0002750084562553,-0.7684394895049634,0.0012451827743858,1.8649447104980064,0.0,31.219219552767424,26.48126055337574,-7.34863786718072,0.0369767201825001,113.7500532074865,582.3884376243382,15.288,0.1196666662677096,4.492294350689141,0.0920089975853307,2.173872624800704e-05,-0.2942279864795776,0.0002568724413355,0.0237860200114381,0.1560547293955455,16.08188476181064,31.21917635454013,2.017057156534064
8.7,31.22141536810068,131.0124517728665,256.83787505052885,-0.1458327364806395,-0.0002733503094282,-0.7829590941616706,0.0012560352787706,1.8715292158163404,0.0,31.20962458332224,26.45951821735523,-7.517120271361454,0.0369841833929615,113.7500931330194,582.0327315528785,15.288,0.12299999958993,4.4921789399830665,0.091980678097285,2.174955858458491e-05,-0.293859930167019,0.000256269628483,0.0237490549853245,0.1458329926661169,16.086481123379908,31.20958164555604,2.0287060226679494
8.71,31.221414408984813,131.01245431789448,256.7973573614931,-0.1354473410563128,-0.00027143683447,-0.7974260822467708,0.001266708993088,1.877683075988526,0.0,31.199846464038767,26.437306831388423,-7.685395078214871,0.0369915693055555,113.75013283775417,581.6703572108606,15.288,0.1263333329121504,4.492060742738713,0.091951817863769,2.175999193934617e-05,-0.2935046339736543,0.000255669155106,0.0237130018763823,0.1354476130376878,16.09117500353762,31.199803826840512,2.039996003685507
8.72,31.221413450654648,131.0124568607617,256.7558883186828,-0.1249067332374715,-0.000269271131945,-0.8118383144510988,0.0012771960525406,1.8834032175792168,0.0,31.189885878235224,26.41462799432419,-7.853469643451618,0.0369988795494674,113.75017231872688,581.3013462280388,15.288,0.1296666662343708,4.491939763265632,0.0919224189018672,2.177003297855158e-05,-0.2931622690916311,0.0002550713236984,0.0236778745636421,0.1249070234798805,16.095966591627995,31.189843581224725,2.0509243672130633
8.73,31.221412493127136,131.01245940142329,256.7134694331307,-0.1142194188144038,-0.0002668564673868,-0.8261936410520268,0.001287488766548,1.8886869002921047,0.0,31.179743520489257,26.391483333147093,-8.0213514180203,0.0370061157632121,113.75021157306732,580.9257307355406,15.288,0.1329999995565911,4.4918160059530665,0.0918924832619211,2.177968835704073e-05,-0.2928329956554407,0.0002544764319256,0.0236436859858883,0.1142197305473784,16.100856056573928,31.17970160277338,2.0614887332889134
8.74,31.22141153641915,131.01246193983442,256.67010223772445,-0.1033939704566546,-0.0002641962673769,-0.8404899039776235,0.001297579623898,1.8935317170528985,0.0,31.16942009656956,26.367874502551032,-8.189047941755671,0.0370132795934083,113.75025059800032,580.5435433628473,15.288,0.1363333328788115,4.491689475286533,0.0918620130272961,2.178896471344414e-05,-0.2925169626807332,0.0002538847724246,0.0236104481375833,0.1033943079966554,16.105843545827263,31.16937859671692,2.0716870723848455
8.75,31.221410580547523,131.01246447595062,256.62578830012245,-0.0924390212146807,-0.0002612941164079,-0.8547249388853398,0.0013074612978804,1.897935593793524,0.0,31.158916323340566,26.34380318451098,-8.35656683699412,0.0370203726933275,113.75028939084696,580.1548172303105,15.288,0.1396666662010319,4.491560175837879,0.0918310103141331,2.1797868665451305e-05,-0.2922143080125309,0.0002532966326102,0.0235781720654876,0.0924393905066903,16.11092918439503,31.15887527935674,2.081517703214645
8.76,31.221409625529024,131.01246700972737,256.580529212818,-0.0813632580147317,-0.0002581537535285,-0.8688965772803169,0.00131712665113,1.901896788942214,0.0,31.14823292866549,26.319271087852133,-8.523915802162147,0.0370273967216062,113.75032794902609,579.7595859446361,15.288,0.1429999995232522,4.4914281122553135,0.0917994772710388,2.180640680513804e-05,-0.291925158282809,0.0002527122944867,0.0235468678662562,0.0813636675531222,16.116113073932166,31.148192377968712,2.0909792903376085
8.77,31.221408671380328,131.01246954112048,256.5343266060572,-0.0701754151632106,-0.0002547790686797,-0.8830026486552675,0.0013265687403252,1.9054138926238944,0.0,31.137370651349887,26.294279947816264,-8.691102605342673,0.0370343533410138,113.75036627005515,579.3578835938278,15.288,0.1463333328454726,4.491293289296611,0.0917674160789332,2.181458569435661e-05,-0.2916496288774235,0.000252132034465,0.0235165446848308,0.0701758776625136,16.12139529188245,31.137330630747364,2.100070841548204
8.78,31.22140771811812,131.01247207008583,256.487182126972,-0.0588842678330683,-0.000251174099352,-0.8970409826429951,0.0013357808206844,1.908485825567368,0.0,31.126330241002144,26.2688315256268,-8.858135077824933,0.0370412442169983,113.75040435155162,578.9497447405929,15.288,0.149666666167693,4.491155711779308,0.0917348289506225,2.182241186019189e-05,-0.2913878239123434,0.0002515561231858,0.023487210713677,0.0588848035238275,16.126775890729775,31.12629078666688,2.108791705039421
8.79,31.22140676575895,131.01247459657952,256.43909746243537,-0.0474986255804841,-0.0002473430268609,-0.911009411188637,0.0013447563502142,1.9111118377311849,0.0,31.115112457970767,26.24292760805189,-9.025021107643232,0.0370480710164614,113.75044219123366,578.5352044169491,15.288,0.1529999994899134,4.491015384610585,0.0917017181306291,2.1829891790486872e-05,-0.2911398362191404,0.0002509848253488,0.0234588731928503,0.0474992695772515,16.132254897283524,31.115073605418964,2.1171415663484043
8.8,31.22140581431932,131.01247712055783,256.3900743201791,-0.0360273258678461,-0.0002432901719358,-0.9249057707323664,0.0013534889936643,1.9132915066462164,0.0,31.103718073246952,26.216570006965984,-9.19176863310948,0.0370548354063808,113.75047978692136,578.114298118774,15.288,0.1563333328121337,4.490872312783947,0.0916680858948959,2.1837031929440386e-05,-0.2909057473396785,0.0002504183995474,0.023431538410917,0.0360281473132162,16.137832312054663,31.10367985731611,2.1251204450738874
8.81,31.22140486381572,131.0124796419771,256.340114435752,-0.024479227603692,-0.0002390199916046,-0.938727904396076,0.0013619726264859,1.9150247354794687,0.0,31.09214786836284,26.189760558910944,-9.35838563634533,0.0370615390526208,113.75051713653738,577.6870617999393,15.288,0.1596666661343541,4.490726501372581,0.091633934550482,2.1843838673280167e-05,-0.2906856275299401,0.0002498570981106,0.023405211706684,0.0244803944984333,16.143508108707195,31.092110323190354,2.132728691362193
8.82,31.22140391426449,131.01248216079406,256.2892195784822,-0.012863204711733,-0.0002345370749493,-0.9524736641703618,0.0013702013383963,1.9163117508248724,0.0,31.08040263529772,26.162501124656192,-9.524880136818757,0.0370681836185551,113.7505542381078,577.2535318661343,15.288,0.1629999994565745,4.4905779555326815,0.0915992664352936,2.1850318366014543e-05,-0.290479535772921,0.0002493011669501,0.0233798974717266,0.0128653427204351,16.149282233581584,31.080365794300132,2.1399669821610123
8.83,31.22140296568196,131.01248467696547,256.237391536569,-0.0011881397230725,-0.0002298461390011,-0.96614091309734,0.001378169436774,1.9171531002235,0.0,31.06848317636582,26.13479358875806,-9.691260184890256,0.0370747707638226,113.75059108976276,576.8137451684454,15.288,0.1663333327787949,4.4904266804901605,0.0915640839177508,2.1856477295265006e-05,-0.2902875198005056,0.000248750845414,0.0233555991537243,0.0012101674498791,16.155154605303537,31.06844707221873,2.1468363172370957
8.84,31.22140201808437,131.01248719044827,256.1846321309992,0.0105370825859345,-0.0002249520246262,-0.9797275274544768,0.001385871449829,1.917549649421018,0.0,31.056390304135665,26.10663985911957,-9.857533855373983,0.0370813021430788,113.75062768973716,576.3677389985916,15.288,0.1696666661010153,4.4902726815605805,0.0915283893965394,2.186232168818292e-05,-0.2901096161242411,0.0002482063661471,0.0233323192606361,0.010539483546516,16.161125114453448,31.056354968754267,2.1533380149633747
8.85,31.221401071487925,131.0124897011996,256.1309432095812,0.0223035815273106,-0.0002198596927222,-0.993231398913376,0.0013933021296297,1.917502579363077,0.0,31.04412484131476,26.078041866549928,-10.023709241118752,0.0370877794047052,113.75066403637112,575.915551081342,15.288,0.1729999994232356,4.490115964135862,0.091492185300288,2.186785770745272e-05,-0.289945850074909,0.000247667954958,0.0233100593655732,0.0223046651421281,16.167193623330146,31.044090305834985,2.159473707860853
8.86,31.22140012590873,131.01249220917683,256.07632663899545,0.0341024867872697,-0.0002145742192181,-1.006650436693754,0.0014004564546998,1.917013382936792,0.0,31.03168762063928,26.049001564324687,-10.189794446613991,0.0370942041896272,113.75070012811048,575.4572195691255,15.288,0.176333332745456,4.48995653367765,0.0914554740872224,2.187309144738446e-05,-0.2897962358507935,0.0002471358306914,0.0232888201125287,0.034103161832608,16.173359965789196,31.03165391539974,2.1652453379081016
8.87,31.22139918136278,131.01249471433755,256.0207843266601,0.0459249446590769,-0.0002091007916062,-1.0199825696906084,0.0014073296326732,1.9160838614634903,0.0,31.019079484781635,26.019520927746385,-10.355797581625469,0.0371005781300513,113.75073596350704,574.9927830352701,15.288,0.1796666660676764,4.489794395730596,0.0914182582449103,2.1878028930097937e-05,-0.2896607765745372,0.0002466102051091,0.0232686012228008,0.0459254206839185,16.179623947148617,31.019046639306097,2.1706551516098065
8.88,31.221398237866094,131.0124972166394,255.96431818694003,0.057762124225443,-0.0002034447040979,-1.0332257485832907,0.0014139171025221,1.9147161209474195,0.0,31.00630128623989,25.98960195370622,-10.521726754865956,0.0371069028482788,113.75077154121902,574.522280468327,15.288,0.1829999993898968,4.489629555919032,0.0913805402899194,2.1882676101801065e-05,-0.2895394643584615,0.0002460912827754,0.0232494015022215,0.0577624825039257,16.18598534418044,31.006269329220498,2.1757056948293827
8.89,31.22139729543453,131.01249971604037,255.90693017593009,0.0696052234873207,-0.0001976113533258,-1.046377947906762,0.0014202145366071,1.912912568085376,0.0,30.993353887212933,25.9592466602472,-10.687590067705308,0.0371131799555523,113.75080686001118,574.0457512644631,15.288,0.1863333327121171,4.4894620199303725,0.0913423227674602,2.188703882916436e-05,-0.2894322803782268,0.000245579260951,0.0232312188490522,0.0696055039976048,16.19244390518483,30.993322846494134,2.180399807377969
8.9,31.22139635408396,131.0125022124985,255.84862226362864,0.0814454754193169,-0.0001916062339113,-1.0594371681014538,0.0014262178425407,1.910675906047116,0.0,30.98023815950909,25.92845708612805,-10.853395607924964,0.0371194110507874,113.75084191875484,573.5632352219023,15.288,0.1896666660343375,4.489291793535039,0.0913036082511108,2.189112289579448e-05,-0.2893391949547046,0.0002450743294925,0.0232140502626586,0.0814457008058876,16.19899935012254,30.980208062072247,2.1847406173734054
8.91,31.221395413830056,131.01250470597213,255.78939645381683,0.0932741539713747,-0.0001854349338061,-1.07240143751855,0.0014319231647736,1.9080091300271893,0.0,30.96695498440828,25.897235290389688,-11.019151443521398,0.0371255977195392,113.75087671642824,573.0747725335765,15.288,0.1929999993565579,4.489118882559894,0.0912643993424066,2.1894933998807976e-05,-0.2892601676439192,0.0002445766707593,0.0231978918528537,0.0932743382991785,16.2056513708441,30.96692585635699,2.188731535356247
8.92,31.22139447468856,131.01250719641985,255.72925476417683,0.1050825799784515,-0.0001791031299862,-1.085268814395848,0.0014373268860254,1.9049155225821697,0.0,30.9535052525868,25.86558335192284,-11.184865616563169,0.0371317415328182,113.75091125211624,572.5804037816472,15.288,0.1963333326787783,4.488943292928083,0.0912246986706235,2.1898477745508108e-05,-0.2891951473349146,0.0002440864595269,0.0231827388499599,0.105082732610219,16.212399631360242,30.95347711913293,2.1923762481798708
8.93,31.221393536675045,131.01250968380023,255.66819924319188,0.1168621270248946,-0.0001726165839539,-1.0980373887747363,0.001442425628485,1.9013986487492391,0.0,30.9398898639504,25.83350336903884,-11.350546137106194,0.0371378440459474,113.75094552501024,572.080169929056,15.288,0.1996666660009986,4.488765030605912,0.0911845088922809,2.1901759650166243e-05,-0.2891440723553924,0.0002436038629073,0.0231685856154953,0.1168622545102596,16.21924376822877,30.939862749400795,2.195678712654556
8.94,31.22139259980504,131.0125121680723,255.606231968156,0.1286042271938836,-0.0001659811365058,-1.1107052843882037,0.0014472162546212,1.897462350966426,0.0,30.926109727565063,25.80099745904145,-11.516200977171112,0.0371439067975447,113.75097953440816,571.5741123141942,15.288,0.202999999323219,4.488584101652659,0.0911438326909439,2.190478513090948e-05,-0.2891068705849706,0.0002431290402761,0.0231554256535703,0.1286043343048314,16.22618339096305,30.92608365530911,2.1986431489757052
8.95,31.221391664093986,131.01251464919514,255.54335502629297,0.1403003767656909,-0.0001592027039001,-1.1232706604861251,0.001451695868074,1.8931107437876973,0.0,30.912165761499647,25.76806775780252,-11.681838064788064,0.0371499313083968,113.75101327971404,571.0622726432368,15.288,0.2063333326454394,4.488400512180713,0.0911026727767467,2.1907559506716794e-05,-0.2890834595758885,0.0002426621432065,0.0231432516228981,0.1403004670927303,16.233218082549804,30.9121407539974,2.2012740339117793
8.96,31.221390729557267,131.01251712712806,255.47957053661955,0.1519421418033463,-0.0001522872727363,-1.1357317136148477,0.0014558618140813,1.8883482084114152,0.0,30.898058892728244,25.73471641934018,-11.847465278111944,0.0371559190804117,113.7510467604378,570.544692983624,15.288,0.2096666659676597,4.488214268378839,0.0910610318861128,2.191008799452468e-05,-0.2890737466810016,0.0002422033154097,0.0231320553494303,0.1519422181199003,16.240347400004474,30.89803497149938,2.2035760937745583
8.97,31.22138979621017,131.0125196018306,255.4148806410016,0.1635211636651188,-0.0001452408952878,-1.148086679332489,0.0014597116797694,1.8831793870211424,0.0,30.883790056988246,25.7009456153996,-12.01309043961324,0.0371618715956652,113.75107997619472,570.0214157561418,15.288,0.2129999992898801,4.488025376492232,0.0910189127813397,2.1912375706444105e-05,-0.2890776291888839,0.000241752692683,0.0231218278395758,0.163521228167119,16.24757087501047,30.883767242601763,2.205554297159835
8.98,31.221388864067908,131.01252207326252,255.34928750216605,0.1750291644044505,-0.0001380696849181,-1.1603338338807323,0.0014632432942431,1.877609176953094,0.0,30.869360198679523,25.666757535037547,-12.178721310347791,0.0371677903153158,113.75111292670503,569.4924837294674,15.288,0.2163333326121005,4.48783384284578,0.0909763182502868,2.1914427647090463e-05,-0.2890949944658616,0.0002413104028634,0.0231125592940756,0.1750292188610845,16.254888014598855,30.86933851074413,2.2072138474800695
8.99,31.22138793314562,131.01252454138375,255.28279330767737,0.1864579520873833,-0.0001307798111393,-1.1724714957771527,0.0014664547284083,1.871642724690994,0.0,30.85477027071945,25.63215438421004,-12.344365584309916,0.0371736766786825,113.75114561179346,568.9579400116382,15.288,0.2196666659343209,4.4876396738241295,0.0909332511059608,2.1916248711027103e-05,-0.2891257201047923,0.0002408765657896,0.0231042391223568,0.1864579979514783,16.26229830190841,30.854749727874754,2.2085601752698776
9.0,31.221387003458368,131.0125270061545,255.21540025999929,0.1977994260027043,-0.0001233774951141,-1.1844980273541603,0.0014693442946534,1.8652854197003004,0.0,30.840021234412934,25.597138385364048,-12.510030882872316,0.0371795321022899,113.7511780313884,568.4178280432632,15.288,0.2229999992565412,4.487442875868369,0.0908897141861227,2.1917843680324503e-05,-0.2891696740804051,0.0002404512932697,0.0230968559574938,0.197799464482604,16.269801196993193,30.84000185432132,2.209598930286915
9.01,31.221386075021112,131.01252946753513,255.14711059040664,0.2090455817589028,-0.0001158690049858,-1.1964118362306142,0.0014719105463234,1.858542888110032,0.0,30.825114059339604,25.56171177703205,-12.67572474931668,0.037185357978923,113.75121018552136,567.8721915904919,15.288,0.2263333325787616,4.487243455492632,0.0908457103529616,2.191921722223548e-05,-0.2892267149110081,0.0002400346890554,0.0230903976716799,0.2090456138708106,16.27739613767404,30.825095858678864,2.210335973407153
9.02,31.22138514784878,131.01253192548623,255.07792654706307,0.2201885162843748,-0.0001082606508742,-1.2082113767122222,0.0014741522768731,1.8514209862459048,0.0,30.810049723205207,25.52587681343249,-12.84145464345859,0.037191155676758,113.75124207432629,567.3210747374166,15.288,0.229666665900982,4.487041419264176,0.0908012424926496,2.192037388698789e-05,-0.2892966918263596,0.0002396268488239,0.023084851392211,0.2201885428992827,16.28508254045815,30.810032717661933,2.2107773683149414
9.03,31.22138422195616,131.0125343799686,255.0078504029668,0.2312204327059214,-0.0001005587804426,-1.2198951511230338,0.0014760685189722,1.843925794027552,0.0,30.79482921172498,25.48963576407157,-13.007227936370036,0.0371969265384261,113.75127369803836,566.7645218787815,15.288,0.2329999992232024,4.486836773819976,0.0907563135150063,2.192131810569568e-05,-0.289379444941512,0.0002392278601654,0.0230802035179506,0.2312204545722569,16.29285980148822,30.794813415988685,2.210929372999486
9.04,31.221383297357985,131.0125368309433,254.9368844470117,0.2421336451171771,-9.276977375728388e-05,-1.2314617110699508,0.0014776585432364,1.836063608233972,0.0,30.779453518484694,25.45299091335193,-13.1730519052032,0.0372026718803031,113.75130505699369,566.2025777133017,15.288,0.2363333325454227,4.486629525860097,0.0907109263530716,2.192205418838856e-05,-0.289474805436418,0.0002388378025779,0.0230764397363051,0.2421336628886483,16.30072729754741,30.779438946242703,2.2107984310622384
9.05,31.22138237406892,131.0125392783716,254.86503099591027,0.2529205832385809,-8.49000390498824e-05,-1.2429096586177677,0.0014789218569763,1.827840935645036,0.0,30.76392364478934,25.415944560183988,-13.33893372811846,0.0372083929915701,113.75133615162768,565.6352872346678,15.288,0.2396666658676431,4.48641968213108,0.0906650839626767,2.1922586322162016e-05,-0.2895825957410961,0.0002384567474684,0.0230735450405646,0.2529205974875215,16.308684387108745,30.76391030872239,2.210391162829538
9.06,31.221381452103515,131.01254172221496,254.79229237232903,0.2635737969394862,-7.695600774444633e-05,-1.2542376474060657,0.0014798582025479,1.819264486072064,0.0,30.74824059954325,25.37849901760285,-13.504880479319938,0.0372140911334624,113.75136698247464,565.0626957250197,15.288,0.2429999991898635,4.486207249442553,0.0906187893220829,2.1922918569447188e-05,-0.2897026297261422,0.0002380847581599,0.0230715037477497,0.2635738081743777,16.31673041140734,30.748228511321823,2.209714356299034
9.07,31.22138053147627,131.01254416243506,254.71867093470664,0.2740859606481432,-6.894412989745284e-05,-1.2654443836843927,0.0014804675556383,1.8103411652799832,0.0,30.73240539910932,25.34065661238973,-13.670899124201412,0.0372197675384676,113.75139755016625,564.4848487475922,15.288,0.2463333325120839,4.485992234663905,0.0905720454315608,2.1923054866401783e-05,-0.2898347128983686,0.0002377218899062,0.0230702995168469,0.2740859693197334,16.324864695555167,30.73239456939072,2.2087749579098914
9.08,31.221379612201574,131.01254659899388,254.64416904842813,0.2844498776362317,-6.087086938660387e-05,-1.276528627264213,0.0014807501233203,1.801078067811314,0.0,30.716419067166047,25.30241968469741,-13.83699651460587,0.0372254234097512,113.75142785543052,563.9017921384859,15.288,0.2496666658343043,4.485774644720966,0.0905248553129773,2.192299902142212e-05,-0.2899786426013701,0.0002373681899114,0.0230699153673976,0.2844498841490817,16.333086549687323,30.71640950559224,2.207580063145371
9.09,31.22137869429374,131.01254903185352,254.5687891086885,0.294658484171287,-5.27426991886097e-05,-1.287489192400189,0.0014807063418549,1.7914824697210103,0.0,30.700282634573583,25.263790587681644,-14.00317938420091,0.0372310599202499,113.75145789909082,563.3135719995104,15.288,0.2529999991565246,4.485554486602651,0.0904772220093959,2.192275471377677e-05,-0.2901342082207775,0.000237023697357,0.0230703336984889,0.2946584888911794,16.341395270130143,30.700274349769767,2.206136906983846
9.1,31.221377777767017,131.01255146097645,254.49253351862447,0.3047048535536791,-4.456609724224524e-05,-1.2983249485854187,0.0014803368745419,1.7815618212258688,0.0,30.683997139209296,25.224771687137096,-14.169454343973063,0.0372366782121394,113.7514876820643,562.7202346899965,15.288,0.256333332478745,4.485331767337716,0.0904291485845857,2.19223254923618e-05,-0.290301191394,0.0002366884434343,0.0230715363080682,0.3047048568128954,16.349790140606714,30.683990138783116,2.2044528541944883
9.11,31.221376862635537,131.01255388632512,254.415404707206,0.3145822000008454,-3.634754145772704e-05,-1.3090348212718754,0.001479642609126,1.7713237392847887,0.0,30.66756362584656,25.185365361138285,-14.335827877843448,0.0372422793960919,113.75151720536068,562.1218268192582,15.288,0.2596666658009654,4.4851064940180025,0.0903806381226749,2.1921714774577748e-05,-0.2904793662242196,0.0002363624513834,0.0230735044125747,0.3145822021005402,16.35827043344077,30.667557916388105,2.202535389499653
9.12,31.22137594891337,131.01255630786247,254.3374051202896,0.3242838824091211,-2.809350524074032e-05,-1.31961779251318,0.0014786246551806,1.7607760001102504,0.0,30.650983146006904,25.14557399968612,-14.502306338406807,0.0372478645508044,113.75154647008092,561.5183952392805,15.288,0.2629999991231857,4.484878673795109,0.0903316937277045,2.1920925845328324e-05,-0.2906684994984199,0.0002360457365378,0.0230762186669006,0.3242838836258784,16.366835410789143,30.65097873308942,2.200392107605479
9.13,31.22137503661449,131.0125587255516,254.25853721962807,0.3338034079911927,-1.981045300437136e-05,-1.3300729015168051,0.0014772843413012,1.7499265316196944,0.0,30.634256757791416,25.105400004359623,-14.66889594279681,0.0372534347222175,113.7515754774158,560.9099870359631,15.288,0.2663333324454061,4.48464831385716,0.090282318523133,2.1919961856140896e-05,-0.2908683509092265,0.000235738306375,0.0230796591845868,0.333803408578475,16.375484325897016,30.63425364597273,2.1980307031033237
9.14,31.221374125752767,131.0125611393557,254.17880348684187,0.3431344357518,-1.1504835973310951e-05,-1.3403992451300375,0.0014756232121762,1.7387834058420804,0.0,30.617385525761826,25.064845787972285,-14.835602768679244,0.0372589909231269,113.75160422864435,560.2966495222116,15.288,0.2696666657676265,4.4844154214586815,0.0902325156514875,2.191882582440808e-05,-0.2910786732803264,0.0002354401605734,0.0230838055583145,0.3431344359450425,16.3842164243358,30.617383718586417,2.1954589602725036
9.15,31.221373216342016,131.01256354923845,254.0982064194472,0.3522707798496247,-3.183087067088593e-06,-1.350595978233197,0.0014736430253282,1.7273548312769436,0.0,30.600370520766425,25.02391377423521,-15.002432750375108,0.0372645341326392,113.75163272513244,559.6784302291985,15.288,0.2729999990898469,4.4841800038940445,0.0901822882738492,2.191752063275057e-05,-0.2912992127952508,0.0002351512910738,0.0230886368805986,0.3522707798635936,16.393030945275267,30.60037002076828,2.1926847427706635
9.16,31.22137230839595,131.01256595516347,254.01674853184863,0.36120641280561,5.148382650593518e-06,-1.3606623140637828,0.0014713457479974,1.7156491452222384,0.0,30.58321281979949,24.982606397424465,-15.169391675115872,0.0372700652955687,113.75166096833108,559.055376899055,15.288,0.2763333324120673,4.483942068507416,0.0901316395694339,2.1916049028500537e-05,-0.291529709229279,0.0002348716821479,0.0230941317647274,0.3612064128424097,16.401927122738478,30.583213628505543,2.1897159832438353
9.17,31.221371401928188,131.01256835709486,253.93443235633265,0.3699354685654414,1.3483188510321717e-05,-1.370597524459162,0.0014687335536896,1.7036748060764266,0.0,30.565913505863065,24.940926102054767,-15.336485179432154,0.0372755853221641,113.75168895977484,558.4275374771086,15.288,0.2796666657342876,4.483701622706048,0.0900805727351897,2.1914413623305048e-05,-0.2917698961842549,0.0002346013104707,0.0231002683658752,0.3699354688111371,16.410904186854218,30.565915623797363,2.1865606728584925
9.18,31.221370496952268,131.0125707549968,253.85126043909304,0.3784530337121119,2.1818072713232035e-05,-1.3804005116357687,0.001465808114405,1.6914402142697609,0.0,30.54847219020945,24.898875343630475,-15.503718745687245,0.0372810950874428,113.75171670108033,557.7949061438624,15.288,0.282999999056508,4.483457136669696,0.0900290866307104,2.1912616893696112e-05,-0.2920195014963116,0.0002343401458954,0.0231070232981945,0.3784530343407982,16.41996213693993,30.54847561738429,2.183226447157201
9.19,31.221369593481644,131.01257314883378,253.76723534619407,0.386753644981803,3.0146915710958536e-05,-1.3900706266584908,0.0014625718115748,1.6789539937577966,0.0,30.53088988563823,24.85645659336652,-15.671097699146864,0.0372865954306431,113.75174419394575,557.1575283353009,15.288,0.2863333323787284,4.483208521833107,0.0899771842461093,2.1910661186063835e-05,-0.2922782484843917,0.0002340881556202,0.0231143739064192,0.3867536461565453,16.429100246015444,30.53089462110468,2.1797213123173083
9.2,31.221368691529666,131.01257553857056,253.68235965959497,0.3948311236052917,3.846021254145785e-05,-1.3996077598651406,0.0014590280965624,1.666225082700847,0.0,30.51316923506324,24.813672326016167,-15.838627204934124,0.0372920871545424,113.75177144014984,556.5155089345737,15.288,0.2896666657009487,4.482957386910557,0.0899248733756062,2.190854870572577e-05,-0.2925458539854504,0.0002338452952205,0.0231222982905838,0.3948311254783394,16.43831693562287,30.5131752763793,2.1760537760954226
9.21,31.221367791109607,131.01257792417195,253.59663597019352,0.4026802762887318,4.6751722712709495e-05,-1.4090114182445324,0.0014551799303758,1.653262345573945,0.0,30.49531134439389,24.77052502415217,-16.006312264455193,0.0372975710256293,113.75179844154816,555.8688966382506,15.288,0.2929999990231691,4.482703739593313,0.0898721572837482,2.190628152055329e-05,-0.2928220293481838,0.0002336115118733,0.0231307729908379,0.4026802790030894,16.447611432587752,30.49531868813732,2.1722319575921816
9.22,31.22136689223465,131.0125803056033,253.51006689174,0.4102960843487332,5.501525286474568e-05,-1.4182811674418547,0.0014510304613114,1.6400747293551785,0.0,30.477317324755568,24.72701717903679,-16.17415771243929,0.0373030477739015,113.75182520007104,555.2177403054975,15.288,0.2963333323453895,4.482447587616364,0.0898190392504762,2.190386156252706e-05,-0.2931064809564583,0.0002333867455978,0.0231397741968242,0.410296088036657,16.456982965997472,30.47732596653128,2.1682639814559233
9.23,31.22136599491788,131.01258268283,253.42265504990385,0.4176737059275479,6.324466089657303e-05,-1.427416631545209,0.0014465830207002,1.6266712558235257,0.0,30.459188292315783,24.683151290329263,-16.3421682141578,0.0373085180924892,113.75185171772192,554.5620889498093,15.288,0.2996666656676099,4.482188938741602,0.0897655225706049,2.1901290628043867e-05,-0.293398910476763,0.0002331709293575,0.023149277769499,0.4176737107157843,16.466430768390293,30.459198226763885,2.164157967232705
9.24,31.221365099172296,131.01258505581765,253.33440308525687,0.4248084780329124,7.143386002209769e-05,-1.43641749281058,0.0014418411185959,1.6130610138885797,0.0,30.4409253681637,24.638929865798328,-16.510348262785406,0.0373139826375392,113.75187799657532,553.9019917318448,15.288,0.3029999989898303,4.48192780079818,0.0897116105534769,2.189857037833712e-05,-0.2936990151069852,0.0002329639891695,0.0231592592630032,0.4248084840389158,16.475954076891465,30.440936588968192,2.159922018750977
9.25,31.221364205010826,131.01258742453223,253.2453136552608,0.4316959184785285,7.957682193450296e-05,-1.4452834912984942,0.0014368084394906,1.599253151941868,0.0,30.422529678105576,24.594355421040905,-16.67870217690425,0.0373194420279664,113.75190403877492,553.2374979499612,15.288,0.3063333323120506,4.481664181635429,0.0896573065223541,2.189570234000976e-05,-0.2940064878262919,0.0002327658442156,0.0231696939465244,0.4316959258124287,16.485552134366092,30.422542178003532,2.155564213526114
9.26,31.22136331244625,131.01258978893983,253.1553894292967,0.4383317276303221,8.766758133223905e-05,-1.454014424468274,0.0014314888376586,1.5852568702575884,0.0,30.40400235254229,24.549430479205988,-16.84723409815128,0.0373248968452215,113.75192984653155,552.5686570336945,15.288,0.309666665634271,4.481398089163214,0.0896026138140533,2.1892687905678048e-05,-0.2943210176458947,0.0002325764069596,0.0231805568262241,0.4383317363978809,16.49522419049945,30.40401612333376,2.1510925922472475
9.27,31.22136242149132,131.0125921490069,253.06463309264257,0.4447117900395816,9.570023911515032e-05,-1.4626101466853707,0.0014258863326461,1.5710814134314428,0.0,30.38534452628904,24.504157570724992,-17.015947989009735,0.037330347633184,113.75195542212148,551.8955185346779,15.288,0.3129999989564914,4.481129531331759,0.0895475357784197,2.1889528334725047e-05,-0.2946422898604856,0.000232395583268,0.0231918226670851,0.4447118003365486,16.5049695028743,30.385359558847448,2.1465151483203133
9.28,31.22136153215867,131.01259450470008,252.9730473395149,0.4508321759239632,0.0001036689661657,-1.4710705686733032,0.0014200051045737,1.5567360628731644,0.0,30.36655733840627,24.458539233046785,-17.18484763074447,0.0373357948981406,113.75198076788396,551.2181321185387,15.288,0.3163333322787117,4.480858516124917,0.0894920757778235,2.188622475416176e-05,-0.2949699863001144,0.0002322232725344,0.0232034660147554,0.4508321878433602,16.514787338007718,30.3665736226894,2.141839817512303
9.29,31.22136064446085,131.01259685598626,252.8806348820148,0.4566891425003137,0.0001115680065839,-1.4793956569034616,0.0014138494893887,1.542230129357342,0.0,30.347641932033657,24.412578010378933,-17.353936621482006,0.0373412391085048,113.75200588621964,550.5365475566955,15.288,0.3196666656009321,4.4805850515568055,0.0894362371866704,2.1882778159594983e-05,-0.2953037855823165,0.0002320593678086,0.0232154612173317,0.4566891561275329,16.52467697234834,30.34765945709515,2.1370744677087807
9.3,31.2213597584103,131.01259920283255,252.78739844515792,0.4622791351491501,0.000119391681317,-1.487585432937562,0.0014074239740284,1.5275729456438971,0.0,30.3285994542615,24.366276453434203,-17.523218374434904,0.0373466806950159,113.75203077958804,549.8508147194727,15.288,0.3229999989231525,4.480309145708809,0.0893800233910229,2.1879189416299423e-05,-0.2956433633642651,0.0002319037559282,0.0232277824470952,0.4622791505660037,16.534637693214883,30.328618208262945,2.1322268888168185
9.31,31.221358874019383,131.0126015452063,252.69334076985515,0.4675987884862899,0.0001271343918679,-1.4956399726854774,0.0014007331914079,1.512773859157862,0.0,30.30943105591476,24.3196371191824,-17.692696116270405,0.0373521200505428,113.75205545050602,549.1609835660803,15.288,0.3263333322453729,4.480030806675756,0.0893234377879644,2.187545926039269e-05,-0.2959883925947401,0.0002317563176552,0.0232404037220899,0.4675988057689011,16.544668799739068,30.309451026138337,2.1273047827942895
9.32,31.2213579913004,131.01260388307523,252.59846460198344,0.4726449272353597,0.0001347906226051,-1.503559405640018,0.0013937819156386,1.4978422247570111,0.0,30.29013789143,24.27266257060816,-17.862372885623813,0.0373575575301322,113.75207990154514,548.4671041381691,15.288,0.3296666655675932,4.479750042609656,0.089266483785234,2.1871588300111288e-05,-0.2963385437657159,0.0002316169278145,0.0232532989276695,0.4726449464551471,16.554769603714565,30.290159064291487,2.1223157538833908
9.33,31.22135711026547,131.0126062164071,252.5027727082844,0.4774145670018651,0.0001423549449039,-1.5113439140349398,0.0013865750568128,1.482787397571872,0.0,30.27072111865437,24.225355376473804,-18.03225153175528,0.0373629934511048,113.75210413533,547.7692265505931,15.288,0.3329999988898136,4.479466861682687,0.0892091648006313,2.1867577017185297e-05,-0.2966934851633574,0.0002314854554368,0.0232664418378585,0.4774145882253564,16.564939430443864,30.270743479716828,2.1172672990151256
9.34,31.22135623092672,131.0126085451701,252.4062678574836,0.481904914873442,0.0001498220195956,-1.5189937319685705,0.0013791176560227,1.467618725939582,0.0,30.25118189869873,24.177718111087568,-18.20233471335081,0.0373684280931351,113.75212815453575,547.0674009839202,15.288,0.336333332212034,4.479181272107392,0.0891514842615847,2.186342576831008e-05,-0.2970528831182422,0.000231361763904,0.0232798061365986,0.4819049381621774,16.575177619507677,30.251205432686533,2.112166798445103
9.35,31.221355353296108,131.0126108693326,252.30895284612765,0.4861133698794619,0.0001571866001208,-1.5265091444778478,0.0013714148802202,1.4523455444306943,0.0,30.231521395786643,24.12975335407685,-18.372624897465887,0.0373738616982587,113.75215196188618,546.3616776766444,15.288,0.3396666655342543,4.47889328215348,0.0890934456047123,2.1859134786712745e-05,-0.2974164022545854,0.0002312457110977,0.0232933654388234,0.486113395292546,16.585483525489124,30.23154608660005,2.1070215066251587
9.36,31.22135447738556,131.01261318886313,252.2108304677797,0.4900375233498518,0.000164443535619,-1.5338904865560787,0.0013634720169761,1.4369771669645215,0.0,30.211740777039832,24.081463690167418,-18.54312435861191,0.0373792944712203,113.75217556015144,545.6521069161574,15.288,0.3429999988564748,4.47860290009739,0.0890350522751752,2.1854704183811056e-05,-0.2977837057382995,0.0002311371495502,0.0233070933113484,0.4900375509411712,16.595856518681412,30.21176660777,2.1018385433188174
9.37,31.221353603206847,131.01261550373064,252.11190353587304,0.4936751590857167,0.0001715877735494,-1.541138142143356,0.0013552944692979,1.4215228800381208,0.0,30.19184121234228,24.03285170896678,-18.71383517798429,0.0373847265793533,113.75219895214596,544.9387390313302,15.288,0.3463333321786951,4.4783101342559135,0.0889763077262865,2.18501339509628e-05,-0.298154455523694,0.0002310359265987,0.0233209632935736,0.4936751889044102,16.60629598570329,30.19186816528672,2.0966248850149727
9.38,31.221352730771724,131.01261781390423,252.01217487178985,0.4970242534064706,0.0001786143621275,-1.548252543077026,0.0013468877504794,1.4059919360592363,0.0,30.171823874179417,23.98392000475385,-18.88475924283159,0.0373901581531018,113.75222214072616,544.2216243850091,15.288,0.3496666655009155,4.478014992992928,0.0889172154190325,2.1845423961302905e-05,-0.298528312598625,0.0002309418845413,0.0233349489179898,0.4970242854993887,16.616801330074836,30.17185193085781,2.0913873566402494
9.39,31.22135186009177,131.01262011935324,251.91164730982493,0.5000829750787946,0.0001855184534524,-1.5552341679925423,0.0013382574786661,1.390393546787756,0.0,30.15168993744997,23.93467117627177,-19.05589824596456,0.0373955892859177,113.75224512878845,543.5008133652033,15.288,0.3529999988231359,4.477717484699212,0.0888577788215201,2.184057397166652e-05,-0.2989049372279096,0.0002308548607954,0.0233490237304213,0.500083009489201,16.627371972756325,30.15171907862049,2.0861326235821083
9.4,31.221350991178525,131.01262242004728,251.81032369619777,0.5028496850920838,0.0001922953057602,-1.56208354120024,0.0013294093716574,1.3747368768967214,0.0,30.131440579304595,23.885107826527296,-19.22725368540426,0.0374010200348302,113.7522679192668,542.7763563773245,15.288,0.3563333321453562,4.477417617799178,0.0887980014085014,2.1835583624594785e-05,-0.2992839891948477,0.000230774688059,0.0233631613100521,0.5028497218586714,16.638007352618725,30.13147078498059,2.0808671840647857
9.41,31.2213501240434,131.01262471595624,251.70820688606727,0.5053229363093475,0.0001989402859446,-1.5688012315308753,0.0013203492415488,1.3590310376519867,0.0,30.111076978971152,23.83523256259452,-19.39882686416804,0.0374064504205545,113.75229051513088,542.0483038364707,15.288,0.3596666654675766,4.4771154007441405,0.0887378866608511,2.183045245042147e-05,-0.2996651280406568,0.000230701194473,0.0233773352892066,0.5053229754685645,16.64870692686741,30.111108228438194,2.075597361887981
9.42,31.221349258697742,131.01262700705018,251.60529974353383,0.5075014729793631,0.0002054488715894,-1.5753878511500687,0.0013110829894886,1.3432850807180232,0.0,30.090600317592035,23.78504799542255,-19.570618890192005,0.0374118804278813,113.75231291938336,541.3167061595109,15.288,0.362999998789797,4.476810842019045,0.0886774380650903,2.182517986943771e-05,-0.3000480133016618,0.0002306342037858,0.0233915193728412,0.5075015145642207,16.659470171404877,30.09063258942532,2.0703292995486158
9.43,31.22134839515279,131.01262929329954,251.5016051485943,0.5093842301201286,0.0002118166532535,-1.5818440543428522,0.0013016166003367,1.327507992091136,0.0,30.07001177805592,23.73455673964906,-19.74263067638899,0.0374173100059591,113.75233513505826,540.5816137567789,15.288,0.3663333321120174,4.476503950142467,0.0886166591129,2.181976519413196e-05,-0.300432304744078,0.0002305735355196,0.0234056873577397,0.5093842741594047,16.670296581142093,30.07004505013801,2.0650689517620098
9.44,31.221347533419696,131.0126315746749,251.39712598521848,0.5109703327763037,0.0002180393369758,-1.5881705362887943,0.0012919561372378,1.3117086861643303,0.0,30.049312544828275,23.68376141341672,-19.91486294084016,0.0374227390687918,113.75235716521848,539.8430770252411,15.288,0.3696666654342378,4.476194733666612,0.0885555533006013,2.181420763150288e-05,-0.3008176625962108,0.0002305190051377,0.0234198131514745,0.5109703792957394,16.681185670256657,30.04934679436724,2.0598220794149795
9.45,31.221346673509505,131.0126338511471,251.29186515227968,0.5122590951552167,0.0002241127458362,-1.5943680317954478,0.0012821077364093,1.2958959999255717,0.0,30.02850380377404,23.632664638195955,-20.08731620711917,0.0374281674954877,113.75237901295353,539.1011463395746,15.288,0.3729999987564581,4.47588320116723,0.0884941241286484,2.180850628544221e-05,-0.3012037477779401,0.0002304704242139,0.0234338707909738,0.512259144178483,16.692136972399023,30.02853900732184,2.0545942439407923
9.46,31.22134581543316,131.01263612268727,251.1858255585866,0.5132500196286343,0.0002300328222471,-1.6004373140322887,0.0012720776017435,1.2800786872968704,0.0,30.00758674199461,23.58126903861031,-20.25999080474678,0.0374335951308308,113.75240068137764,538.3558720451722,15.288,0.3763333320786785,4.475569361250334,0.0884323751011379,2.1802660159184844e-05,-0.3015902221273216,0.0002304276006029,0.0234478344608388,0.5132500711763303,16.703150040838437,30.007622875465835,2.049390802165363
9.47,31.221344959201527,131.01263838926687,251.07901011393827,0.5139427956231651,0.0002357956292551,-1.6063791932348126,0.0012618719996242,1.264265413611946,0.0,29.98656254765049,23.529577242267106,-20.432886869775,0.037439021785734,113.7524221736272,537.607304449775,15.288,0.3796666654008989,4.475253222542117,0.0883703097252915,2.179666815782336e-05,-0.3019767486241587,0.0002303903386112,0.0234616785112783,0.5139428497132146,16.714224448561104,29.98659958634132,2.044216901611484
9.48,31.221344104825384,131.0126406508575,250.97142175098807,0.5143372983627432,0.000241397352622,-1.61219451541413,0.0012514972535445,1.2484647502441644,0.0,29.96543240982075,23.47759187959148,-20.606004345497976,0.0374444472376142,113.75244349285884,536.8554938169428,15.288,0.3829999987231192,4.474934793719217,0.0883079315110404,2.1790529090884247e-05,-0.3023629916104164,0.0002303584391695,0.0234753774757487,0.5143373550100486,16.72535978829602,29.96547032842823,2.039077476306136
9.49,31.221343252315418,131.01264290743097,250.8630633994064,0.5144335875435053,0.0002468343026169,-1.6178841610316754,0.0012409597388221,1.232685169369816,0.0,29.94419751829412,23.425315583664528,-20.77934298328877,0.0374498712309784,113.7524646422473,536.1004903572265,15.288,0.3863333320453396,4.474614083464999,0.0882452439704034,2.1784241674962767e-05,-0.3027486170073181,0.0002303317000056,0.023488906088192,0.5144336467598803,16.73655567252536,29.94423629093571,2.033977243059158
9.5,31.22134240168217,131.01264515895943,250.7539380077419,0.5142319058476083,0.0002521029150303,-1.623449043683151,0.0012302658774746,1.216935038890362,0.0,29.922859063423456,23.37275099006579,-20.952902343559384,0.0374552934780893,113.752485624983,535.342344221064,15.288,0.38966666536756,4.474291100493096,0.0881822506170653,2.1777804536413468e-05,-0.3031332925290176,0.0002303099158178,0.0235022392999334,0.5142319676424499,16.747811733407083,29.922898663656746,2.0289206982701304
9.51,31.22134155293613,131.01264740541535,250.6440485275222,0.5137326773511957,0.0002571997530299,-1.6288901087772478,0.0012194221329035,1.2012226175042344,0.0,29.901418235967565,23.319900736719084,-21.126681796842348,0.0374607136592601,113.7525064442702,534.5811054917408,15.288,0.3929999986897804,4.473965853557496,0.0881189549659075,2.1771216214093943e-05,-0.3035166878927049,0.0002302928784495,0.0235153522962158,0.5137327417325339,16.75912762265476,29.901458636810297,2.0239121152526405
9.52,31.221340706087705,131.01264964677128,250.5333979192177,0.5129365058524376,0.0002621215078559,-1.6342083321999463,0.0012084350048859,1.1855560499249005,0.0,29.87987622689585,23.26676746374168,-21.30068052499186,0.0374661314237761,113.7525271033246,533.8168241774006,15.288,0.3963333320120007,4.473638351422276,0.088055360532423,2.176447516215786e-05,-0.3038984750250183,0.0002302803770626,0.0235282205123366,0.5129365728252658,16.77050301138632,29.879917400846026,2.0189555420713017
9.53,31.22133986114716,131.01265188300016,250.4219891562152,0.5118441730523098,0.0002668650008445,-1.6394047189819336,0.0011973110242429,1.1699433622626647,0.0,29.85823422724048,23.21335381329748,-21.47489752250203,0.0374715463902448,113.75254760537136,533.0495502034584,15.288,0.3996666653342211,4.473308602881783,0.0879914708322973,2.175757975289538e-05,-0.3042783282646639,0.0002302721983125,0.0235408196493729,0.5118442426197763,16.781937589899666,29.858276146296788,2.0140547999189073
9.54,31.221339018124706,131.01265411407516,250.30982521587435,0.5104566366463044,0.0002714271837747,-1.6444803019777947,0.0011860567479392,1.154392457559253,0.0,29.83649342793033,23.159662429453256,-21.64933159794038,0.0374769581473832,113.75256795364302,532.2793334060999,15.288,0.4029999986564415,4.472976616760627,0.0879272893809025,2.175052827961707e-05,-0.3046559245611076,0.0002302681265221,0.0235531256895649,0.5104567088084185,16.793431067408473,29.83653606361265,2.0092134820355154
9.55,31.22133817703042,131.01265633996962,250.1969090825088,0.5087750283231401,0.0002758051402816,-1.6494361405307592,0.0011746787539536,1.1389111114781645,0.0,29.81465501960981,23.10569595803841,-21.823981375494075,0.0374823662547323,113.75258815137724,531.5062235241692,15.288,0.4063333319786618,4.472642401896872,0.0878628196927692,2.17433189595788e-05,-0.3050309436692483,0.0002302679438567,0.0235651149112336,0.5087751030777835,16.804983171741746,29.81469834297993,2.0044349531495427
9.56,31.221337337874328,131.0126585606573,250.08324375434424,0.50680065163671,0.0002799960868332,-1.6542733191572667,0.0011631836362538,1.123506968160463,0.0,29.79272019249236,23.05145704650737,-21.998845296626573,0.0374877702431517,113.7526082018149,530.730270192455,15.288,0.4096666653008823,4.472305967162216,0.0877980652811569,2.1735949936944174e-05,-0.305403068339964,0.0002302714304976,0.0235767639033144,0.5068007289805423,16.816593648979076,29.79276417417483,1.999722349471768
9.57,31.221336500666343,131.01266077611203,249.9688322315915,0.5045360937884699,0.0002840007473319,-1.6589923884562523,0.0011515771800346,1.1081872746675958,0.0,29.770688750877262,22.99694834478825,-22.173921621847043,0.0374931696157872,113.75262810819792,529.9514736144664,15.288,0.4129999986231026,4.471965819094542,0.0877330255750841,2.172841928628501e-05,-0.3057719846530634,0.0002302783652738,0.0235880484931702,0.5045361737183485,16.82826303702671,29.770733361610333,1.995077970110686
9.58,31.221335665416262,131.012662986308,249.85367752638408,0.5019840562588072,0.0002878197491023,-1.6635939495488925,0.0011398650425131,1.0929590865085637,0.0,29.748560612237306,22.942172516376075,-22.34920843318695,0.0374985638479969,113.75264787376888,529.1698380731681,15.288,0.416333331945323,4.471620568321453,0.0876677003371065,2.1720725023142816e-05,-0.306137384342408,0.0002302885324928,0.0235989451081266,0.5019841387692828,16.83999183193279,29.748605822857773,1.9905038791847738
9.59,31.22133483213381,131.01266519121964,249.73778265383683,0.4991442253186714,0.0002914442568636,-1.668080215687726,0.0011280553097216,1.077830094407885,0.0,29.72633962185824,22.88713221685736,-22.52470363678855,0.0375039523875954,113.7526675017706,528.3855075271371,15.288,0.4196666652675434,4.471273096090065,0.087602100904868,2.1712865094204983e-05,-0.3064989611507596,0.0002303017101273,0.0236094335241127,0.499144310402318,16.851778349316266,29.72638540181505,1.9860036734328823
9.6,31.22133400082859,131.01266739082166,249.6211506449623,0.4960185669382794,0.0002948720182401,-1.6724523591784677,0.0011161545921175,1.0628073772343627,0.0,29.704026967050822,22.831830099142703,-22.700404963923035,0.0375093346566988,113.75268699544128,527.5985311425544,15.288,0.4229999985897637,4.470923411471839,0.0875362307830534,2.1704837382355586e-05,-0.3068564116813995,0.0002303176721775,0.0236194917129996,0.4960186545838029,16.86362240341699,29.704073285439136,1.981579587255198
9.61,31.221333171510143,131.012669585089,249.5037845267965,0.4926092069439914,0.0002981009161863,-1.6767115710586886,0.0011041694924242,1.0478978640874863,0.0,29.68162383387192,22.7762688171206,-22.876309973020607,0.0375147100526295,113.75270635801212,526.8089579465428,15.288,0.4263333319119841,4.470571523565486,0.0874700934726425,2.16966397126482e-05,-0.3072094364188633,0.0002303361915139,0.0236290980233217,0.4926092971390292,16.8755238243315,29.681670659454337,1.9772336344679855
9.62,31.221332344187896,131.01267177399677,249.3856873452561,0.4889184283631801,0.0003011289699161,-1.6808590598439608,0.0010921066008883,1.0331083311224512,0.0,29.65913140695785,22.720451025536367,-23.05241605193681,0.0375200779487755,113.75272559270552,526.0168368199381,15.288,0.4296666652342045,4.4702174414901545,0.0874036924704239,2.1688269855429502e-05,-0.3075577398928259,0.0002303570400472,0.023638231192184,0.4889185210949313,16.887482457428007,29.659178708185834,1.9729676113892411
9.63,31.22133151887117,131.01267395752052,249.2668621442685,0.4849486686841846,0.0003039543345404,-1.6848960502987476,0.0010799724908712,1.0184453985390969,0.0,29.636550869365173,22.664379379873143,-23.228720420311408,0.037525437695416,113.75274470273273,525.222216490772,15.288,0.4329999985564249,4.469861174385436,0.0873370312685216,2.167972552947858e-05,-0.3079010308372875,0.0002303799888965,0.0236468703567439,0.484948763936913,16.899498162723354,29.636598614400395,1.9687831004095806
9.64,31.221330695569225,131.0126761356359,249.14731197372336,0.480702517044332,0.0003065753014819,-1.688823782221459,0.0010677737143193,1.0039155277330036,0.0,29.61388340240295,22.6080565362352,-23.405220132017536,0.0375307886205752,113.7527636912924,524.4251455273833,15.288,0.4363333318786453,4.469502731401136,0.0872701133538991,2.1671004405159885e-05,-0.3082390223449839,0.000230404808557,0.0236549950652274,0.480702614803014,16.9115708142359,29.613931559138692,1.9646814740208993
9.65,31.22132987429117,131.01267830831887,249.02703989841416,0.476182711316668,0.0003089902988633,-1.6926435092581835,0.0010555167972988,0.9895250186155398,0.0,29.59113018549713,22.55148515123302,-23.581912077697567,0.0375361300310401,113.75278256156842,523.6256723323044,15.288,0.4396666652008656,4.469142121721129,0.0872029422079664,2.166210410758586e-05,-0.3085714320169898,0.0002304312690658,0.0236625852874977,0.4761828115645106,16.92370029929278,29.591178721579777,1.9606638992993297
9.66,31.221329055046063,131.01268047554566,248.90604898512265,0.471392135154199,0.0003111978905395,-1.6963564977307286,0.0010432082358982,0.975280007089883,0.0,29.568292396022205,22.49466788187045,-23.758792987384,0.0375414612130912,113.75280131672802,522.8238451356148,15.288,0.442999998523086,4.468779354549726,0.087135521306079,2.1653022219786928e-05,-0.3088979821074229,0.0002304591401662,0.0236696214251644,0.4713922378736367,16.935886517828035,29.56834127887254,1.956731342802565
9.67,31.221328237842865,131.01268263729278,248.7843423046029,0.4663338149629259,0.0003131967766103,-1.6999640254875867,0.0010308544918661,0.9611864626895468,0.0,29.5453712091336,22.43760738543377,-23.93585943320156,0.0375467814335617,113.7528199599201,522.0197119883547,15.288,0.4463333318453064,4.468414439098053,0.0870678541170389,2.164375628588555e-05,-0.3092183996632354,0.0002304881914703,0.0236760843212333,0.4663339201345627,16.948129381659037,29.545420405968223,1.9528845758699072
9.68,31.221327422690408,131.0126847935369,248.66192294052848,0.4610109167825131,0.00031498579317,-1.7034673807874168,0.0010184619884716,0.9472501863844452,0.0,29.522367797632626,22.38030631938211,-24.11310783214845,0.037552089940758,113.7528384942732,521.2133207567457,15.288,0.4496666651675267,4.468047384604486,0.0869999441026998,2.1634303814271246e-05,-0.3095324166590439,0.0002305181926203,0.0236819552693048,0.4610110243873082,16.96042881372214,29.52241727548532,1.9491241803120012
9.69,31.22132660959746,131.01268694425502,248.53879397060848,0.4554267431226984,0.0003165639114953,-1.7068678611980808,0.0010060371065703,0.9334768085434432,0.0,29.499283331810787,22.322767341239512,-24.290534448953213,0.0375573859653592,113.75285692289393,520.4047191157129,15.288,0.4529999984897471,4.467678200331247,0.0869317947175115,2.1624662280773857e-05,-0.3098397701269433,0.0002305489134474,0.0236872160222916,0.4554268531411458,16.972784747300842,29.499333057553724,1.9454505544449137
9.7,31.22132579857269,131.01268908942436,248.41495849441537,0.4495847297630774,0.000317930238105,-1.7101667725116747,0.0009935861805456,0.9198717870508816,0.0,29.47611897926769,22.2649931084886,-24.468135399005025,0.0375626687214602,113.75287524886495,519.5939545417008,15.288,0.4563333318119675,4.46730689553034,0.0868634094079825,2.1614829131832104e-05,-0.3101402022812884,0.0002305801241294,0.0236918488006619,0.4495848421758299,16.98519712525306,29.47616891963271,1.9418639194414933
9.71,31.221324989624623,131.0126912290225,248.2904196065505,0.4434884424041663,0.000319084014168,-1.7133654277376529,0.0009811154944524,0.9064404056036348,0.0,29.45287590483215,22.206986278465244,-24.645906651353886,0.0375679374075553,113.75289347524348,518.7810743097433,15.288,0.4596666651341879,4.466933479521895,0.0867947916124364,2.1604801787654416e-05,-0.3104334606384029,0.0002306115953458,0.023695836300328,0.4434885571902852,16.997665899164513,29.45292602643189,1.9383643260401606
9.72,31.22132418276176,131.012693363027,248.1651804085712,0.437141573412082,0.0003200246144581,-1.716465146035929,0.0009686312783713,0.8931877721304583,0.0,29.42955527032141,22.148749508254927,-24.823844031778364,0.037573191207512,113.7529116050594,517.9661254835532,15.288,0.4629999984564082,4.466557961591981,0.0867259447603164,2.159457764536916e-05,-0.3107192981312001,0.0002306430984307,0.0236991616998838,0.4371416905523609,17.010191028582124,29.42960553967029,1.9349516614339666
9.73,31.22132337799247,131.01269549141605,248.03924401098024,0.4305479383599996,0.0003207515472799,-1.7194672517648075,0.0009561397045826,0.8801188174039001,0.0,29.406158234467863,22.09028545458957,-25.001943225917405,0.0375784292917702,113.7529296413136,517.1491549127053,15.288,0.4663333317786286,4.466180351074356,0.0866568722719612,2.1584154082161715e-05,-0.3109974732186914,0.000230674405524,0.0237018086675671,0.4305480578351647,17.022772480142933,29.40620861800309,1.9316256564984826
9.74,31.22132257532503,131.01269761416788,247.9126135272585,0.423711472626486,0.000321264453255,-1.7223730735038518,0.0009436468840885,0.8672382937817334,0.0,29.38268595273341,22.03159677374542,-25.18019978246381,0.0375836508180293,113.75294758697645,516.3302092256146,15.288,0.469666665100849,4.465800657306184,0.0865875775580555,2.157352845839546e-05,-0.3112677499903706,0.0002307052897202,0.0237037613676585,0.4237115944173101,17.03541022675833,29.38273641683572,1.9283858931764668
9.75,31.22132177476761,131.0126997312609,247.7852920758571,0.4166362278919256,0.0003215631046178,-1.7251839431288118,0.000931158863113,0.8545507741152992,0.0,29.35913957718436,21.97268612144273,-25.358609116416044,0.0375888549326455,113.75296544498596,515.509334824408,15.288,0.4729999984230693,4.465418889648477,0.0865180640192641,2.1562698120713776e-05,-0.3115298982654547,0.0002307355252139,0.0237050044664583,0.4166363519822642,17.048104246759422,29.35919008819872,1.9252318120754606
9.76,31.221320976328293,131.01270184267406,247.657282783176,0.4093263686246095,0.0003216474042306,-1.727901194902023,0.0009186816197483,0.842060650801792,0.0,29.33552025633624,21.91355615274476,-25.537166512385653,0.0375940407715055,113.75298321824644,514.6865778788417,15.288,0.4763333317452898,4.465035057472464,0.086448335045777,2.155166040512065e-05,-0.3117836936869939,0.0002307648874442,0.0237055231377846,0.4093264949971938,17.0608545230556,29.335570780592345,1.922162720205679
9.77,31.22132018001508,131.01270394838625,247.52858878058404,0.4017861685065722,0.0003215173850831,-1.7305261646051355,0.0009062210605192,0.8297721349915405,0.0,29.311829135019245,21.85420952195851,-25.715867127957257,0.0375992074611492,113.75300090962683,513.8619843212638,15.288,0.4796666650675101,4.4646491701664015,0.0863783940169089,2.154041264003716e-05,-0.3120289178108231,0.0002307931532357,0.0237053030680471,0.4017862971467571,17.07366104228171,29.311879638851995,1.9191777988576229
9.78,31.221319385835848,131.01270604837674,247.39921320143733,0.3940200068321856,0.000321173208237,-1.733060188694418,0.0008937830174849,0.8176892559408045,0.0,29.288067354239327,21.79464888253561,-25.8947059970981,0.0376043541198949,113.75301852195896,513.0355998411341,15.288,0.4829999983897305,4.4642612371355925,0.0863082443006928,2.1528952149331084e-05,-0.3122653581893815,0.0002308201009372,0.0237043304608508,0.3940201377272956,17.086523793947052,29.288117804008905,1.9162761115681217
9.79,31.2213185937984,131.01270814262517,247.26915918306693,0.3860323648730166,0.0003206151624393,-1.735504603495264,0.0008813732449524,0.8058158605109181,0.0,29.26423605103751,21.734876886973904,-26.07367803361451,0.0376094798588769,113.75303605803644,512.207469880312,15.288,0.4863333317119509,4.463871267798951,0.0862378892534534,2.1517276255317644e-05,-0.3124928084503917,0.0002308455105575,0.0237025920411865,0.3860324980128572,17.099442769590883,29.264286413149456,1.9134566121610914
9.8,31.22131780391044,131.01271023111127,247.13842987373613,0.3778278222150297,0.0003198436626305,-1.7378607444067151,0.0008689974165762,0.7941556128105761,0.0,29.240336358350987,21.67489618671877,-26.25277803465197,0.0376145837832329,113.75305352061282,511.3776396269256,15.288,0.4896666650341712,4.46347927158562,0.0861673322194148,2.1505382281728047e-05,-0.3127110683704268,0.0002308691638986,0.0237000750591082,0.3778279575926044,17.11241796194122,29.24038659927603,1.910718152806665
9.81,31.22131701617954,131.01271231381511,247.00702842071232,0.3694110530542072,0.0003188592486378,-1.740129945162156,0.0008566611224893,0.7827119939837702,0.0,29.216369404888525,21.61470943206557,-26.43200068423581,0.0376196649930027,113.75307091240047,510.5461540113103,15.288,0.4929999983563916,4.463085257945176,0.0860965765303211,2.1493267556644225e-05,-0.3129199439433409,0.0002308908446864,0.0236967672930497,0.3694111906642773,17.125449364073454,29.216419491182176,1.9080594921134864
9.82,31.221316230613247,131.01271439071695,246.87495797921585,0.3607868224867381,0.0003176625838972,-1.7423135371002376,0.0008443698665399,0.7714883021322623,0.0,29.19233631498905,21.554319272061687,-26.61134055685044,0.0376247225846368,113.75308823606883,509.7130577005525,15.288,0.496333331678612,4.462689236337416,0.086025625505024,2.1480929415397123e-05,-0.3131192474436351,0.0002309103386976,0.0236926570526539,0.3607869623312583,17.138536968588483,29.192386213311043,1.9054793031807336
9.83,31.22131544721897,131.0127164617974,246.74222170645265,0.3519599827680995,0.0003162544537549,-1.7444128484747932,0.0008321290636688,0.7604876523777839,0.0,29.168238208491506,21.49372835440884,-26.790792121052743,0.0376297556517245,113.75310549424344,508.87839509381047,15.288,0.4996666650008324,4.462291216232363,0.0859544824490962,2.1468365203426e-05,-0.3133087974847431,0.0002309274338845,0.0236877331811931,0.351960124851646,17.1516807667954,29.16828788562493,1.9029761816117912
9.84,31.22131466600401,131.01271852703726,246.60882276360488,0.3429354695528676,0.000314635764394,-1.7464292037936968,0.0008199440372795,0.7497129770593581,0.0,29.144076200606328,21.43293932536554,-26.9703497431183,0.0376347632864285,113.75312268950424,508.042210317676,15.288,0.5029999983230528,4.461891207110248,0.0858831506544522,2.1455572279096968e-05,-0.3134884190722777,0.0002309419204966,0.0236819850575609,0.3429356138873632,17.16488074790753,29.144125623476626,1.9005486534532379
9.85,31.2213138869756,131.0127205864176,246.47476431881088,0.3337182980950784,0.0003128075409399,-1.7483639231918928,0.0008078200168525,0.7391670260689466,0.0,29.11985140181312,21.371954829649027,-27.150007690716272,0.0376397445804579,113.7531398243844,507.2045472219848,15.288,0.506333331645273,4.461489218488782,0.0858116333990548,2.144254801647829e-05,-0.3136579436522626,0.0002309535911992,0.0236754025978393,0.3337184446975751,17.17813689823826,29.119900537506748,1.8981951830409163
9.86,31.22131311014084,131.01272263991973,246.34004954120388,0.3243135595143221,0.000310770925846,-1.7502183218140337,0.0007957621356082,0.7288523672975163,0.0,29.09556491768178,21.310777510337584,-27.329760136611075,0.0376446986262588,113.75315690136908,506.3654493742904,15.288,0.5096666649674935,4.461085259861826,0.0857399339463712,2.1429289808070555e-05,-0.3138172091543814,0.0002309622411887,0.0236679762564451,0.3243137084102242,17.19144920045797,29.09561373346466,1.8959141806965056
9.87,31.22131233550679,131.01272468752526,246.20468160786663,0.3147264169441086,0.0003085271773073,-1.7519937092517497,0.0007837754282504,0.718771387234832,0.0,29.071217848801226,21.24941000877224,-27.50960116238713,0.0376496245181785,113.75317392289423,505.5249600563373,15.288,0.5129999982897138,4.460679340757308,0.0856680555451817,2.141579506748937e-05,-0.313966060030301,0.000230967668305,0.023659697026871,0.3147265681669124,17.204817632808457,29.07126631213691,1.8937040103113028
9.88,31.221311563080373,131.01272672921596,246.06866369687657,0.3049662498377889,0.0003060885926843,-1.7536894702253092,0.0007718619754832,0.7089252196887978,0.0,29.04680733429922,21.18785497361507,-27.6895247623962,0.0376545213534372,113.75319089134564,504.6829847786351,15.288,0.5163333316119342,4.460266981001559,0.0855959897704894,2.140206123643827e-05,-0.3141043488911512,0.0002309696774064,0.0236505533414879,0.3049664034434718,17.21824445641435,29.046855414582925,1.8915608160619222
9.89,31.22131079286841,131.01272876497396,245.9319989892929,0.2950349822605718,0.0003034476835217,-1.755308465042741,0.0007600286330586,0.6993166346954133,0.0,29.022337746679767,21.12611505873399,-27.86952484907765,0.0376593882315809,113.7532078090615,503.83968054355296,15.288,0.5196666649341546,4.459851875725887,0.0855237495128526,2.138808578803584e-05,-0.3142319366425148,0.0002309680806918,0.0236405401912015,0.2950351383093862,17.231727743785047,29.022385412130436,1.889484623027122
9.9,31.22131002487768,131.0127307947816,245.79469067114505,0.2849372506508688,0.0003006041412791,-1.7568523156713427,0.0007482805987347,0.6899476537453199,0.0,28.997810860389965,21.06419290008396,-28.0495952558987,0.0376642242566071,113.75322467832908,502.995113732137,15.288,0.5229999982563749,4.459434813652478,0.0854513400067337,2.137386621606749e-05,-0.31434868762818,0.0002309626848359,0.0236296507588161,0.2849374092155832,17.24526705680715,28.99785807917806,1.8874740750305115
9.91,31.2213092591148,131.01273281862143,245.65674193144315,0.2746784650322828,0.0002975596606697,-1.7583223046058905,0.0007366224952336,0.6808199456178184,0.0,28.973227755275065,21.002091131297146,-28.22972974025886,0.0376690285388806,113.75324150138196,502.1493264557535,15.288,0.5263333315785954,4.459015804480644,0.0853787644397067,2.1359400045376308e-05,-0.3144544727175103,0.0002309532993052,0.0236178781967084,0.2746786262050723,17.258862348386423,28.973274495837263,1.885527424313505
9.92,31.22130849558632,131.01273483647637,245.5181559661557,0.2642640883911204,0.0002943160433187,-1.759719706338819,0.0007250588372678,0.6719350025339573,0.0,28.94858950558449,20.939812383765823,-28.4099219872818,0.0376738001964571,113.75325828039864,501.30236051914767,15.288,0.5296666649008158,4.458594857913152,0.085306025982835,2.1344684834539264e-05,-0.3145491694173174,0.0002309397367147,0.0236052161938286,0.2642642522825227,17.27251356356548,28.948635736640465,1.8836429115460833
9.93,31.22130773429872,131.01273684832947,245.3789359682692,0.2536996328806476,0.0002908751951439,-1.761045786946018,0.0007135940300778,0.663294141447981,0.0,28.9238971798562,20.877359286541715,-28.590165613620897,0.0376785383561895,113.7532750175016,500.45425741655936,15.288,0.5329999982230361,4.458171983649313,0.08523312779033,2.132971817822751e-05,-0.3146326618814742,0.0002309218129203,0.0235916589741092,0.253699799629334,17.286220638908674,28.92394287042501,1.8818187720968176
9.94,31.221306975258333,131.01273885416407,245.2390851426977,0.2429906559841708,0.0002872391243673,-1.7623018037207367,0.0007022323679387,0.6548985054588351,0.0,28.89915184084801,20.814734466234125,-28.770454171269336,0.0376832421549167,113.7532917147562,499.6050583295564,15.288,0.5363333315452565,4.457747191429849,0.0851600729993479,2.1314497709507403e-05,-0.3147048409159448,0.0002308993471086,0.0235772012945485,0.242990825755914,17.299983501888352,28.89919696026416,1.8800532420598828
9.95,31.221306218471444,131.01274085396386,245.0986066844173,0.2321427567939966,0.0002834099395055,-1.7634890047792051,0.000690978032717,0.6467490653002504,0.0,28.87435454537444,20.751940546907463,-28.950781151371736,0.0376879107406295,113.75330837416983,498.7548041213046,15.288,0.5396666648674769,4.457320490971325,0.0850868647295138,2.1299021102080963e-05,-0.3147656039792782,0.0002308721618834,0.0235618384428432,0.2321429297930002,17.313802070356196,28.874399063303635,1.8783445639430858
9.96,31.221305463944223,131.0127428477126,244.9575038053004,0.2211615721886267,0.0002793898473468,-1.7646086287492353,0.0006798350925485,0.638846620961108,0.0,28.849506344251253,20.68898014997765,-29.13113998803499,0.0376925432735393,113.753324997691,497.9035353350986,15.288,0.5429999981896972,4.456891892021361,0.0850135060827543,2.128328607246429e-05,-0.3148148551786489,0.0002308400833477,0.0235455662347821,0.221161748662467,17.32767625198254,28.849550230705848,1.8766909921309463
9.97,31.22130471168276,131.01274483539444,244.81577971125645,0.2100527731041072,0.0002751811508224,-1.7656619044437392,0.0006688075006152,0.6311918033851815,0.0,28.82460828217028,20.62585589410825,-29.31152406213581,0.0376971389273351,113.7533415872082,497.05129219034814,15.288,0.5463333315119177,4.456461404331032,0.0849400001429267,2.126729038210309e-05,-0.3148525052614809,0.000230802941184,0.0235283810112303,0.2100529533542533,17.341605943767753,28.82465150752437,1.8750907980063265
9.98,31.221303961693007,131.01274681699377,244.67343761515303,0.1988220607947856,0.0002707862462854,-1.766650050565714,0.0006578990941987,0.623785076273277,0.0,28.79966139760352,20.56257039510546,-29.491926705122,0.0377016968903539,113.75335814454915,496.1981145793442,15.288,0.549666664834138,4.456029037658304,0.0848663499755414,2.1251031839423225e-05,-0.3148784716027578,0.0002307605687301,0.0235102796347907,0.1988222451928838,17.35559103156863,28.79970393260762,1.8735422747769306
9.99,31.22130321398086,131.01274879249513,244.53048073482807,0.1874751631091963,0.0002662076218946,-1.7675742754433,0.0006471135935111,0.616626737979488,0.0,28.77466672271228,20.49912626581215,-29.67234120280589,0.0377062163666506,113.75337467148006,495.34404206472095,15.288,0.5529999981563583,4.455594801774954,0.0847925586274878,2.123450830181673e-05,-0.3148926781880722,0.0002307128030514,0.0234912594861652,0.1874753521095257,17.36963138965571,28.774708538507745,1.8720437419986034
10.0,31.22130246855212,131.01275076188347,244.38691228016967,0.176017830817436,0.0002614478548507,-1.7684357767676837,0.0006364546008996,0.609716923489693,0.0,28.749625283234945,20.43552611600108,-29.85276079914651,0.0377106965770681,113.75339116970464,494.48911387583473,15.288,0.5563333314785787,4.455158706445856,0.0847186291267062,2.1217717677560592e-05,-0.3148950555924832,0.0002306594850103,0.0234713184601604,0.1760180249874607,17.383726880316384,28.74966635136795,1.870593549763314
10.01,31.22130172541249,131.01275272514388,244.24273547299384,0.1644558339075697,0.0002565096094283,-1.7692357413750517,0.0006259255999883,0.6030556065003034,0.0,28.72453809842459,20.37177255226685,-30.03317870001877,0.0377151367607185,113.7534076408634,493.63336890689726,15.288,0.5596666648007991,4.454720761463485,0.0846445644820059,2.1200657927668533e-05,-0.3148855409552777,0.0002306004593324,0.0234504549614244,0.1644560339526791,17.39787735346332,28.72457839085981,1.869190082595463
10.02,31.22130098456757,131.0127546822617,244.0979535380978,0.15279495798169,0.0002513956345031,-1.769975345017894,0.0006155299549822,0.5966426015623381,0.0,28.69940618092644,20.30786817791713,-30.213588076967167,0.0377195361756464,113.75342408653287,492.7768457132345,15.288,0.5629999981230194,4.454280976609967,0.0845703676827026,2.1183327067674742e-05,-0.3148640779506822,0.0002305355746683,0.0234286678998386,0.1527951647936722,17.41208264631274,28.699445670060367,1.867831762993502
10.03,31.22130024602285,131.01275663322255,243.9525697002805,0.1410410006084711,0.0002461087612317,-1.7706557521872703,0.0006052709100278,0.5904775663237865,0.0,28.674230536720103,20.24381559286244,-30.39398207094162,0.0377238941002309,113.75344050822508,491.9195825098553,15.288,0.5663333314452398,4.453839361691582,0.0844960416984463,2.116572316934837e-05,-0.3148306167546348,0.0002304646836532,0.023405956685671,0.1410412153309113,17.426342583060123,28.674269195393915,1.86651705468726
10.04,31.22129950978377,131.01275857801232,243.80658718136192,0.1291997677790633,0.0002406519001809,-1.77127811592228,0.0005951515888542,0.5845600038305914,0.0,28.64901216500237,20.17961739350593,-30.574353796013355,0.0377282098343534,113.75345690738646,491.0616171681224,15.288,0.5696666647674603,4.4533959265008045,0.0844215894788712,2.114784436233873e-05,-0.3147851140076795,0.0002303876429624,0.0233823212244012,0.1291999919020036,17.440656974625234,28.64904996651445,1.8652444655403795
10.05,31.221298775855622,131.01276051661716,243.66000921409383,0.117277070313637,0.0002350280394567,-1.7718435776566812,0.0005851749941838,0.5788892649227987,0.0,28.623752058142475,20.11527617263054,-30.754696343068307,0.0377324827002669,113.7534732853976,490.2029872139162,15.288,0.5729999980896806,4.452950680861168,0.0843470139534803,2.112968883575005e-05,-0.3147275327740825,0.000230304313363,0.0233577619112786,0.1172773058155575,17.455025618391836,28.62378897626058,1.8640125501605025
10.06,31.22129804424369,131.01276244902334,243.51283902526816,0.105278720396473,0.000229240242351,-1.7723532670693531,0.0005753440073716,0.5734645506777685,0.0,28.598451201560337,20.05079451928604,-30.93500278347656,0.0377367120439269,113.7534896435724,489.3437298251309,15.288,0.576333331411901,4.45250363457895,0.0842723180312635,2.111125483964565e-05,-0.3146578424972271,0.0002302145597636,0.0233322796256416,0.1052789699771194,17.469448298027228,28.5984872105334,1.8628199121751388
10.07,31.221297314953045,131.01276437521756,243.36507985360188,0.0932105280510106,0.0002232916441918,-1.7728083019560064,0.0005656613883311,0.568284914945764,0.0,28.573110573690386,19.986175018674697,-31.115266172734948,0.0377408972358146,113.75350598315764,488.4838818297072,15.288,0.5796666647341214,4.452054797491485,0.0841975046006171,2.10925406864812e-05,-0.3145760189513981,0.0002301182512594,0.0233058757249317,0.0932107955067148,17.483924783286838,28.573145648259835,1.8616652062097145
10.08,31.22129658798877,131.01276629518662,243.2167349298664,0.0810782977537073,0.0002171854506055,-1.7732097881127946,0.0005561297752155,0.5633492669246474,0.0,28.54773114586153,19.9214202520362,-31.295479554081098,0.0377450376723285,113.75352230533233,487.6234797036224,15.288,0.5829999980563417,4.4516041794154,0.0841225765289596,2.107354475246601e-05,-0.3144820441900319,0.0002300152611742,0.0232785520385221,0.0810785886438111,17.49845482990497,28.547765261272332,1.8605471395489785
10.09,31.2212958633558,131.01276820891772,243.06780748980003,0.0688878250004142,0.0002109249344821,-1.773558819230894,0.0005467516844646,0.5586563738183489,0.0,28.522313882256373,19.85653279653036,-31.47563596207723,0.0377491327766241,113.7535386112072,486.7625595688828,15.288,0.5863333313785621,4.451151790184583,0.0840475366626365,2.105426547885309e-05,-0.31437590649054,0.0002299054670998,0.0232503108612398,0.0688881479134794,17.51303817947334,28.52234701426761,1.8594644735022379
10.1,31.221295141059,131.01277011639812,242.91830077411527,0.0566448929535131,0.0002045134336307,-1.7738564768137832,0.0005375295107685,0.554204863544484,0.0,28.49685973983785,19.791515225120065,-31.65572842616121,0.037753181999688,113.75355490182416,485.9011571922479,15.288,0.5896666647007826,4.450697639646715,0.0839723878266919,2.1034701373157027e-05,-0.3142576002957517,0.000229788750931,0.0232211549467127,0.05664526214603,17.5276745593748,28.49689186473288,1.8584160244812093
10.11,31.22129442110312,131.01277201761545,242.76821801656715,0.0443552691612006,0.0001979543484843,-1.7741038300811944,0.0005284655271184,0.5499932274898731,0.0,28.471369668256976,19.72637010645193,-31.83574997416329,0.0377571848214048,113.75357117815612,485.03930798249536,15.288,0.5929999980230029,4.450241737635679,0.0838971328246024,2.101485101029988e-05,-0.3141271261521084,0.0002296649988985,0.0231910875004383,0.0443557108829008,17.542363682762847,28.471400762853325,1.857400664764957
10.12,31.22129370349281,131.0127739125576,242.6175624668149,0.0320247022495189,0.0001912511391334,-1.774301935923973,0.0005195618850974,0.5460198233370148,0.0,28.445844609822537,19.661100004736525,-32.015693635786654,0.0377611407515755,113.75358744110622,484.1770469903443,15.288,0.5963333313452231,4.449784094012962,0.0838217744381819,2.099471303368503e-05,-0.3139844906446892,0.0002295341015975,0.023160112172713,0.0320252733225988,17.55710524853909,28.445874651481223,1.856417323029791
10.13,31.22129298823268,131.01277580121263,242.46633736160047,0.0196589187632424,0.0001844073230304,-1.7744518388207466,0.0005108206150895,0.5422828779138302,0.0,28.42028549939064,19.59570747962712,-32.19555244604987,0.037765049330978,113.7536036915076,483.3144089054155,15.288,0.5996666646674436,4.449324718612448,0.0837463154272563,2.0974286156198864e-05,-0.3138297063291485,0.0002293959540137,0.0231282330512772,0.0196597836518003,17.571898941412023,28.420314466025207,1.855464984555229
10.14,31.221292275327176,131.012777683569,242.3145459446233,0.0072680819957038,0.0001774372136121,-1.7745526611314777,0.0005022407582574,0.5387792924855689,0.0,28.3946897776854,19.530195093692807,-32.375319448814984,0.0377689101320757,113.75361993012328,482.45130957291457,15.288,0.602999997989664,4.448859484895469,0.0836707482554601,2.0953569164082104e-05,-0.3136627929866281,0.0002292504587181,0.0230954519154964,0.0072702475654892,17.586746470860025,28.39471764945774,1.8545405159731179
10.15,31.221291564780728,131.01277955961515,242.16219146355985,-0.0051445813375066,0.0001703384661651,-1.7746064750353283,0.0004938253661532,0.5355075513599654,0.0,28.369060337804736,19.464565420404742,-32.554987702000766,0.0377727227581477,113.75363615764972,481.587850269349,15.288,0.6063333313118843,4.448390697086628,0.0835950814529738,2.093256092278784e-05,-0.3134837796123567,0.0002290975307696,0.0230617756607132,0.0051474005361204,17.601646340233863,28.369087094508437,1.853644173692554
10.16,31.22129085659761,131.01278142933998,242.00927716012788,-0.0175753912979671,0.0001631100188891,-1.7746151267371963,0.0004855773130104,0.5324660056353743,0.0,28.34339963324944,19.39882100653097,-32.73455028048181,0.0377764868445013,113.75365237471551,480.72411701575606,15.288,0.6096666646341047,4.44792018510643,0.0835193222545533,2.0911260360827624e-05,-0.3132926966738194,0.0002289370793857,0.0230272109269483,0.0175761481732382,17.616597290819158,28.34342525451129,1.852776060668718
10.17,31.22129015078203,131.01278329273262,241.85580628598376,-0.0300187451116582,0.0001557555834411,-1.7745796110750975,0.0004774981518181,0.5296523885082453,0.0,28.31770856894149,19.33296439242846,-32.914000277863266,0.0377802020611219,113.75366858187816,479.86014305835056,15.288,0.6129999979563252,4.447447958940256,0.0834434733317182,2.0889666478587552e-05,-0.3130895799037781,0.0002287690172785,0.0229917634767569,0.030019149180561,17.631598951095306,28.31773303497133,1.8519353867509576
10.18,31.221289447338087,131.01278514978236,241.7017820848356,-0.0424690774728312,0.0001482789160151,-1.774500910330184,0.0004695893170478,0.5270643174092893,0.0,28.29198804210077,19.266998113266947,-33.09333080966685,0.0377838681135909,113.7536847796236,478.9959612772967,15.288,0.6163333312785455,4.446974028590955,0.0833675373332726,2.086777834983871e-05,-0.3128744706179017,0.0002285932616231,0.0229554394704646,0.0424693363261267,17.646650935975014,28.29201133369843,1.851121415780958
10.19,31.221288746269824,131.01278700047877,241.5472078053632,-0.0549208634140834,0.0001406838144949,-1.774379994210709,0.0004618521254372,0.5246992970925732,0.0,28.26623894217277,19.20092469890122,-33.272535016507845,0.0377874847440691,113.75370096836632,478.1316041856989,15.288,0.6196666646007659,4.446498404050904,0.0832915168850802,2.0845595122310733e-05,-0.3126474156302109,0.0002284097340651,0.0229182454578229,0.0549210435972838,17.661752847032172,28.266261040734676,1.8503334644144611
10.2,31.221288047581165,131.01278884481164,241.3920866982363,-0.0673686211774365,0.0001329741165232,-1.774217819849009,0.000454287776595,0.5225547227679279,0.0,28.24046215080218,19.13474667374184,-33.4516060672231,0.0377910517322143,113.75371714844869,477.2671039291645,15.288,0.6229999979229863,4.44602109532645,0.0832154145899951,2.0823116018195712e-05,-0.3124084671661395,0.0002282183607251,0.0228801883695124,0.0673687524122335,17.676904272733708,28.24048303832756,1.8495709007589356
10.21,31.221287351275947,131.01279068277108,241.2364220121392,-0.0798069149736706,0.0001251536961541,-1.774015331792259,0.0004468973540453,0.5206278832453523,0.0,28.21465854176885,19.0684665566257,-33.630537161948695,0.0377945688958556,113.75373332014128,476.40249228479786,15.288,0.6263333312452066,4.445542112413458,0.0831392330276675,2.0800340334582897e-05,-0.3121576827732625,0.0002280190721999,0.0228412755085113,0.0798070131060979,17.69210478871909,28.214678200865468,1.8488331428129958
10.22,31.221286657357915,131.01279251434735,241.080216997746,-0.0922303577406411,0.0001172264618825,-1.7737734620110257,0.0004396818259857,0.5189159641179496,0.0,28.18882898096893,19.00208686068475,-33.80932153514564,0.0377980360920294,113.7537494836426,475.53780066111807,15.288,0.629666664567427,4.445061465325269,0.0830629747544962,2.0777267443825096e-05,-0.3118951252298093,0.0002278118035611,0.0228015145413453,0.0922304322364946,17.70735395808353,28.188847394858502,1.848119656751464
10.23,31.221285965830727,131.01279433953104,240.9234749037467,-0.104633613771911,0.00010919635395,-1.7734931298963454,0.0004326420462907,0.5174160509468656,0.0,28.16297432634665,18.93561009321426,-33.98795245857317,0.0378014532176638,113.75376563907884,474.6730600971615,15.288,0.6329999978896474,4.444579164057745,0.0829866423034174,2.075389679383728e-05,-0.3116208624510502,0.000227596494351,0.0227609134892182,0.1046336707498845,17.72265133171408,28.162991478869817,1.8474299550310764
10.24,31.221285276697955,131.0127961583129,240.76619898380216,-0.1170114013579152,0.0001010673416582,-1.7731752422787364,0.0004257787555919,0.5161251324832302,0.0,28.137095427883388,18.86903875553971,-34.16642324420701,0.0378048202105675,113.75378178650408,473.80830126280847,15.288,0.6363333312118677,4.4440952186207365,0.0829102381838779,2.073022790832804e-05,-0.3113349673936648,0.0002273730885754,0.0227194807190462,0.1170114450039346,17.7379964486188,28.13711130350429,1.8467635943722294
10.25,31.221284589963048,131.01279797068395,240.60839248461863,-0.1293584953073968,9.284342091531984e-05,-1.7728206934281712,0.0004190925823357,0.5150401038901611,0.0,28.111193127545715,18.802375342883145,-34.344727247103265,0.0378081370500498,113.75379792590005,472.94355445790137,15.288,0.639666664534088,4.443609639017094,0.0828337648816847,2.0706260386965263e-05,-0.3110375179581678,0.0002271415346938,0.0226772249343643,0.1293585286238001,17.7533888363034,28.11120771135617,1.8461201735805073
10.26,31.22128390562943,131.0127997766355,240.4500586588688,-0.1416697294502302,8.452861208064211e-05,-1.772430365081345,0.0004125840438362,0.514157769989058,0.0,28.085268259267423,18.73562234422856,-34.52285786820505,0.0378114037576336,113.75381405717634,472.0788496129375,15.288,0.6429999978563085,4.44312243526016,0.0827572248589452,2.068199390547624e-05,-0.3107285968895006,0.0002269017856071,0.0226341551661874,0.1416697546663282,17.768828011151616,28.08528153699076,1.845499331272733
10.27,31.221283223700365,131.01280157615895,240.29120075724023,-0.153939999023973,7.612695682640218e-05,-1.772005126442728,0.0004062535476409,0.513474848501351,0.0,28.05932164889689,18.6687822421866,-34.70080855709255,0.0378146203980076,113.75383018017028,471.21421628820497,15.288,0.6463333311785288,4.442633617345798,0.0826806205539142,2.065742821568365e-05,-0.3104082916758943,0.0002266537986423,0.0225902807637402,0.153940017845117,17.784313478846776,28.059333606891308,1.8449007434614846
10.28,31.22128254417907,131.01280336924617,240.13182203340443,-0.1661642630680323,6.764251600209255e-05,-1.771545834212628,0.0004001013927213,0.5129879733173404,0.0,28.033354114197984,18.601857512857773,-34.87857281467403,0.0378177870795824,113.75384629464703,470.34968367452046,15.288,0.6496666645007492,4.442143195287349,0.0826039543810035,2.0632563145478127e-05,-0.3100766944460759,0.0002263975355348,0.0225456113851432,0.1661642768359253,17.79984473478369,28.03336473945955,1.8443241210713133
10.29,31.22128186706865,131.01280515588908,239.9719257330846,-0.1783375466868129,5.9079367364011113e-05,-1.7710533326023508,0.0003941277706876,0.5126936977522814,0.0,28.00736646480468,18.53485062569581,-35.05614419581802,0.0378209039552297,113.75386240029972,469.48528059320864,15.288,0.6529999978229696,4.441651179091163,0.0825272287306381,2.0607398598728647e-05,-0.3097339018649286,0.0002261329624081,0.0225001569880307,0.1783375564721926,17.815421264526844,28.007375744970005,1.843769207350394
10.3,31.221281192372142,131.01280693607987,239.81151510697745,-0.1904549432656271,5.044160247515452e-05,-1.7705284533484331,0.0003883327673421,0.5125884978100553,0.0,27.98135950219264,18.46776404336988,-35.233516311924845,0.03782397122291,113.75387849674956,468.6210354960952,15.288,0.6563333311451899,4.441157578749608,0.082450445969175,2.0581934555131536e-05,-0.3093800150276867,0.0002258600497512,0.0224539278200942,0.1904549499452479,17.831042544276265,27.981367425541027,1.8432357752078006
10.31,31.22128052009249,131.012808709811,239.65059340578208,-0.2025116166708654,4.1733325040535125e-05,-1.7699720157445615,0.0003827163638622,0.5126687754600631,0.0,27.95533401968685,18.400600221626053,-35.41068283343784,0.0378269891263407,113.753894583546,467.75697646656783,15.288,0.6596666644674104,4.4406624042760265,0.0823736084389309,2.0556171069999703e-05,-0.3090151393527927,0.0002255787723933,0.0224069344095968,0.2025116209699441,17.84670804133079,27.955340575142216,1.8427236245086789
10.32,31.221279850232527,131.0128104770752,239.48916387622344,-0.2145028032840946,3.2958648036164584e-05,-1.76938482664373,0.0003772784383973,0.5129308618861668,0.0,27.929290802403205,18.33336160914793,-35.58763749229205,0.0378299579555929,113.7539106601668,466.8931312190096,15.288,0.6629999977896308,4.4401656656557975,0.0822967184580039,2.0530108273992587e-05,-0.3086393844734544,0.0002252891094763,0.0223591875558148,0.2145028058162618,17.862417214604324,27.92929597953553,1.8422325792829113
10.33,31.221279182795023,131.01281223786535,239.32722976900808,-0.226423814103241,2.4121691553009487e-05,-1.768767680505185,0.0003720187674745,0.5133710207668396,0.0,27.90323062728377,18.26605064741753,-35.76437408430131,0.0378328780477094,113.75392672601842,466.0295271008615,15.288,0.6663333311118511,4.439667372909251,0.0822197783203815,2.050374637278876e-05,-0.3082528641280362,0.0002249910444248,0.0223106983194938,0.2264238153875196,17.87816951510278,27.903234416310216,1.8417624849477314
10.34,31.22127851778263,131.01281399217467,239.1647943318609,-0.2382700366088255,1.522658021806341e-05,-1.768121359377554,0.0003669370276003,0.5139854515038954,0.0,27.87715426302016,18.198669770574696,-35.94088647148152,0.0378357497872078,113.75394278043616,465.16619109116107,15.288,0.6696666644340715,4.439167536014779,0.0821427902957151,2.047708564670189e-05,-0.3078556960493661,0.0002246845649142,0.0222614780131949,0.2382700370950082,17.893964386479045,27.877156654805788,1.8413132054290966
10.35,31.22127785519796,131.01281573999648,239.00186080754327,-0.2500369367342178,6.277440788718573e-06,-1.767446632955061,0.0003620327968636,0.514770292488779,0.0,27.851062470095915,18.13122140527667,-36.117168584310754,0.0378385736067633,113.75395882268433,464.30314980333145,15.288,0.6729999977562919,4.438666164975232,0.0820657566294397,2.045012645024151e-05,-0.3074480018530407,0.0002243696628363,0.022211538191726,0.2500369368135886,17.909801265530884,27.85106345615401,1.8408846203499316
10.36,31.221277195043488,131.01281748132445,238.8384324447812,-0.2617200606381919,-2.721599696877819e-06,-1.766744258571958,0.0003573055564037,0.5157216243229868,0.0,27.8249560007426,18.06370797055668,-36.29321442392483,0.0378413499874818,113.7539748519568,463.4404294845812,15.288,0.6763333310785122,4.438163269775993,0.0819886795426496,2.0422869211620268e-05,-0.3070299069248371,0.0002240463342625,0.0221608906424656,0.2617200606522313,17.925679582760065,27.82495557323472,1.8404766221439972
10.37,31.22127653732164,131.0128192161524,238.67451248733488,-0.2733131651008862,-1.1762194114794477e-05,-1.766014238660282,0.0003527535621531,0.516834965639109,0.0,27.79883435824356,17.996131878593264,-36.469018064249845,0.0378440794595416,113.753990867377,462.57801472644,15.288,0.6796666644007326,4.437657322046408,0.0819115575762797,2.039531443245461e-05,-0.3066015404395189,0.0002237145796994,0.0221095463984953,0.2733131653546339,17.941599488831336,27.79883251064243,1.8400882580172915
10.38,31.22127588203472,131.01282094447447,238.5101041779758,-0.2848077359903513,-2.083074255083769e-05,-1.7652556349993782,0.0003483733071366,0.5181050215022219,0.0,27.772695522654967,17.92849555892332,-36.644573655136405,0.0378467626014832,113.75400686800054,461.715839536709,15.288,0.682999997722953,4.437144873220199,0.0818343847829631,2.0367462696255394e-05,-0.3061630400072833,0.0002233744146044,0.0220575158610186,0.2848077367520569,17.95756201534881,27.77269225056958,1.8397174760182164
10.39,31.22127522918496,131.01282266628496,238.34521075649448,-0.2962056164726594,-2.9936808662156768e-05,-1.7644715691801505,0.0003441674876322,0.5195292795466592,0.0,27.7465442560508,17.860801417905257,-36.81987542616824,0.0378494000383043,113.75402285281903,460.8540634649669,15.288,0.6863333310451732,4.436630910878072,0.081757175199063,2.0339314654497952e-05,-0.3057145442157624,0.0002230258529824,0.0220048148551993,0.2962056179851108,17.973564216496833,27.74653955358789,1.8393669316377832
10.4,31.22127457877449,131.01282438157844,238.1798354656688,-0.3075026955459513,-3.90762987681706e-05,-1.7636627496440804,0.0003401352182909,0.5211036221527116,0.0,27.720381277894127,17.793051842757183,-36.994917686203706,0.0378519924447128,113.75403882075604,459.9927113100912,15.288,0.6896666643673937,4.436115445130853,0.0816799309490084,2.03108710251989e-05,-0.3052561924109894,0.0002226689071657,0.0219514560027501,0.3075026980295661,17.98960550301614,27.72037513980347,1.839036539929199
10.41,31.22127393080542,131.01282609034968,238.01398154231555,-0.3186949505167763,-4.824513066550776e-05,-1.7628298725619445,0.000336275525815,0.5228238899761313,0.0,27.694207299368124,17.7252492123556,-37.16969482476878,0.0378545405461193,113.75405477066604,459.1318075098319,15.288,0.6929999976896141,4.43559848606459,0.0816026541327995,2.028213259681155e-05,-0.3047881271304431,0.0002223035934437,0.0218974521094167,0.3186949541681796,18.005685282169278,27.69419972104072,1.8387262146953158
10.42,31.221273285279675,131.01282779259367,237.84765222325544,-0.3297784484599473,-5.74392348931683e-05,-1.761973621856115,0.0003325873505154,0.5246858850889474,0.0,27.66802302341241,17.65739589709171,-37.34420131385538,0.0378570451187738,113.7540707013356,458.2713761425436,15.288,0.6963333310118344,4.435080043783032,0.0815253468261288,2.025310022743847e-05,-0.3043104939868551,0.000221929932015,0.0218428161554018,0.3297784534621454,18.021802958291488,27.66801400087849,1.8384358658225404
10.43,31.22127264219915,131.01282948830567,237.68085074531297,-0.3407493475119008,-6.665455752119561e-05,-1.7610946692141822,0.0003290695483349,0.5266853740689758,0.0,27.641829144697752,17.58949425872966,-37.5184317096536,0.037859506990282,113.75408661148316,457.4114409285369,15.288,0.6996666643340548,4.434560128368684,0.0814480110802855,2.0223774844000217e-05,-0.3038234415517404,0.0002215479469371,0.0217875612858524,0.3407493540308939,18.03795793337772,27.64181867462434,1.8381653966603644
10.44,31.22127200156568,131.0128311774812,237.5135803413407,-0.3516038981687463,-7.588706219743777e-05,-1.760193674097034,0.000325720892689,0.5288180910840586,0.0,27.615626349650128,17.521546650263787,-37.69238065421688,0.0378619270398261,113.75410249976004,456.5520252312624,15.288,0.7029999976562752,4.434038749904051,0.0813706489222436,2.019415744136195e-05,-0.3033271212386753,0.0002211576660754,0.0217317008013361,0.3516039063581236,18.054149607642486,27.615614429338272,1.8379147014709643
10.45,31.22127136338093,131.01283286011588,237.3458442402198,-0.3623384444803334,-8.51327322385523e-05,-1.7592712837536912,0.0003225400763505,0.5310797409390134,0.0,27.58941531645423,17.453555415775806,-37.86604287706012,0.0378643061983499,113.75411836475068,455.6931520589719,15.288,0.7063333309784955,4.433515918464564,0.0812932623546646,2.016424908141896e-05,-0.3028216871864498,0.0002207591210501,0.0216752481484009,0.3623384544818204,18.07037738009148,27.58940194383592,1.837683662959518
10.46,31.22127072764656,131.01283453620565,237.17764567679768,-0.3729494251863112,-9.43875720597802e-05,-1.7583281332333855,0.0003195257132085,0.5334660020966845,0.0,27.56319671506425,17.385522890292496,-38.03941319669102,0.0378666454489106,113.75413420497318,454.83484406633056,15.288,0.709666664300716,4.432991644118563,0.0812158533559287,2.013405089214321e-05,-0.3023072961421494,0.0002203523471811,0.0216182169101754,0.3729494371305641,18.08664064908786,27.563181888699106,1.837472149886823
10.47,31.22127009436414,131.01283620574665,237.00898786903105,-0.3834333747738789,-0.0001036476097488,-1.757364845389089,0.0003166763403229,0.5359725296657363,0.0,27.536971207211767,17.317451399643556,-38.21248652207445,0.0378689458267707,113.75415001888013,453.9771235556802,15.288,0.7129999976229364,4.432465936920235,0.0811384238801622,2.0103564066592124e-05,-0.3017841073442367,0.0002199373834324,0.0215606207970091,0.3834333887832845,18.102938812917117,27.5369549262833,1.8372800147635664
10.48,31.221269463535087,131.01283786873526,236.83987405276824,-0.3937869245177332,-0.0001129088989281,-1.756382030901084,0.0003139904198531,0.5385949583703113,0.0,27.510739446445605,17.24934326031941,-38.38525785402977,0.0378712084196531,113.7541658048588,453.1200124794672,15.288,0.7163333309451567,4.431938806941468,0.0810609758573573,2.0072789861881152e-05,-0.3012522824057238,0.0002195142723542,0.0215024736372038,0.3937869407050117,18.119271270329648,27.510721710757235,1.8371070916645327
10.49,31.221268835160817,131.01283952516803,236.6703074419983,-0.4040068033450804,-0.0001221675204213,-1.7553802882721787,0.0003114663409494,0.5413289054574862,0.0,27.48450207810673,17.181200779329732,-38.557722286561166,0.0378734343678552,113.75418156123212,452.26353244122566,15.288,0.7196666642673771,4.431410264218744,0.0809835111932854,2.00417295981218e-05,-0.3007119851974954,0.0002190830600243,0.0214437893677912,0.404006821815546,18.13563742111749,27.484482888077498,1.8369531941096373
10.5,31.22126820924261,131.01284117504184,236.5002912586633,-0.4140898387502302,-0.0001314195840133,-1.75436020384372,0.0003091024216695,0.5441699736014005,0.0,27.45825973937748,17.113026254062067,-38.72987500812137,0.0378756248643621,113.754197286259,451.4077046977668,15.288,0.7229999975895975,4.430880318792086,0.0809060317696562,2.001038465732672e-05,-0.3001633817318766,0.0002186437959873,0.0213845820253821,0.41408985960362,18.1520366666414,27.45823909603749,1.8368181130814873
10.51,31.221267585781664,131.01284281835365,236.32982871974224,-0.4240329575740445,-0.0001406612308516,-1.75332235180574,0.0003068969111292,0.5471137537532552,0.0,27.43201305929108,17.04482197214096,-38.9017113028086,0.037877781154849,113.7542129781354,450.5525501611124,15.288,0.7263333309118178,4.430348980690899,0.0808285394441374,1.9978756482283235e-05,-0.2996066400464941,0.0002181965331937,0.0213248657371092,0.4240329809032435,18.1684684103743,27.431990964276604,1.836701615144197
10.52,31.22126696477913,131.01284445510075,236.1589230402288,-0.4338331867550216,-0.0001498886346007,-1.7522672942076154,0.0003048479913216,0.5501558279646568,0.0,27.40576265876476,16.97659021128765,-39.07322655149717,0.0378799045379522,113.75422863499446,449.6980894005042,15.288,0.7296666642340383,4.429816259948125,0.0807510360504588,1.9946846575396887e-05,-0.2990419300885026,0.0002177413279367,0.0212646547116347,0.4338332126475184,18.184932058424145,27.405739114313096,1.8366034406821339
10.53,31.22126634623605,131.0128460852806,235.98757742915828,-0.4434876539396448,-0.0001590980034904,-1.751195580955332,0.000302953779187,0.55329177215221,0.0,27.379509150590422,16.908333239180134,-39.24441623290171,0.0378819963650594,113.75424425490772,448.8443426437684,15.288,0.7329999975562586,4.429282166557767,0.0806735233983754,1.991465649750688e-05,-0.2984694235992609,0.0002172782397886,0.0212039632302469,0.4434876824764865,18.20142702007254,27.379484159534474,1.8365233022398075
10.54,31.221265730153387,131.01284770889086,235.81579509755767,-0.4529935881608794,-0.0001682855819939,-1.7501077498406037,0.0003012123286157,0.5565171588588986,0.0,27.353253139507466,16.84005331331391,-39.415275924575695,0.0378840580404239,113.75425983588546,447.99132978038193,15.288,0.736333330878479,4.428746710535068,0.0805960032738936,1.988218786667477e-05,-0.2978892939995138,0.0002168073315358,0.0211428056380624,0.4529936194198438,18.21795270825631,27.35322670527006,1.836460883026205
10.55,31.22126511653203,131.0128493259295,235.64357924850765,-0.4623483203196401,-0.0001774476526912,-1.749004326540576,0.0002996216325171,0.5598275599396084,0.0,27.326995222196945,16.771752680863862,-39.585801303844015,0.0378860910211552,113.75427537587773,447.1390703630023,15.288,0.7396666642006993,4.428209901874026,0.0805184774392439,1.98494423569476e-05,-0.2973017162751255,0.0002163286691125,0.0210811963353097,0.4623483543710996,18.234508540084654,27.32696734878484,1.8364158355064117
10.56,31.221264505372783,131.01285093639453,235.47093308509213,-0.471549283669451,-0.000186580537105,-1.747885824627457,0.0002981796246164,0.5632185492230459,0.0,27.300735987318447,16.703433578545912,-39.7559881486705,0.0378880968169683,113.754290872775,446.28758360955305,15.288,0.7429999975229197,4.427671750558025,0.0804409476329967,1.9816421697097785e-05,-0.2967068668634668,0.0002158423215345,0.0210191497687051,0.4715493205809639,18.251093937321475,27.30070667931621,1.8363877801362125
10.57,31.22126389667635,131.01285254028437,235.2978598034436,-0.4805940142187247,-0.0001956805983522,-1.7467527455844332,0.0002968841817842,0.5666857051263152,0.0,27.274476015538568,16.635098232480463,-39.92583233846042,0.0378900769904344,113.75430632440884,445.4368884056272,15.288,0.7463333308451401,4.427132266556284,0.0803634155701415,1.978312766934068e-05,-0.2961049235404853,0.0002153483608306,0.0209566804229523,0.4805940540546317,18.26770832685885,27.274445278102057,1.836376304231102
10.58,31.221263290443385,131.01285413759754,235.12436260267924,-0.4894801510952913,-0.00020474424196,-1.7456055788225706,0.000295733125832,0.5702246132329195,0.0,27.24821587957361,16.566748858056258,-40.09532985479835,0.0378920331564669,113.75432172855292,444.58700330690885,15.288,0.7496666641673604,4.426591459838023,0.0802858829422169,1.9749562108031664e-05,-0.2954960653085412,0.0002148468619746,0.020893802812337,0.4894801939155252,18.28435114117206,27.24818371842329,1.8363809609694814
10.59,31.22126268667446,131.01285572833282,234.9504446709892,-0.4981993268876115,-0.0002137548242674,-1.74444255232841,0.0002947206009017,0.5738291476006127,0.0,27.2219526566262,16.49838766872178,-40.26447678226069,0.0378939669824622,113.75433708292395,443.737832840943,15.288,0.7529999974895809,4.426044793754359,0.0802083411413463,1.971572690091509e-05,-0.2948804738688247,0.0002143379061475,0.0208305289155788,0.498199372743429,18.30102385814577,27.22191908009692,1.8363985939523955
10.6,31.221262085370032,131.01285731248916,234.77610919557364,-0.5067521544946036,-0.0002227148401022,-1.7432651584943708,0.0002938456117934,0.5774955102477016,0.0,27.19568854361044,16.430016889746696,-40.4332693114649,0.0378958801845445,113.75435238518716,442.8894486497342,15.288,0.7563333308118013,4.425494351651183,0.0801307966446952,1.968162399363028e-05,-0.2942583368826076,0.0002138215877259,0.0207668750116293,0.5067522034343188,18.317724964056893,27.19565355964517,1.8364298417096963
10.61,31.22126148653051,131.01285889006576,234.6013593626436,-0.515139885297159,-0.0002316279209208,-1.7420750660792088,0.0002931077109114,0.5812202133769138,0.0,27.169425984197805,16.36163870604126,-40.601703739309976,0.0378977745282661,113.75436763295676,442.0419301345906,15.288,0.7596666641340216,4.424942599938562,0.080053256656419,1.964725537094698e-05,-0.2936298370830737,0.0002132979915211,0.0207028571559169,0.5151399373704141,18.334452803156417,27.16938960016907,1.8364755806176447
10.62,31.221260890156216,131.012860461062,234.4261983514569,-0.523360578787302,-0.0002404906688309,-1.740872716610692,0.000292504525402,0.5849988976224824,0.0,27.14316551973755,16.29325528874511,-40.76977646726937,0.0378996518306365,113.7543828237924,441.19529455409696,15.288,0.762999997456242,4.42438954867505,0.0799757227755202,1.9612623063212573e-05,-0.292995157274614,0.0002127672035013,0.0206384898976965,0.5233606340397206,18.35120683477077,27.143127743551627,1.836535219160773
10.63,31.221260296247408,131.0128620254775,234.25062933829565,-0.5314123983146568,-0.0002492997353876,-1.7396585396205304,0.0002920336377242,0.5888272230832259,0.0,27.11690768377765,16.224868797592382,-40.9374840017342,0.0379015139601152,113.75439795520028,440.349558847758,15.288,0.7663333307784624,4.423835207883342,0.0798981965779924,1.957772914609532e-05,-0.2923544809348571,0.0002122293122148,0.0205737877750748,0.5314124567894786,18.367986525922493,27.11686852386679,1.8366081286987122
10.64,31.221259704804226,131.01286358331205,234.074655494476,-0.5392936111114327,-0.0002580518230156,-1.7384329526988465,0.000291692587699,0.5927008716290002,0.0,27.09065300213337,16.156481380781894,-41.104822954371386,0.0379033628363587,113.75441302463364,439.5047396399722,15.288,0.7696666641006827,4.423279587586133,0.079820679617011,1.954257573918916e-05,-0.2917079921082611,0.0002116844087176,0.0205087653073728,0.539293672848345,18.38479135168108,27.0906124674478,1.836693643301346
10.65,31.22125911582677,131.01286513456574,233.8982799853568,-0.547002588173215,-0.0002667436863867,-1.7371963614974206,0.0002914788745276,0.5966155491345195,0.0,27.06440199290797,16.088095174849446,-41.27179004242152,0.037905200429759,113.75442802949404,438.6608532413348,15.288,0.7729999974229032,4.422722697777431,0.079743173423007,1.950716500460848e-05,-0.2910558753008296,0.0002111325865003,0.0204434369875295,0.5470026532096609,18.40162079552585,27.06436009290769,1.8367910596550974
10.66,31.221258529315048,131.01286667923867,233.7215059802751,-0.554537804183404,-0.0002753721334738,-1.7359491597911596,0.0002913899587718,0.6005669876923035,0.0,27.03815516657156,16.019712304540075,-41.438382088936,0.0379070287612143,113.75444296713216,437.8179156527344,15.288,0.7763333307451235,4.422164548469173,0.079665679503892,1.9471499145573703e-05,-0.2903983153760151,0.0002105739414149,0.0203778172747225,0.5545378725530044,18.41847434965869,27.038111911217985,1.8368996371586415
10.67,31.221257945268995,131.01286821733137,233.54433663167984,-0.5618978372208054,-0.0002839340265951,-1.7346917294829851,0.0002914232642971,0.6045509477316864,0.0,27.011913025951923,15.951334882683144,-41.604596022955576,0.0379088499017952,113.7544578348487,436.97594256650063,15.288,0.7796666640673438,4.421605149619508,0.0795881993450265,1.9435580404989924e-05,-0.2897354974518376,0.0002100085716013,0.0203119205870523,0.5618979089566654,18.435351515350707,27.01186842569932,1.837018598073375
10.68,31.221257363688448,131.01286974884437,233.3667750959981,-0.5690813685976732,-0.0002924262839733,-1.7334244406605648,0.000291576180386,0.6085632201386378,0.0,26.985676066329777,15.882965010067853,-41.77042887962994,0.0379106659722868,113.75447262989547,436.13494937000576,15.288,0.7829999973895642,4.42104451119734,0.0795107344095147,1.939941106401921e-05,-0.2890676067992832,0.000209436577413,0.0202457612943987,0.5690814437271902,18.452251803210988,26.985630132116505,1.837147127859271
10.69,31.22125678457322,131.0128712737786,233.18882452270503,-0.5760871825158245,-0.0003008458800458,-1.732147651634265,0.0002918460634728,0.612599628290971,0.0,26.95944477546409,15.814604775320626,-41.93587780027912,0.0379124791426622,113.75448734947643,435.2949511481624,15.288,0.7863333307117846,4.420482643153648,0.0794332861382696,1.936299344064848e-05,-0.2883948287419931,0.0002088580613427,0.0201793537114154,0.5760872610679052,18.4691747334794,26.95939751870376,1.8372843755985244
10.7,31.221256207922988,131.01287279213503,233.010488054324,-0.5829141657028746,-0.0003091898474338,-1.7308617089857548,0.000292230239389,0.6166560300510889,0.0,26.93321963363866,15.746256254784242,-42.1009400323985,0.0379142916319816,113.75450199074837,434.45596268629606,15.288,0.7896666640340049,4.41991955541789,0.0793558559501458,1.932632988825372e-05,-0.2877173485573274,0.0002082731279483,0.0201127120906694,0.5829142477004917,18.48611983628776,26.933171066211,1.837429454545118
10.71,31.22125563373739,131.01287430391494,232.83176883437656,-0.5895613070060443,-0.000317455277237,-1.7295669476060924,0.0002927260050832,0.6207283197107673,0.0,26.9070011137142,15.67792151239827,-42.26561292960681,0.0379161057074274,113.75451655082227,433.6179984723452,15.288,0.7929999973562253,4.419355257901598,0.079278445242108,1.9289422794162423e-05,-0.2870353513788039,0.0002076818837776,0.0200458506158849,0.5895613924721291,18.503086651901825,26.90695124795586,1.837581442774965
10.72,31.22125506201598,131.0128758091197,232.6526699924767,-0.5960276969498005,-0.0003256393198906,-1.7282636907723363,0.0002933306305634,0.6248124298893701,0.0,26.880789681189967,15.609602599581205,-42.42989395153894,0.0379179236842404,113.75453102676433,432.7810727007324,15.288,0.7963333306784458,4.418789760512718,0.0792010553893969,1.925227457821505e-05,-0.2863490220999593,0.0002070844372941,0.0199787833954032,0.5960277859028573,18.520074730939104,26.88073852988521,1.8377393839794411
10.73,31.22125449275824,131.01287730775098,232.47319466420424,-0.6023125271912882,-0.0003337391866217,-1.726952250184182,0.0002940413609418,0.6289043333652076,0.0,26.85458579423993,15.541301555114623,-42.59378066368398,0.0379197479250217,113.75454541559668,431.94519927413046,15.288,0.7996666640006661,4.418223073134092,0.0791236877456485,1.921488769132685e-05,-0.2856585452796867,0.000206480898802,0.01991152445571,0.602312619650191,18.5370836345828,26.854533370611087,1.8379022883173273
10.74,31.2212539259636,131.01287879981055,232.2933459672568,-0.6084150899671976,-0.00034175215002,-1.7256329260421843,0.0002948554182613,0.6330000448672362,0.0,26.8283899037711,15.47302040502889,-42.757270737169385,0.0379215808391774,113.75455971429876,431.11039180702096,15.288,0.8029999973228865,4.417655205630636,0.079046343643055,1.917726461405142e-05,-0.2849641050490576,0.0002058713803713,0.0198440877351762,0.6084151859460106,18.554112934765826,26.82833622146891,1.8380691334067256
10.75,31.221253361631348,131.01288028530047,232.11312702529813,-0.6143347774960546,-0.0003496755446934,-1.7243060071134395,0.0002957700033331,0.6370956228156114,0.0,26.80220245348529,15.404761162490292,-42.92036194849207,0.0379234248823069,113.75457391980832,430.2766636284552,15.288,0.8063333306451069,4.41708616786009,0.0789690243925548,1.9139407855147127e-05,-0.2842658850196739,0.0002052559957628,0.0197764870779074,0.6143348770083324,18.571162214334407,26.802147526579173,1.8382388653975847
10.76,31.22125279976076,131.01288176422295,231.9325409490785,-0.6200710812773484,-0.00035750676813,-1.722971770794934,0.0002967822976591,0.641187170994565,0.0,26.776023879913087,15.336525827690794,-43.08305217919762,0.037925282555827,113.75458802902232,429.4440277844826,15.288,0.8096666639673272,4.416515969644338,0.0788917312839291,1.9101319950147297e-05,-0.2835640681935848,0.0002046348603535,0.0197087362277508,0.6200711843354854,18.588231067209875,26.77596772288127,1.8384104001239703
10.77,31.22125224035103,131.0128832365804,231.75159084239527,-0.6256235914417639,-0.0003652432815436,-1.7216304832089864,0.0002978894652722,0.6452708402003022,0.0,26.74985461249908,15.268316387739574,-43.245339415508106,0.0379271564061722,113.7546020387982,428.6124970418844,15.288,0.8129999972895476,4.415944620808848,0.0788144655860562,1.9063003459935684e-05,-0.2828588368747861,0.0002040080910622,0.0196408488224729,0.6256236980534851,18.605319098502463,26.74979724021858,1.838582624378177
10.78,31.221251683401285,131.01288470237532,231.57027981501463,-0.6309919959450894,-0.0003728826104556,-1.720282399271822,0.0002990886545601,0.6493428298060915,0.0,26.723695073631948,15.200134816555597,-43.40722174789951,0.0379290490241263,113.75461594595492,427.7820838904114,15.288,0.816333330611768,4.415372131146812,0.0787372285469967,1.9024460969327985e-05,-0.2821503725823321,0.0002033758062744,0.0195728383880626,0.6309921061166902,18.62242592463956,26.723636501368464,1.8387543972262914
10.79,31.22125112891055,131.01288616161057,231.38861095583687,-0.6361712647762225,-0.0003804124293308,-1.7189261125684931,0.000300374246555,0.6533980290995807,0.0,26.697543267547925,15.13198307929832,-43.56869737066768,0.0379309630442473,113.75462974727422,426.9527234263828,15.288,0.8196666639339883,4.414795212331981,0.0786600142900868,1.89856950867398e-05,-0.281438856728334,0.000202738127312,0.0195047166245522,0.6361713785098608,18.63955259031694,26.697483512503258,1.8389225255909332
10.8,31.221250576877807,131.01288761428913,231.20658735873647,-0.6411600578743148,-0.000387827937421,-1.7175614454567272,0.0003017423394566,0.6574322191271618,0.0,26.67139904443828,15.063863159123157,-43.7297645834912,0.0379329011415305,113.75464343950532,426.1244099785627,15.288,0.8229999972562086,4.4142130459670526,0.0785828223774895,1.8946708451096003e-05,-0.2807244762414831,0.0002020951898747,0.0194364969251151,0.6411601751647998,18.656699064895896,26.67133812456833,1.8390852434605378
10.81,31.22125002730196,131.01288906041412,231.02421210467344,-0.6459643544937198,-0.0003951392402993,-1.7161906782861245,0.0003031933526626,0.6614433818360552,0.0,26.645265829626627,14.995776996877227,-43.890421791930194,0.0379348660291019,113.7546570193686,425.2972520240025,15.288,0.8263333305784291,4.413629753696073,0.0785056629048716,1.8907503713788864e-05,-0.2800074115646155,0.0002014471198402,0.0193681947840387,0.6459644753425217,18.673863223473745,26.645203761299904,1.8392438347149935
10.82,31.221249480181825,131.01289049998888,230.84148827560588,-0.6505842319208651,-0.000402344138346,-1.7148140222576145,0.000304724395345,0.6654279277959858,0.0,26.61914401789205,14.927726512640383,-44.05066750387961,0.0379368604613129,113.75467048355074,424.47126096987375,15.288,0.8296666639006494,4.413045345362464,0.0784285370388365,1.8868083542014123e-05,-0.2792878402260162,0.0002007940406176,0.0192998232232415,0.650584356327634,18.6910447288575,26.61908081782259,1.8393970617784392
10.83,31.2212489355162,131.012891933017,230.6584189366032,-0.655019860877352,-0.0004094404990748,-1.7134316778859535,0.0003063325701056,0.66938232340511,0.0,26.59303399727166,14.859713612791408,-44.21050032864462,0.0379388872334375,113.75468382870568,423.6464479618876,15.288,0.8329999972228698,4.41245983080965,0.0783514459260963,1.882845061988412e-05,-0.2785659385538568,0.0002001360767037,0.019231395126357,0.6550199888382126,18.70824325545939,26.592969682508464,1.839543667193019
10.84,31.221248393303743,131.0128933595021,230.475007159696,-0.6592715044366533,-0.0004164262577099,-1.71204383508595,0.0003080149747387,0.6733030921318898,0.0,26.566936149085468,14.791740189914211,-44.369918976233166,0.0379409491808026,113.75469705145566,422.82282388589056,15.288,0.8363333305450902,4.411873219830201,0.0782743906935513,1.878860764706783e-05,-0.2778418815995918,0.0001994733536109,0.0191629232339461,0.6592716359477391,18.725458489323515,26.566870737001867,1.8396823753037903
10.85,31.221247853543087,131.01289477944815,230.2912560000252,-0.6633395170574568,-0.0004232994170829,-1.7106506733372868,0.0003097687037532,0.6771868157495399,0.0,26.540850848037785,14.723808122705488,-44.52892225660531,0.0379430491782216,113.75471014839232,422.0003993728217,15.288,0.8396666638673105,4.411285522220325,0.0781973724485751,1.8748557337443687e-05,-0.2771158430630994,0.0001988059977945,0.0190944201389611,0.663339652112622,18.742690128092867,26.54078435632084,1.839811894072588
10.86,31.22124731623278,131.01289619285916,230.10716850975405,-0.667224343425588,-0.0004300580480024,-1.709252361770553,0.0003115908500292,0.6810301354743119,0.0,26.51477846224382,14.655919275885958,-44.687509078879664,0.0379451901388887,113.75472311607794,421.1791847997839,15.288,0.842999997189531,4.410696747729005,0.078120392279111,1.8708302417766337e-05,-0.2763879952196273,0.0001981341365814,0.0190258982822443,0.6672244820159873,18.75993788100295,26.51471090888361,1.8399309168366162
10.87,31.22124678137133,131.0128975997394,229.9227477311158,-0.6709265174145004,-0.0004367002901859,-1.7078490593513815,0.0003134785066256,0.6848297530968411,0.0,26.488719353332574,14.588075500112836,-44.845678450498845,0.0379473750139526,113.75473595104631,420.3591902953443,15.288,0.8463333305117514,4.41010690611249,0.0780434512539542,1.8667845626348028e-05,-0.2756585088485201,0.000197457898099,0.018957369948318,0.670926659530143,18.777201468814965,26.4886507566114,1.8400381242036408
10.88,31.22124624895716,131.01289900009334,229.7379967053524,-0.6744466608656141,-0.0004432243510747,-1.7064409149789712,0.0003154287679662,0.6885824320205488,0.0,26.462673876478824,14.52027863189448,-45.003429476354285,0.0379496067914235,113.75474864980436,419.5404257406688,15.288,0.8496666638339717,4.409516007090706,0.0779665504228666,1.862718971175552e-05,-0.2749275531637775,0.0001967774112042,0.0188888472611941,0.6744468064950591,18.7944806237774,26.462604254960564,1.8401321858760338
10.89,31.22124571898861,131.01290039392552,229.5529184627792,-0.6777854824154607,-0.0004496285080438,-1.7050280676508147,0.00031743873196,0.6922849982722241,0.0,26.436642380476805,14.452530493508563,-45.16076135787184,0.0379518884953506,113.75476120883296,418.7229007734031,15.288,0.8529999971561921,4.4089240603581565,0.0778896908167831,1.8586337431523096e-05,-0.274195295746422,0.0001960928054138,0.0188203421804315,0.6777856315458733,18.8117750895447,26.43657175299592,1.8402117625635355
10.9,31.221245191463964,131.01290178124077,229.36751603173056,-0.6809437762926017,-0.0004559111068341,-1.7036106466219825,0.0003195055010753,0.6959343414625986,0.0,26.41062520781237,14.384832892921931,-45.31767339205925,0.0379542231851824,113.75477362458815,417.9066247910305,15.288,0.8563333304784125,4.408331075594813,0.0778128734480228,1.854529155088257e-05,-0.2734619024787117,0.0001954042108348,0.0187518664973275,0.6809439289080574,18.82908462108645,26.41055359346317,1.8402755079048665
10.91,31.22124466638147,131.01290316204404,229.1817924216632,-0.6839224210415062,-0.0004620705629697,-1.7021887715550912,0.0003216261842137,0.6995274156848592,0.0,26.38462269471875,14.317187623712778,-45.4741649705161,0.0379566139547865,113.7547858935023,417.0916069535585,15.288,0.8596666638006328,4.407737062451585,0.0777360993104562,1.850405484151072e-05,-0.2727275374801866,0.0001947117580953,0.0186834318312447,0.6839225771259838,18.84640898458937,26.384550112844448,1.8403220703850647
10.92,31.221244143739256,131.0129045363404,228.99575064998783,-0.686722378267029,-0.0004681053608367,-1.7007625526856307,0.0003237978978945,0.703061240377154,0.0,26.35863517125505,14.249596464995117,-45.63023557840773,0.0379590639314605,113.75479801198536,416.2778561866416,15.288,0.8629999971228532,4.407142030568497,0.0776593693797445,1.8462630080295204e-05,-0.2719923630455863,0.0001940155782766,0.0186150496260959,0.6867225378016093,18.863747957334315,26.358561641436918,1.8403500952762992
10.93,31.221243623535457,131.0129059041352,228.80939371424657,-0.6893446912732327,-0.000474014054581,-1.6993320909955405,0.0003260177679742,0.7065329011151892,0.0,26.33266296135021,14.182061181346915,-45.78588479340439,0.0379615762752796,113.75480997642592,415.46538118478566,15.288,0.8663333304450735,4.406545989541974,0.0775826846134509,1.8421020048119152e-05,-0.2712565395845886,0.0001933158028457,0.0185467311470089,0.6893448542387185,18.88110132757918,26.332588503396632,1.8403582265779417
10.94,31.221243105768075,131.0129072654339,228.6227246129791,-0.6917904837770436,-0.0004797952676578,-1.6978974783877403,0.0003282829309439,0.7099395503829269,0.0,26.306706382895225,14.114583522739188,-45.94111228458557,0.0379641541779952,113.75482178319244,414.65419041437775,15.288,0.869666663767294,4.405948948961182,0.0775060459513319,1.837922752866518e-05,-0.2705202255634562,0.0001926125635881,0.0184784874771054,0.691790650151208,18.89846889440209,26.30663101683082,1.8403451089627298
10.95,31.22124259043508,131.01290862024211,228.4357463318112,-0.6940609585082274,-0.0004854476930235,-1.6964587978699333,0.0003305905353823,0.7132784082714783,0.0,26.280765747795098,14.047165224468792,-46.09591781131223,0.0379668008622514,113.75483342863431,413.8442921168433,15.288,0.8729999970895143,4.40535091838623,0.0774294543154787,1.833725530723956e-05,-0.2697835774485176,0.0001919059925423,0.0184103295144625,0.6940611282679906,18.91585046755572,26.280689493849792,1.8403093897132339
10.96,31.22124207753439,131.01290996856565,228.24846185140467,-0.6961573958144465,-0.0004909700929256,-1.6950161237410553,0.0003329377433131,0.7165467631377987,0.0,26.254841362036448,13.979808007092888,-46.250301222066575,0.0379695195806682,113.75484490908316,413.0356943116898,15.288,0.8763333304117347,4.404751907348166,0.0773529106105172,1.829510616961669e-05,-0.2690467496515306,0.000191196221934,0.0183422679692118,0.6961575689362896,18.933245867301004,26.2547642406346,1.8402497206501485
10.97,31.22124156706383,131.0129113104105,228.06087414248896,-0.6980811522662406,-0.0004963612991209,-1.6935695217824909,0.0003353217316142,0.7197419722222612,0.0,26.228933525765694,13.91251357636691,-46.40426245326122,0.0379723136148284,113.75485622085384,412.22840479951407,15.288,0.8796666637339551,4.40415192536351,0.0772764157238477,1.8252782900904947e-05,-0.2683098944769155,0.0001904833841118,0.018274313360778,0.6980813287232573,18.95065492422332,26.228855557515157,1.8401647600499336
10.98,31.221241059021192,131.0129126457827,227.8729861728173,-0.6998299234320224,-0.0005016127652915,-1.6921178549108296,0.0003377376208593,0.7228604067424869,0.0,26.20304087556737,13.845283625368555,-46.55780152802588,0.0379751862744339,113.75486736024568,411.4223791067788,15.288,0.8829999970561754,4.4035485991610726,0.0771999656416148,1.821028828485617e-05,-0.2675731624107787,0.0001897676121503,0.0182064748865672,0.6998301031920799,18.968078466613605,26.20296208241845,1.8400516613972122
10.99,31.221240553404183,131.0129139746886,227.68480089524067,-0.7014004898203702,-0.0005067140935802,-1.690659669370386,0.0003401796947712,0.7258980605277728,0.0,26.177161651681345,13.778119867259552,-46.71091855669157,0.0379781408938915,113.754878323547,410.6175604938748,15.288,0.8863333303783959,4.4029389285683935,0.0771235551822672,1.816762511121808e-05,-0.2668367087359146,0.0001890490528389,0.0181387617661592,0.7014006728444406,18.98551756935132,26.177082057217653,1.8399071247309713
11.0,31.22124005021048,131.01291529713467,227.4963212606281,-0.7028028636244711,-0.0005116811648296,-1.6891977059670098,0.0003426497008595,0.7288547950897633,0.0,26.151299903401327,13.711023975076944,-46.86361373759586,0.0379811808284613,113.75488910704011,409.81407450368926,15.288,0.8896666637006163,4.402328303232116,0.0770471962789649,1.8124796160644103e-05,-0.2661006820338225,0.0001883278441378,0.0180711867507941,0.702803049881602,19.002969851610167,26.15121952871191,1.8397332196757135
11.01,31.22123954943765,131.0129166131275,227.30755020693408,-0.7040386984415544,-0.0005165130992075,-1.687731998485012,0.0003451448943152,0.7317282509226548,0.0,26.125455908026776,13.643997594672491,-47.01588735244002,0.0379843094579513,113.75489970699611,409.0119280821991,15.288,0.8929999970228366,4.401716732677635,0.0769708897516899,1.8081804205175464e-05,-0.2653652256582365,0.0001876041181327,0.0180037595679099,0.704038887900158,19.020435183775565,26.12537477433888,1.8395286491472587
11.02,31.22123905108328,131.01291792267384,227.11849066615696,-0.7051097166171278,-0.0005212090852314,-1.6862625732469638,0.0003476625516824,0.7345161398740804,0.0,26.099629937348688,13.57704235681439,-47.16773976445714,0.037987530186271,113.75491011967524,408.21112797198566,15.288,0.896333330345057,4.401104226408277,0.0768946364041661,1.803865201079272e-05,-0.2646304806138504,0.0001868780067121,0.0179364897423152,0.7051099092434893,19.037913445524925,26.099548066017032,1.8392921319187556
11.03,31.2212385551448,131.01291922578065,226.92914556632323,-0.70601770769731,-0.0005257683795252,-1.684789449328424,0.0003501999720195,0.7372162454759201,0.0,26.07382225771861,13.510159877140543,-47.31917141705535,0.0379908464405631,113.754920341328,407.4116807149155,15.288,0.8996666636672774,4.400490793905288,0.0768184370240705,1.7995342336416393e-05,-0.2638965855148487,0.0001861496415076,0.0178693865943066,0.7060179034561674,19.055404525594646,26.07373967021468,1.8390224043773926
11.04,31.22123806161966,131.012920522455,226.739517814596,-0.7067645268291471,-0.0005301903062957,-1.6833126387844015,0.0003527544779774,0.7398264232220492,0.0,26.048033130102784,13.443351756114822,-47.47018283243813,0.0379942616701734,113.75493036819611,406.613592655114,15.288,0.9029999969894976,4.3998764446057645,0.0767422923831844,1.7951877932931677e-05,-0.263163676545271,0.0001854191538364,0.0178024592379498,0.7067647256839429,19.07290832154837,26.047949848004222,1.838718222247378
11.05,31.221237570505213,131.01292181270412,226.54961032609413,-0.7073520932305977,-0.000534474257593,-1.6818321468892257,0.0003553234171042,0.7423446008254313,0.0,26.02226281017436,13.376619578985192,-47.62077461020197,0.037997779345828,113.75494019651369,405.8168699423469,15.288,0.906333330311718,4.399261187935768,0.0766662032376729,1.7908261542236628e-05,-0.2624318874212456,0.0001846866746433,0.0177357165794943,0.707352295144324,19.090424739516205,26.0221788551543,1.8383783622909136
11.06,31.22123708179875,131.01292309653545,226.3594259930844,-0.7077823885672516,-0.000538619692042,-1.6803479723687342,0.0003579041626488,0.7447687784112932,0.0,25.99651154836976,13.309964915745589,-47.77094742591319,0.0380014029584858,113.75494982250837,405.0215185348554,15.288,0.9096666636339384,4.398645033291923,0.0765901703282465,1.7864495896315002e-05,-0.2617013493550365,0.000183952334445,0.0176691673159253,0.7077825935008749,19.107953693950247,25.996426942186385,1.8380016239479648
11.07,31.22123659549753,131.01292437395642,226.1689677038628,-0.70805745533501,-0.0005426261351497,-1.678860107638212,0.0003604941148137,0.7470970286727018,0.0,25.970779589955864,13.243389321099704,-47.92070202966405,0.0380051360183947,113.7549592424026,404.227544202286,15.288,0.9129999969561589,4.398027990037745,0.0765141943803589,1.7820583716333128e-05,-0.2609721910209387,0.0001832162632745,0.0176028199336511,0.7080576632476465,19.12549510736663,25.970694354441875,1.8375868309352283
11.08,31.22123611159873,131.0129256449748,225.97823834573816,-0.7081793952369065,-0.0005464931785921,-1.6773685390383275,0.0003630907016942,0.7493274969861675,0.0,25.945067175099386,13.176894334427688,-48.070039244610506,0.0380089820541874,113.75496845241425,403.43495252837175,15.288,0.9163333302783792,4.3974100675036345,0.0764382761044184,1.7776527711761632e-05,-0.2602445385229989,0.0001824785906272,0.0175366827073137,0.7081796060874957,19.143048910082943,25.94498133215163,1.8371328327940757
11.09,31.221235630099525,131.0129269095984,225.7872407841608,-0.7081503675844038,-0.0005502204800034,-1.67587324710676,0.0003656913803403,0.7514584014973884,0.0,25.919374538951143,13.11048147975568,-48.21895996549156,0.0380129446118212,113.75497744875818,402.64374891494566,15.288,0.9196666636005996,4.396791275008954,0.0763624161960244,1.7732330579521848e-05,-0.2595185153645155,0.0001817394454068,0.0174707636987788,0.7081505813293557,19.160615039941423,25.91928811052025,1.8366385064239916
11.1,31.221235150996936,131.01292816783516,225.59597788458527,-0.7079725875866439,-0.0005538077617747,-1.6743742067959897,0.0003682936375093,0.7534880331366267,0.0,25.89370191168781,13.044152265727991,-48.367465157131726,0.0380170272536202,113.75498622764702,401.85393858355326,15.288,0.92299999692282,4.39617162182156,0.0762866153361002,1.768799500315714e-05,-0.2587942424193778,0.000180998955874,0.0174050707561853,0.7079728041818678,19.17819344205485,25.893614919768016,1.836102757501335
11.11,31.221234674288034,131.0129294196933,225.40445250054736,-0.707648324747347,-0.000557254811748,-1.67287138774715,0.0003708949909345,0.7554147556279464,0.0,25.86804951860408,12.977908185581908,-48.51555585292734,0.0380212335574886,113.75499478529224,401.0655265792873,15.288,0.9263333302450404,4.395551117190912,0.0762108741911619,1.764352365202901e-05,-0.2580718379051665,0.0001802572495947,0.0173396115131857,0.7076485441481359,19.195784068517668,25.867961985222944,1.8355245219082743
11.12,31.221234199969786,131.012930665181,225.2126674736621,-0.7071799012011666,-0.0005605614815785,-1.6713647545481802,0.0003734929899178,0.757237005445029,0.0,25.84241758018104,12.911750717124812,-48.66323315331816,0.0380255671156416,113.75500311790526,400.27851777382114,15.288,0.9296666635672608,4.394929770348071,0.0761351934135163,1.7598919180538724e-05,-0.2573514173580279,0.00017951445339,0.0172743933882958,0.7071801233605272,19.21338687813008,25.84232952738942,1.834902767085566
11.13,31.22123372803909,131.01293190430667,225.02062564256784,-0.7065696899875868,-0.0005637276865233,-1.6698542669689005,0.000376085216272,0.7589532917124688,0.0,25.81680631213328,12.845681322714922,-48.810498224244704,0.0380300315336786,113.75501122169858,399.4929168673728,15.288,0.932999996889481,4.394307590472595,0.0760595736414064,1.7554184227373667e-05,-0.2566330936093141,0.0001787706932871,0.0172094235843401,0.7065699148581022,19.231001836132176,25.816717761995356,1.8342364933005573
11.14,31.221233258492823,131.01293313707887,224.8283298329904,-0.7058201134250603,-0.0005667534052127,-1.668339880241748,0.0003786692852823,0.7605621960997424,0.0,25.79121592550016,12.779701449243763,-48.95735229559323,0.0380346304298554,113.75501909288654,398.70872839246726,15.288,0.9363333302117016,4.39368458672564,0.0759840154992759,1.750932141477913e-05,-0.2559169767639649,0.0001780260944714,0.017144709088069,0.7058203409572962,19.248628913909545,25.79112690008345,1.8335247349112966
11.15,31.2212327913278,131.0129343635063,224.63578286171543,-0.7049336414093181,-0.0005696386786061,-1.6668215453168875,0.0003812428463803,0.7620623726582637,0.0,25.765646626706783,12.713812528121991,-49.103796659628095,0.0380393674338374,113.7550267276866,397.9259567165252,15.288,0.939666663533922,4.393060768238932,0.0759085195979505,1.7464333347855224e-05,-0.2552031741806202,0.0001772807812392,0.0170802566698691,0.7049338715524708,19.26626808871664,25.76555714807239,1.8327665615402926
11.16,31.221232326540783,131.01293558359782,224.44298753261504,-0.7039125759352378,-0.0005723831942917,-1.665299145181468,0.0003838034687395,0.7634524875673167,0.0,25.74009853279725,12.648015975267311,-49.24983266941362,0.0380442461859174,113.75503412232004,397.1446034268612,15.288,0.9429999968561422,4.392436015968521,0.0758330862849061,1.741922261387899e-05,-0.2544917904534371,0.0001765348769523,0.017016072827517,0.70391280863889,19.28391939509597,25.740008623055346,1.831960996042207
11.17,31.22123186412848,131.01293679736227,224.249946644598,-0.7027464251343302,-0.0005749618190883,-1.6637687262300358,0.0003863416190183,0.7647275467015089,0.0,25.71456669892125,12.582313219190183,-49.39546173804854,0.0380492703346353,113.75504127301492,396.3645140516393,15.288,0.9463333301783626,4.391802516234497,0.0757577009947418,1.7373991787494577e-05,-0.2537829326560042,0.0001757885140552,0.0169521608601607,0.7027466603291735,19.301585959793936,25.714476384129902,1.831102057320965
11.18,31.22123140408753,131.0129380048089,224.05666298664056,-0.7014510424233135,-0.0005774005315754,-1.6622341939778933,0.0003888619351926,0.7658899999776297,0.0,25.689056610049384,12.51670567171768,-49.540685340520845,0.0380544435311061,113.7550481760133,395.58585593291457,15.288,0.949666663500583,4.391168218791388,0.0756823798894055,1.7328643425334257e-05,-0.2530767058105914,0.000175041825355,0.0168885307959111,0.7014512800557031,19.31926455573697,25.688965912185974,1.8301940222032949
11.19,31.22123094641457,131.0129392059468,223.86313933679168,-0.7000290779940631,-0.0005796996278534,-1.6606954846671842,0.0003913622170961,0.7669387915350837,0.0,25.663568454413568,12.451194701829053,-49.68550500917336,0.0380597694320118,113.75505482756677,394.8086327869011,15.288,0.9529999968228032,4.390533132762176,0.0756071235260274,1.728318005771885e-05,-0.2523732060814148,0.0001742949310021,0.0168251885333481,0.7000293180095042,19.336955181405862,25.66347739540896,1.829236112676451
11.2,31.22123049110614,131.01294040078542,223.6693784611812,-0.6984832214204875,-0.0005818594642978,-1.6591525317620677,0.000393840302838,0.7678729367338127,0.0,25.63810241613149,12.385781663214091,-49.829922330718624,0.038065251700621,113.7550612239348,394.0328481838192,15.288,0.9563333301450236,4.389897267228844,0.0755319324495915,1.723760419463287e-05,-0.2516725268064351,0.0001735479500296,0.016762139754765,0.6984834637624359,19.35465783963225,25.638011017860567,1.8282275913383632
11.21,31.221230038158744,131.0129415893342,223.4753831219692,-0.696816199635975,-0.0005838804549907,-1.6576052660547995,0.0003962940689657,0.7686915217393887,0.0,25.61265867511392,12.320467894042643,-49.97393894461697,0.0380708940059639,113.75506736138584,393.2585055456964,15.288,0.959666663467244,4.389260631251016,0.0754568071926631,1.7191918325172563e-05,-0.2509747584875468,0.0001728010003135,0.0166993899264747,0.6968164442480609,19.37237253742159,25.61256695938652,1.8271677620556928
11.22,31.22122958756885,131.01294277160284,223.28115606541908,-0.6950307752182552,-0.0005857630713846,-1.656053615926011,0.0003987214311592,0.769393703118526,0.0,25.58723740712724,12.255254716969128,-50.11755654144945,0.0380767000219453,113.75507323619776,392.48560814879175,15.288,0.9629999967894644,4.388623233858504,0.075381748275577,1.714612491701839e-05,-0.2502799887823971,0.0001720541985335,0.0166369442993218,0.6950310220424887,19.390099285680265,25.58714539567915,1.8260559707190889
11.23,31.22122913933288,131.012943947601,223.08670003084447,-0.6931297446691144,-0.0005875078419348,-1.654497507610854,0.0004011203448968,0.7699787074017759,0.0,25.56183878385307,12.1901434391394,-50.26077686128646,0.0380826734263558,113.75507884465893,391.7141591262475,15.288,0.9663333301116848,4.387985084040125,0.075306756206609,1.7100226415932575e-05,-0.2495883024977889,0.0001713076601352,0.0165748079093119,0.6931299936471432,19.407838098946243,25.561746498337065,1.8248916059427114
11.24,31.22122869344716,131.01294511733855,222.89201774464456,-0.6911159367213972,-0.0005891153505906,-1.6529368654697114,0.0004034888058023,0.7704458306223129,0.0,25.53646297295688,12.125135352199786,-50.40360169205279,0.0380888178998756,113.75508418306936,390.944161470927,15.288,0.9696666634339052,4.3873461907474285,0.0752318314821768,1.7054225245281048e-05,-0.2488997815846605,0.0001705614992931,0.016512985578348,0.6911161877934865,19.425588995118904,25.536370434934003,1.8236740997106244
11.25,31.221228249908048,131.0129462808256,222.6971119282546,-0.6889922106682145,-0.0005905862363184,-1.6513716122506965,0.0004058248502527,0.7707944378303716,0.0,25.5111101381638,12.060231732308932,-50.54603286789058,0.0380951371254617,113.7550892477412,390.17561803794274,15.288,0.9729999967561256,4.386706562909607,0.0751569745870731,1.70081238055798e-05,-0.2482145051345895,0.0001698158288754,0.0164514819150501,0.6889924637731121,19.443351995186237,25.51101736909473,1.8224029279584448
11.26,31.22122780871179,131.0129474380721,222.5019852882092,-0.6867614546522233,-0.0005919211921513,-1.649801669362876,0.0004081265557805,0.7710239625665807,0.0,25.48578043931694,11.995433840152108,-50.68807226752026,0.0381016347871638,113.75509403499969,389.4085315476178,15.288,0.976333330078346,4.386066209422307,0.0750821859946248,1.6961924474065238e-05,-0.2475325493778243,0.0001690707604093,0.0163903013157037,0.6867617097286777,19.46112712296719,25.485687460553503,1.8210776111005513
11.27,31.221227369854635,131.01294858908838,222.3066405230965,-0.6844265839655027,-0.0005931209645784,-1.6482269571273336,0.0004103920416224,0.7711339063081744,0.0,25.46047403243809,11.930742920958068,-50.82972181260094,0.0381083145693312,113.75509854118408,388.642904587612,15.288,0.9796666634005664,4.385425139140185,0.0750074661668799,1.6915629604288738e-05,-0.2468539876828119,0.0001683264040478,0.0163294479652692,0.6844268409511453,19.47891440485621,25.46038086521484,1.8196977144792377
11.28,31.22122693333274,131.01294973388482,222.111080317598,-0.681990539387988,-0.000594186352174,-1.6466473950452591,0.0004126194689818,0.7711238378972533,0.0,25.435191069799643,11.866160204518536,-50.97098346609128,0.0381151801559964,113.75510276264812,387.87873961576247,15.288,0.9829999967227868,4.384783360888084,0.0749328155548187,1.6869241525734936e-05,-0.2461788905571972,0.0001675828685374,0.016268925838509,0.6819907982195892,19.49671386956584,25.435097735225703,1.8182628487755979
11.29,31.22122649914225,131.01295087247186,221.915307351432,-0.6794562854862197,-0.0005951182052909,-1.645062902055736,0.0004148070415866,0.7709933929292428,0.0,25.409931699979687,11.801686905209952,-51.11185923061036,0.0381222352296864,113.75510669576111,387.1160389625664,15.288,0.9863333300450072,4.384140883446126,0.0748582345985111,1.6822762543463397e-05,-0.2455073256502765,0.0001668402611871,0.0162087387012036,0.6794565460984752,19.514525547883263,25.4098382190306,1.8167726703485683
11.3,31.221226067279257,131.01295200486004,221.71932429438303,-0.6768268090163085,-0.0005959174246087,-1.6434733968020756,0.0004169530058648,0.7707422731424518,0.0,25.38469606795188,11.737324222017325,-51.25235114680124,0.0381294834707024,113.7551103369087,386.3548048340752,15.288,0.9896666633672276,4.383497715590706,0.0747837237273918,1.6776194937773836e-05,-0.244839357756877,0.0001660986878385,0.0161488901114523,0.6768270713443079,19.53234947241173,25.384602461461714,1.815226881537059
11.31,31.22122563773982,131.0129531310601,221.52313379437751,-0.6741051171422539,-0.000596584960958,-1.6418787978664091,0.000419055651519,0.7703702457287077,0.0,25.359484315104485,11.67307333856164,-51.3924612916969,0.0381369285564659,113.75511368249327,385.59503931359455,15.288,0.9929999966894478,4.382853866023682,0.0747092833603032,1.6729540963894345e-05,-0.2441750488226333,0.0001653582528369,0.0160893834210578,0.6741053811196328,19.550185677359188,25.35939060375796,1.8136252308553147
11.32,31.221225210519943,131.01295425108287,221.32673850332395,-0.6712942359070247,-0.0005971218133272,-1.6402790240439022,0.0004211133115124,0.769877142687508,0.0,25.334296579347807,11.608935423128168,-51.53219177708896,0.0381445741604187,113.75511672893504,384.8367443650429,15.288,0.9963333300116682,4.382209343443192,0.0746349139058235,1.6682802851692216e-05,-0.2435144579506585,0.0001646190590033,0.0160302217770106,0.67129450146698,19.56803419828005,25.334202783672705,1.8119675131987105
11.33,31.221224785615565,131.0129553649393,221.13014105226463,-0.668397208493433,-0.0005975290287008,-1.6386739945710078,0.000423124362561,0.7692628600952724,0.0,25.309132995141848,11.544911628698095,-51.671544747901535,0.0381524239514407,113.75511947267256,384.07992183459214,15.288,0.9996666633338886,4.38156415648774,0.074560615762342,1.6635982805407504e-05,-0.2428576414095514,0.0001638812076088,0.0159714081230348,0.6683974755689934,19.585895071869867,25.309039135501507,1.8102535699286684
11.34,31.22122436302174,131.01295647264268,220.93334377016413,-0.665411229080935,-0.0005977962947057,-1.6077091708822504,0.0004247581597749,0.7681538261783725,0.0,25.284122243468182,11.481085177290568,-51.81052238046282,0.0381604815929273,113.75512191016466,383.3284713026308,15.288,1.0,4.380914859928955,0.0744867680247271,1.6589082933045403e-05,-0.2422046518947087,0.0001631447984831,0.0159130260577735,0.6654114975952149,19.60367618021251,25.284028341845797,1.7817938318534108
11.35,31.221223942728525,131.01295757421963,220.7363472808048,-0.6623382003035521,-0.0005979208140541,-1.5738447787016414,0.0004262591611203,0.7668148564283978,0.0,25.25945729657157,11.41757810008538,-51.949126880104885,0.0381687507390669,113.75512403790027,382.5882248793548,15.288,1.0,4.380260011416329,0.0744139391840015,1.6542104854451e-05,-0.2415555367801695,0.0001624099356859,0.0158551983143142,0.6623384701758335,19.62123882635597,25.25936337538973,1.7507120246295778
11.36,31.22122352472437,131.01295866970062,220.53915166938748,-0.6591915564802213,-0.0005979211909506,-1.540358682768587,0.0004276664365571,0.765289036234016,0.0,25.235137504402328,11.354387840274011,-52.08736047588288,0.0381772350326008,113.75512585239608,381.8591327981628,15.288,1.0,4.379604500889797,0.074342127318873,1.6495049990881915e-05,-0.2409103296040406,0.0001616767058272,0.0157979242183218,0.659191827641541,19.638582722212668,25.23504358316128,1.7199919661030822
11.37,31.22122310899789,131.01295975911614,220.34175702508668,-0.6559760809301926,-0.0005977996803264,-1.5072468763088995,0.0004289804226871,0.7635788555236678,0.0,25.2111591734435,11.291511864223896,-52.22522541410333,0.0381859381098893,113.7551273501872,381.1410537728108,15.288,1.0,4.378948328636248,0.0742713215420927,1.644791975145258e-05,-0.2402690578177969,0.0001609451887919,0.0157412008133047,0.6559763533095753,19.65570951331514,25.211065271289304,1.6896289529864161
11.38,31.221222695537733,131.0129608424963,220.1441634470132,-0.6526965203470292,-0.0005975585490658,-1.4745054050039548,0.0004302015763915,0.7616868330734403,0.0,25.187518646398058,11.228947667629264,-52.362723955861775,0.038194863600855,113.75512852782724,380.4338484486641,15.288,1.0,4.378291494999193,0.0742015110732081,1.6400715534779938e-05,-0.2396317452392332,0.0001602154622595,0.0156850249660626,0.6526967938744561,19.672620844670547,25.18742478212067,1.6596183917204341
11.39,31.221222284332686,131.01296191987095,219.9463710402412,-0.6493575829210975,-0.000597200074029,-1.4421303664150145,0.0004313303740302,0.7596155154455742,0.0,25.16421230174576,11.16669277505334,-52.49985837497668,0.0382040151281001,113.7551293818889,379.7373793696714,15.288,1.0,4.377634000322142,0.0741326852372505,1.6353438728690924e-05,-0.2389984121142279,0.0001594876017265,0.0156293933711105,0.649357857525424,19.6893183603826,25.164118493777494,1.6299558003479238
11.4,31.22122187537156,131.01296299126972,219.7483799237554,-0.6459639366777827,-0.0005967265416789,-1.4101179094477196,0.0004323673110917,0.7573674759969266,0.0,25.141236553368703,11.10474473947913,-52.636630955958815,0.0382133963064487,113.7551299089643,379.0515109473126,15.288,1.0,4.376975844990131,0.0740648334636363,1.6306090709958384e-05,-0.2383690751784181,0.0001587616805288,0.0155743025550534,0.6459642122872262,19.70580370325085,25.14114281978273,1.6006368105178181
11.41,31.22122146864331,131.01296405672207,219.55019022051573,-0.6425202077817578,-0.0005961402463378,-1.3784642338102917,0.0004333129014811,0.7549453138874977,0.0,25.11858785015512,11.043101141869652,-52.773043992016056,0.0382230107421019,113.75513010566596,378.376109429694,15.288,1.0,4.376317029425942,0.0739979452849955,1.6258672844064857e-05,-0.2377437477187823,0.0001580377698648,0.0155197488808955,0.6425204843238291,19.72207851440703,25.1184942086642,1.571657169555421
11.42,31.22122106413697,131.01296511625716,219.35180206341977,-0.6390309788153414,-0.0005954434898039,-1.3471655894583423,0.0004341676771839,0.7523516530893111,0.0,25.096262675587248,10.981759590737076,-52.909099783093,0.0382328620320596,113.75512996862687,377.71104287054976,15.288,1.0,4.375657554048583,0.0739320103359559,1.6211186484993186e-05,-0.2371224396351668,0.0001573159388173,0.0154657285522733,0.6390312562184137,19.738144432982136,25.09616914354259,1.5430127426007971
11.43,31.22122066184164,131.01296616990396,219.1532155972885,-0.6355007872896993,-0.0005946385799764,-1.3162182760820995,0.0004349321876935,0.749589141467855,0.0,25.07425754740049,10.920717721719855,-53.04480063394632,0.0382429537634744,113.75512949450152,377.05618110030775,15.288,1.0,4.374997419337461,0.0738670183521467,1.616363297504372e-05,-0.2365051575016817,0.0001565962543769,0.0154122376176479,0.635501065479851,19.754003095750495,25.07416414179077,1.5146995149088343
11.44,31.221220261746527,131.0129672176912,218.9544309669436,-0.6319341239963715,-0.0005937278301604,-1.285618642577656,0.0004356069995979,0.746660449825877,0.0,25.05256901717969,10.859973197169028,-53.18014885225522,0.0382532895129596,113.755128679966,376.411395696942,15.288,1.0,4.374336625783305,0.0738029591689882,1.6116013644676507e-05,-0.2358919046280275,0.000155878781464,0.0153592719744492,0.6319344029009463,19.769656136833504,25.05247575463022,1.4867135942174112
11.45,31.2212198638409,131.01296825964735,218.75544833012367,-0.6283354315150094,-0.0005927135577216,-1.2553630865038865,0.0004361926960221,0.7435682709959153,0.0,25.03119367000053,10.799523705741846,-53.31514674676654,0.0382638728458779,113.7551275217188,375.776559956728,15.288,1.0,4.373675173903269,0.0737398227206582,1.606832981237861e-05,-0.2352826811206988,0.0001551635829517,0.0153068273731116,0.6283357110590616,19.785105187396,25.0311005667726,1.459051213238414
11.46,31.22121946811413,131.01296929580073,218.5562678495365,-0.6247091027452552,-0.0005915980833691,-1.2254480535803476,0.0004366898762502,0.7403153189457004,0.0,25.01012812407069,10.739366962004445,-53.44979662547534,0.03827470731586,113.75512601648128,375.1515488669781,15.288,1.0,4.373013064244707,0.0736775990390186,1.6020582784554934e-05,-0.2346774839440612,0.0001544507196888,0.0152548994211152,0.6247093828545314,19.800351875361777,25.01003519606106,1.4317087323151956
11.47,31.221219074555663,131.01297032617938,218.35688970279728,-0.6210594794587903,-0.0005903837303132,-1.1958700371633568,0.0004370991553123,0.7369043278928198,0.0,24.989369030369847,10.679500706042033,-53.58410079384037,0.0382857964640038,113.75512416099812,374.5362390783865,15.288,1.0,4.372350297377619,0.0736162782525579,1.5972773855442616e-05,-0.2340763069813344,0.0001537402505221,0.0152034835869401,0.6210597600596242,19.815397825149407,24.98927629311035,1.4046826422035437
11.48,31.221218683155048,131.01297135081117,218.15731406453688,-0.6173908509004122,-0.0005890728228034,-1.1666255777287315,0.0004374211634309,0.7333380514372082,0.0,24.968913072297543,10.61992270307682,-53.718061553034296,0.0382971438183751,113.7551219520378,373.93050887805526,15.288,1.0,4.3716868738908845,0.0735558505853529,1.592490430704773e-05,-0.2334791410954389,0.0001530322323193,0.0151525752039728,0.6173911319161196,19.83024465742195,24.96882054095492,1.3779695670202199
11.49,31.221218293901863,131.01297236972368,217.9575411233004,-0.6137074524570169,-0.0005876676861389,-1.1377112623656855,0.0004376565458366,0.729619261715367,0.0,24.948756965336568,10.56063074309366,-53.851681198229,0.0383087528932785,113.7551193863932,373.33423816339297,15.288,1.0,4.371022794403574,0.0734963063560769,1.587697540910368e-05,-0.2328859741897111,0.0001523267199917,0.0151021694743686,0.6137077338129269,19.84489398884443,24.94866465471229,1.3515662673813116
11.5,31.221217906785817,131.0129733829444,217.7575710726001,-0.6100134643562513,-0.0005861706447106,-1.1091237242719207,0.0004378059620991,0.725750748565766,0.0,24.928897456716086,10.50162264047318,-53.98496201691518,0.0383206271886451,113.75511646088208,372.7473084164808,15.288,1.0,4.370358059568741,0.0734376359770035,1.5828988419050825e-05,-0.2322967912684816,0.0001516237665171,0.0150522614728665,0.6100137459755676,19.85934743186022,24.92880538124653,1.3254696437341167
11.51,31.221217521796664,131.01297439050052,217.5574041148932,-0.606306773053947,-0.0005845724182684,-1.0808580908264116,0.0004378669306431,0.7217336095240529,0.0,24.909329319983275,10.442896237840984,-54.11790628728436,0.0383327701895707,113.75511317234736,372.1695427623469,15.288,1.0,4.369689293369032,0.0733798240462667,1.578094458266122e-05,-0.231711575215258,0.0001509234242863,0.0150028449893452,0.6063070548519823,19.873607896730075,24.90923749556254,1.2996745005381087
11.52,31.22121713892427,131.01297539241904,217.35704045462268,-0.602588042468496,-0.0005828690413912,-1.0529102579322749,0.0004378380897945,0.7175695460979526,0.0,24.89004831704716,10.384449440567163,-54.25051627902906,0.0383451853613526,113.75510951766296,371.60079462534446,15.288,1.0,4.3690146460537695,0.073322858073713,1.573284514066181e-05,-0.2311303144263652,0.0001502257590821,0.0149539148171914,0.6025883243557936,19.88767767501267,24.88995676019224,1.2741766974985944
11.53,31.221216758158537,131.01297638872677,217.15648030915145,-0.5988709311714223,-0.0005810808053469,-1.025279399838244,0.0004377248802507,0.7132639587190917,0.0,24.871054408258026,10.326280144059174,-54.382794253540446,0.0383578761464949,113.75510549373736,371.04104338035967,15.288,1.0,4.368339337016886,0.0732667379373409,1.5684691315982732e-05,-0.2305529881895101,0.0001495308230008,0.0149054677224674,0.5988712130705216,19.901556342239918,24.870963132298566,1.2489769870351377
11.54,31.22121637948947,131.0129773794503,216.9557239008101,-0.5951593942249218,-0.0005792100384776,-0.997962328069484,0.0004375280212896,0.70881970246355,0.0,24.85234446385558,10.268386256261492,-54.51474245853466,0.0383708459697179,113.75510109750662,370.4901765694916,15.288,1.0,4.367663366992512,0.0732114544121118,1.563648431700333e-05,-0.2299795704563578,0.0001488386613529,0.0148574983009346,0.5951596760585602,19.91524549228041,24.852253481755493,1.224072861506679
11.55,31.221216002907138,131.01297836461606,216.7547714559037,-0.5914573255390508,-0.0005772590638819,-0.9709558977694164,0.0004372482448117,0.7042396461710166,0.0,24.833915384221115,10.21076570778893,-54.646363126129614,0.0383840982385052,113.75509632593408,369.94808319821215,15.288,1.0,4.366986736753016,0.0731569983618609,1.558822533995002e-05,-0.2294100325753289,0.0001481493176205,0.0148100010390388,0.5914576072298641,19.928746713846348,24.8338247085794,1.1994619734857457
11.56,31.221215628401687,131.01297934425023,216.55362321266367,-0.5877685567646846,-0.0005752301992898,-0.9442570071913828,0.0004368862951615,0.6995266716674279,0.0,24.81576409955852,10.153416451601842,-54.77765847136856,0.0383976363422657,113.75509117601062,369.41465371218266,15.288,1.0,4.366309447089884,0.0731033607383538,1.553991556898855e-05,-0.2288443433513377,0.00014746283348,0.0147629703174507,0.5877688382341166,19.94206159035246,24.815673742610112,1.175142140710549
11.57,31.22121525596336,131.01298031837882,216.3522794053448,-0.5840968562385336,-0.0005731257565381,-0.917862597196379,0.0004364429288743,0.6946836730006071,0.0,24.79788756958437,10.096336462687512,-54.90863069077816,0.0384114636517387,113.75508564475524,368.8897799747306,15.288,1.0,4.365631498802255,0.0730505325803698,1.5491556176332692e-05,-0.2282824691053744,0.0001467792488248,0.0147164004145713,0.5840971374092365,19.95519169978388,24.797797543201057,1.151111351411377
11.58,31.22121488558244,131.0129812870277,216.15074028708383,-0.5804459280393197,-0.0005709480397848,-0.8917696507573167,0.0004359189140911,0.6897135557051683,0.0,24.780282783244328,10.039523737747654,-55.03928196096087,0.0384255835186299,113.7550797292154,368.3733552450005,15.288,1.0,4.364952892723672,0.072998505012871,1.5443148322368738e-05,-0.2277243737338817,0.0001460986017882,0.0146702855099936,0.5804462088325497,19.9681386145617,24.78019309893596,1.1273677700558025
11.59,31.22121451724928,131.01298225022242,215.9490061100236,-0.576819411012178,-0.0005686993457414,-0.8659751924627137,0.0004353150305069,0.6846192360561617,0.0,24.76294675841244,9.982976294893332,-55.16961443722077,0.038439999274901,113.75507342646732,367.86527415649215,15.288,1.0,4.364273629710625,0.0729472692461072,1.5394693155795174e-05,-0.2271700187679959,0.0001454209287662,0.0146246196879384,0.5768196913496227,19.98090390143033,24.762857427328107,1.1039097435198824
11.6,31.221214150954324,131.01298320798847,215.7470771312753,-0.5732208778219864,-0.0005663819624982,-0.8404762879960374,0.000434632068953,0.6794036403286113,0.0,24.74587654159205,9.92669217334488,-55.29963025222365,0.0384547142322166,113.75506673361676,367.3654326950828,15.288,1.0,4.363593710627248,0.0728968165747454,1.5346191813776954e-05,-0.2266193634325849,0.0001447462644393,0.0145793969406164,0.573221157624954,19.99348912135808,24.745787574521422,1.080735807716392
11.61,31.2212137866881,131.01298416035107,215.54495361888183,-0.5696538341172487,-0.0005639981687607,-0.8152700436596823,0.0004338708310787,0.67406970408461,0.0,24.72906920764329,9.87066943313818,-55.42933151469087,0.0384697316814435,113.755059647799,366.87372817916906,15.288,1.0,4.36291313636827,0.0728471383770531,1.5297645422113662e-05,-0.226072364705101,0.0001440746417965,0.0145346111716092,0.5696541133071126,20.005895829431804,24.72898061501811,1.0578446947910038
11.62,31.221213424441167,131.0129851073353,215.3426358428732,-0.5661217176743278,-0.0005615502330443,-0.7903536058563156,0.0004330321290486,0.6686203714511649,0.0,24.71252185949683,9.814906154837056,-55.55872030812693,0.0384850548921897,113.75505216617924,366.3900592385813,15.288,1.0,4.3622319078513545,0.0727982261140665,1.524905509542128e-05,-0.2255289773742657,0.0001434060921565,0.0144902561991611,0.5661219961731699,20.018125574771812,24.71243365139249,1.035235340841105
11.63,31.221213064204186,131.01298604896607,215.14012408023527,-0.5626278975572071,-0.0005590404136478,-0.7657241605878408,0.0004321167854379,0.6630585943998623,0.0,24.69623162786561,9.759400439251545,-55.687798689580056,0.0385006871120595,113.75504428595346,365.9143257945556,15.288,1.0,4.361550025997992,0.0727500713287332,1.520042193732642e-05,-0.2249891540985362,0.0001427406451913,0.0144463257594661,0.5626281752859313,20.030179900458503,24.696143814002784,1.01290689426047
11.64,31.221212705967865,131.012986985268,214.93741861491137,-0.5591756734076572,-0.0005564709571444,-0.7413789329632761,0.0004311256327288,0.6573873320571866,0.0,24.680195670988347,9.70415040716139,-55.81656868843728,0.0385166315663573,113.75503600434818,365.4464290404604,15.288,1.0,4.360867491764084,0.0727026656451586,1.5151747040673056e-05,-0.2244528454643985,0.0001420783289481,0.0144028135099208,0.5591759502891369,20.042060343449887,24.680108260734805,0.9908587247737907
11.65,31.221212349723,131.0129879162656,214.73451973581297,-0.5557682746861244,-0.000553844098325,-0.7173151866950533,0.0004300595131979,0.6516095499979406,0.0,24.664411174350928,9.649154199045482,-55.9450323052518,0.0385328914573848,113.7550273186213,364.98627142244897,15.288,1.0,4.360184306124654,0.0726560007677795,1.5103031487740952e-05,-0.2239200000444483,0.0001414191698719,0.0143597130323416,0.5557685506400656,20.053768434522024,24.6643241767234,0.9690904331707454
11.66,31.22121199546042,131.0129888419833,214.5314277338384,-0.5524088599260853,-0.0005511620589009,-0.6935302235728301,0.0004289192784973,0.6457282195376515,0.0,24.648875350405,9.594409974816555,-56.07319151060426,0.0385494699639293,113.75501822606228,364.53375661963616,15.288,1.0,4.359500470047072,0.0726100684805453,1.505427635047501e-05,-0.2233905644552826,0.0001407631928277,0.014317017836122,0.5524091348769851,20.065305698222467,24.64878877407124,0.9476018618006155
11.67,31.221211643171056,131.01298976244516,214.3281429068428,-0.5491005161852993,-0.0005484270476731,-0.6700213830042123,0.0004277057895951,0.6397463170736374,0.0,24.63358543833844,9.539915913561504,-56.20104824399688,0.0385663702409272,113.75500872399236,364.0887895272151,15.288,1.0,4.3588159845484205,0.0725648606462236,1.5005482690725397e-05,-0.2228644834151622,0.0001401104211235,0.0142747213614315,0.5491007900542009,20.07667365279588,24.63349929161924,0.9263931059892462
11.68,31.22121129284591,131.01299067767525,214.1246655636137,-0.5458308766151327,-0.0005456131189385,-0.6467825962204949,0.0004264123262058,0.6336626475576848,0.0,24.61853421239745,9.48567023698598,-56.328604413418326,0.0385835954177413,113.7549988097664,363.6511435479016,15.288,1.0,4.35812283589175,0.0725203559750042,1.4956651564132228e-05,-0.222341704523938,0.0001394608851142,0.0142328146879607,0.5458311493040868,20.087876807170595,24.61844850768914,0.9054591429275042
11.69,31.221210944476017,131.01299158769737,213.92099601095,-0.5426166808634345,-0.0005427477486055,-0.6238143826277167,0.0004250461103477,0.6274836707907077,0.0,24.60372305101613,9.431671196270964,-56.455861898363565,0.0386011485905544,113.7549884807817,363.2208468434269,15.288,1.0,4.357428195887428,0.0724765585230961,1.4907784019218675e-05,-0.2218221769367408,0.0001388146196821,0.0141912940170825,0.5426169522946268,20.09891394810642,24.60363779639914,0.8848052450942956
11.7,31.221210598052487,131.01299249253515,213.7171345626064,-0.5394624105882215,-0.0005398360540549,-0.6011145506605468,0.0004236088027511,0.621212798851031,0.0,24.589149742796568,9.377917026030053,-56.582822546166405,0.0386190328265417,113.75497773447272,362.7978217553673,15.288,1.0,4.356732901241094,0.0724334617719258,1.4858881088930656e-05,-0.2213058400840789,0.0001381716436634,0.0141501528749033,0.53946268068486,20.10978626073049,24.58906494554749,0.8644328915055121
11.71,31.22121025356649,131.01299339221205,213.51308154028928,-0.5363708688930232,-0.0005368801980753,-0.5786805841755314,0.0004221013037759,0.6148530240489047,0.0,24.574811630575795,9.324405979080304,-56.709488168959695,0.0386372511666684,113.75496656830737,362.3819778330854,15.288,1.0,4.356036953033317,0.0723910578898624,1.4809943797031987e-05,-0.2207926315992712,0.0001375319741948,0.0141093844492985,0.5363711375803706,20.12049523791198,24.57472729763149,0.84434331752749
11.72,31.221209911009268,131.01299428675145,213.3088372696804,-0.5333447845236527,-0.000533882327557,-0.5565100021360808,0.0004205245220456,0.608407340451048,0.0,24.560706082655752,9.271136326190884,-56.83586054272294,0.0386558066254709,113.75495497978716,361.9732257536152,15.288,1.0,4.355340352364029,0.0723493391203551,1.4760973158484876e-05,-0.2202824874973977,0.0001368956269586,0.0140689818739648,0.5333450517261652,20.131042366044465,24.560622220615848,0.8245380835553273
11.73,31.22120957037212,131.01299517617647,213.10440207447127,-0.5303868114328227,-0.0005308445719234,-0.5346003581067572,0.0004188793739134,0.601878743219501,0.0,24.54683049256469,9.218106355852868,-56.9619414063698,0.0386747021903461,113.75494296644764,361.5714773050729,15.288,1.0,4.354643100360272,0.0723082977812319,1.471197017974326e-05,-0.2197753422316997,0.0001362626162039,0.0140289382314051,0.530387077076317,20.141429125023823,24.54674710769433,0.805019092871274
11.74,31.22120923164641,131.01299606051006,212.8997762902818,-0.5274995283256191,-0.0005277690435484,-0.5129492397447686,0.0004171667835012,0.5952702279395806,0.0,24.53318227880784,9.165314374054132,-57.0877324608679,0.0386939408212104,113.75493052585864,361.17664537027616,15.288,1.0,4.35394519815684,0.0722679262639585,1.4662935859053272e-05,-0.2192711287497347,0.0001356329547698,0.0139892465558917,0.5274997923373302,20.151656988237,24.53309937704034,0.7857886107943417
11.75,31.221208894823576,131.0129969397751,212.69496025869367,-0.5246854382915,-0.0005246578363808,-0.4915542682923919,0.0004153876822703,0.5885847899637802,0.0,24.519758884635216,9.112758704058423,-57.213235368390016,0.0387135254500361,113.75491765562448,360.7886439107165,15.288,1.0,4.353246646904012,0.072228217032957,1.4613871186760133e-05,-0.2187697785493259,0.0001350066541067,0.0139498998363996,0.5246857005986976,20.16172742254633,24.519676471575,0.766849285192405
11.76,31.22120855989509,131.0129978139942,212.48995432128805,-0.5219469684851851,-0.0005215130261619,-0.4704130980729929,0.0004135430089631,0.5818254237630066,0.0,24.506557777817395,9.060437686189328,-57.338451751498376,0.0387334589803584,113.75490435338456,360.4073879509685,15.288,1.0,4.352547447783053,0.0721891626249469,1.4564777145621256e-05,-0.2182712217342253,0.0001343837242988,0.0139108910195167,0.5219472290178996,20.17164188827186,24.50647585874281,0.7482041683881838
11.77,31.22120822685249,131.01299868318986,212.2847588226276,-0.5192864697183599,-0.0005183366693308,-0.4495234159707606,0.0004116337092472,0.5749951222475648,0.0,24.493576450389565,9.008349677617913,-57.46338319236019,0.0387537442867573,113.7548906168134,360.0327935627643,15.288,1.0,4.351847601959737,0.0721507556481844,1.4515654711125016e-05,-0.217775387069562,0.0001337641740856,0.0138722130123268,0.51928672840581,20.18140183920054,24.493495030255943,0.7298567404339183
11.78,31.221207895687364,131.01299954738448,212.0793741221827,-0.5167062162983923,-0.0005151308028247,-0.4288829409415179,0.0004096607355677,0.5680968761466934,0.0,24.48081241845827,8.956493052155675,-57.58803123199438,0.0387743842145041,113.75487644362096,359.6647778505469,15.288,1.0,4.351147110646317,0.0721129887818988,1.4466504851814311e-05,-0.2172822020370134,0.0001331480108841,0.01383385868528,0.5167064730709381,20.191008722556926,24.480731501900983,0.7118109338442303
11.79,31.221207566391417,131.01300040660018,211.8738005684912,-0.5142084056764937,-0.000511897443702,-0.4084894234844463,0.0004076250469525,0.5611336733315054,0.0,24.468263221949343,8.90486620005037,-57.71239736955096,0.0387953815790305,113.75486183155309,359.3032589358013,15.288,1.0,4.350445975051168,0.0720758547755484,1.4417328529615424e-05,-0.2167915928897269,0.0001325352408109,0.0137958208750183,0.5142086604685475,20.20046397901689,24.46818281328692,0.6940711596107008
11.8,31.22120723895636,131.01300126085908,211.66803852499848,-0.5117951582988312,-0.0005086385886196,-0.3883406451613029,0.0004055276088184,0.5541084981848426,0.0,24.45592642440518,8.85346752778752,-57.836483061621074,0.0388167391656783,113.75484677839148,358.9481559434579,15.288,1.0,4.349744196413648,0.0720393464482117,1.4368126700170656e-05,-0.216303484706969,0.0001319258687032,0.0137580923872207,0.5117954110430465,20.20976904269171,24.455846527642517,0.6766423345443294
11.81,31.221206913373948,131.01300211018298,211.4620883571376,-0.5094685173190913,-0.0005053562130314,-0.3684344180457068,0.0004033693926167,0.547024330927175,0.0,24.44379961273805,8.802295457894585,-57.96028972157821,0.038838459728828,113.7548312819544,358.59938898588257,15.288,1.0,4.349041775953756,0.0720034566878793,1.4318900313175024e-05,-0.215817801448534,0.0001313198981414,0.0137206659993511,0.5094687679506872,20.21892534114518,24.44372023156973,0.6595299096582876
11.82,31.22120658963603,131.01300295459367,211.25595043133487,-0.5072304485866657,-0.0005020522712343,-0.3487685842655705,0.0004011513758164,0.5398841470092112,0.0,24.43188039705371,8.751348428749386,-58.08381871895106,0.0388605459919826,113.7548153400966,358.25687915068534,15.288,1.0,4.34833871494571,0.0719681784509165,1.4269650312716188e-05,-0.2153344660088328,0.00013071733147,0.0136835344634804,0.5072306970436327,20.22793429536511,24.43180153486736,0.6427398995588341
11.83,31.221206267734487,131.0130037941127,211.04962512296223,-0.5050828403937134,-0.0004987286959885,-0.3293410154556274,0.0003988745416496,0.5326909164337018,0.0,24.420166410401773,8.700624894393222,-58.207071378826925,0.0388830006468479,113.75479895070976,357.92054848529875,15.288,1.0,4.3476350146521066,0.0719335047613388,1.4220377637617748e-05,-0.2148534002707388,0.0001301181698197,0.013646690508998,0.5050830866148376,20.23679731978657,24.4200880702814,0.6262789123172047
11.84,31.22120594766128,131.0130046287615,210.843112806396,-0.5030109546757505,-0.0004953575378891,-0.3101462385775523,0.0003965319650656,0.5254431925253839,0.0,24.40865087668909,8.650123349000836,-58.33004898198438,0.0389058263520704,113.7547821117242,357.5901901285744,15.288,1.0,4.346922324156991,0.0718994156554126,1.4171083225221952e-05,-0.2143745302280782,0.0001295224222224,0.0136101246959847,0.5030111985795105,20.245518833923036,24.408573066109,0.6101486664024358
11.85,31.22120562940839,131.0130054585614,210.6364138659524,-0.5010316262253101,-0.0004919679833111,-0.2911852707452134,0.0003941313767979,0.5181476729342084,0.0,24.39733557328504,8.59984231162491,-58.452752768578286,0.0389290257248963,113.75476482111804,357.26584823061444,15.288,1.0,4.346208242472327,0.0718659163650654,1.41217680102441e-05,-0.2138977841632009,0.0001289301022405,0.0135738325374518,0.5010318677528609,20.254097458430124,24.39725829513493,0.5943618663790947
11.86,31.22120531296787,131.0130062835335,210.42952868395912,-0.4991479987225621,-0.000488564583063,-0.2724563704032048,0.0003916744671406,0.5108076918416388,0.0,24.38621859891381,8.549780281702846,-58.57518393477895,0.0389526013458394,113.75474707691174,356.94745930221484,15.288,1.0,4.345493517202317,0.0718330012862038,1.4072432917420672e-05,-0.213423081294067,0.0001283412075342,0.0135378069352711,0.499148237819216,20.262534317476288,24.386141855368564,0.5789275647494764
11.87,31.221204998331867,131.01300710369887,210.22245764870803,-0.4973616580929421,-0.0004851491929523,-0.2539575214690492,0.0003891622451911,0.5034261934370674,0.0,24.375297675699247,8.499935773675993,-58.69734363020531,0.0389765557620203,113.75472887716354,356.6349490735307,15.288,1.0,4.3447781496611775,0.0718006637054582,1.4023078867494876e-05,-0.2129503399236322,0.0001277557344285,0.0135020405493126,0.4973618947055769,20.270830799398123,24.375221468642223,0.5638550402332955
11.88,31.221204685492506,131.0130079190783,210.01520114848904,-0.4956741125874838,-0.0004817236444791,-0.2356867349084341,0.0003865957247736,0.4960061133667302,0.0,24.36457054771265,8.450307316765745,-58.81923295747109,0.0390008914866929,113.75471021997022,356.32824417021567,15.288,1.0,4.344062141210202,0.0717688969741668,1.3973706777645378e-05,-0.2124794776029179,0.0001271736781325,0.0134665260299591,0.4956743466641586,20.278988285951733,24.36449487873952,0.5491543052414526
11.89,31.22120437444201,131.0130087296926,209.807759585508,-0.4940867927830972,-0.000478289744929,-0.2176420482252164,0.0003839759243812,0.4885503780818864,0.0,24.354034980758712,8.400893454808125,-58.94085297176748,0.0390256109990184,113.75469110346684,356.02727210063614,15.288,1.0,4.343345493230297,0.0717376945077417,1.392431756183958e-05,-0.2120104111831062,0.0001265950327615,0.013431256020731,0.4940870242760898,20.28700815231989,24.353959851181266,0.5348361249178407
11.9,31.221204065172657,131.0130095355622,209.6001333530252,-0.4926010515625728,-0.0004748492775599,-0.199821524937442,0.0003813038670992,0.4810619041749555,0.0,24.34368876215169,8.351692746091107,-59.06220468047548,0.0390507167434294,113.7546715258274,355.731961242718,15.288,1.0,4.342628207070986,0.071707049785012,1.387491213118716e-05,-0.2115430568673259,0.0001260197913576,0.0133962231608778,0.4926012804259186,20.2948917671264,24.343614173001598,0.5209120298758687
11.91,31.221203757676747,131.0130103367077,209.39232285622697,-0.49121816440631,-0.0004714040000623,-0.1822232541129573,0.0003785805801092,0.4735435977894746,0.0,24.33352970056656,8.30270376319467,-59.18328904280804,0.0390762111294513,113.75465148526476,355.4422408332513,15.288,1.0,4.34191028414064,0.071676956347784,1.3825491394293566e-05,-0.2110773302621369,0.0001254479459114,0.0133614200879945,0.4912183905948141,20.302640492401647,24.33345565259939,0.5073943206916793
11.92,31.22120345194669,131.01301113314935,209.1843284973191,-0.4899393293674811,-0.0004679556455574,-0.164845349842733,0.0003758070948325,0.4659983539423344,0.0,24.32355562580343,8.253925092834953,-59.30410696948124,0.0391020965312734,113.75463098003084,355.15804095492075,15.288,1.0,4.3411917258240855,0.0716474078001448,1.377605625761266e-05,-0.2106131464286512,0.0001248794873829,0.0133268394405725,0.4899395528416846,20.31025568360405,24.323482119502515,0.4942960615589717
11.93,31.22120314797488,131.01301192490735,208.97615068943847,-0.4887656673653748,-0.0004645059214504,-0.1476859507630165,0.0003729844464965,0.4584290559214644,0.0,24.313764388628663,8.205355335710681,-59.424659322414925,0.0391283752870532,113.75461000841736,354.8792925253663,15.288,1.0,4.340472533545387,0.0716183978079989,1.372660762579912e-05,-0.2101504199333378,0.0001243144057228,0.0132924738605595,0.4887658880849514,20.31773868959157,24.313691424209143,0.48163106054657495
11.94,31.221202845753776,131.01301271200168,208.7677898407538,-0.4876982223027735,-0.0004610565096222,-0.1307432195563445,0.0003701136740809,0.4508385746319002,0.0,24.30415386056558,8.15699310635322,-59.54494691446241,0.0391550496988556,113.75458856875558,354.60592728553564,15.288,1.0,4.3397527087286045,0.0715899200984416,1.3677146402059127e-05,-0.2096890648984889,0.0001237526898931,0.0132583159958951,0.4876984402322377,20.325090852625888,24.304081437978407,0.4694138332220448
11.95,31.221202545275936,131.01301349445228,208.5592463703664,-0.4867379612887115,-0.0004576090655334,-0.1140153424482794,0.000367195819997,0.4432297679627753,0.0,24.29472193370728,8.108837032979148,-59.66497050916893,0.0391821220322179,113.75456665941648,354.3378777879976,15.288,1.0,4.339032252797799,0.0715619684592178,1.362767348849966e-05,-0.2092289950523322,0.0001231943278883,0.0132243585030064,0.4867381763951826,20.332313508361377,24.294650052643355,0.45765954633843736
11.96,31.22120224653391,131.01301427227892,208.35052069936413,-0.4858857749608989,-0.0004541652185841,-0.0975005287378934,0.0003642319299927,0.4356054801741331,0.0,24.28546652054968,8.060885757346165,-59.784730820558536,0.0392095945156514,113.75454427881144,354.0750773866439,15.288,1.0,4.338311167212339,0.0715345367382236,1.3578189786475948e-05,-0.2087701237787911,0.0001226393067566,0.0131905940493194,0.485885987213623,20.33940798581921,24.28539518044397,0.44638393802510934
11.97,31.22120194952033,131.0130150455012,208.14161324088607,-0.4851424776682262,-0.0004507265717486,-0.0811970102975532,0.0003612230529812,0.4279685412415024,0.0,24.27638555378436,8.013137934611898,-59.90422851294979,0.0392374693401886,113.7545214253922,353.81746022530217,15.288,1.0,4.337589453419823,0.0715076188428913,1.3528696196936726e-05,-0.2083123641668957,0.0001220876126199,0.0131570153157271,0.4851426870392467,20.346375607388016,24.27631475382003,0.4356032107959427
11.98,31.22120165422785,131.01301581413873,207.9325244269532,-0.4845088078445486,-0.0004472947007177,-0.0651030410866483,0.0003581702406714,0.4203217662440174,0.0,24.267476986134938,7.965592233194382,-60.02346420079926,0.0392657486592422,113.75449809765104,353.5649612269791,15.288,1.0,4.3368671128913885,0.0714812087397205,1.347919362076685e-05,-0.2078556290598152,0.0001215392306954,0.0131236149990317,0.4845090143095605,20.35321768879452,24.26740672524765,0.42533389404459826
11.99,31.22120136064921,131.01301657821082,207.7232546816365,-0.4839778616340562,-0.0004438576575147,-0.0492154821474058,0.0003550710739067,0.4126659975953627,0.0,24.25873691552013,7.91824733908836,-60.1424384486051,0.0392944345880049,113.75447429412104,353.3174614769693,15.288,1.0,4.336140430772679,0.0714552949318371,1.3429682959629154e-05,-0.2073998319359777,0.0001209941467924,0.0130903848553522,0.4839780651607082,20.3599368238394,24.258667194522328,0.4155905621279736
12.0,31.221201068777155,131.01301733773676,207.51380444093343,-0.4835463709066719,-0.0004404101197366,-0.0335319125650097,0.0003519244727787,0.4050028046380844,0.0,24.250162417240432,7.871101991611926,-60.26115177355692,0.0393235291977213,113.75445001338277,353.0748707796463,15.288,1.0,4.335407494054045,0.0714298688013958,1.338016512127938e-05,-0.2069448955007314,0.0001204523624748,0.0130573177775407,0.4835465714629846,20.366534943869883,24.2500932377806,0.40638871142763844
12.01,31.22120077860451,131.01301809273568,207.30417413189645,-0.4832263197888058,-0.0004369740576014,-0.0180527934310818,0.0003487366052307,0.397337827668441,0.0,24.241754359213047,7.824154908323002,-60.3796046474239,0.0393530345118442,113.75442525406804,352.83720955557686,15.288,1.0,4.334673927025556,0.0714049329019123,1.3330641009636527e-05,-0.2064907350595999,0.0001199138654868,0.013024408251869,0.4832265173586625,20.373011387114985,24.24168571948859,0.3977478777619824
12.02,31.22120049012412,131.01301884322663,207.09436419350507,-0.4830181550566675,-0.0004335509516726,-0.0027764616317001,0.0003455085373921,0.3896738181162748,0.0,24.233510771819564,7.777404808911661,-60.497797492184766,0.0393829525134222,113.75440001485173,352.6044157179882,15.288,1.0,4.333939731197225,0.0713804814288322,1.3281111528018392e-05,-0.2060372628890379,0.000119378637469,0.0129916490573705,0.4830183496270267,20.37936744261172,24.233442669795327,0.3896838624329436
12.03,31.22120020332891,131.0130195892285,206.8843750637448,-0.4829222494275327,-0.0004301422549431,0.0122987261873389,0.0003422413375855,0.3820135094771451,0.0,24.22542970460473,7.730850425673485,-60.61573067955129,0.0394132851455894,113.75437429445029,352.3764279091358,15.288,1.0,4.333204908110853,0.0713565086341001,1.3231577581298131e-05,-0.2055843912536778,0.0001188466592507,0.0129590330006869,0.4829224409884528,20.385604392605146,24.225362138017324,0.38221158697507995
12.04,31.22119991821181,131.01302033076004,206.67420718656467,-0.4829389019806282,-0.0004267493919058,0.027174394087003,0.0003389360759671,0.3743596166819029,0.0,24.217509226097366,7.684490503385784,-60.733404530973786,0.0394440343117125,113.75434809162203,352.1531854905696,15.288,1.0,4.332469459324128,0.0713330088256266,1.318204007622591e-05,-0.2051320324530715,0.0001183179108699,0.0129265529184096,0.4829390905246183,20.391723512521956,24.21744219245964,0.375344755090411
12.05,31.221199634765803,131.0130210678399,206.4638610049204,-0.483068338562628,-0.0004233737588244,0.0418521473123575,0.0003355938244236,0.3667148354572702,0.0,24.209747423623806,7.63832379918705,-60.85081931767231,0.0394752018742718,113.7543214051679,351.93462853299127,15.288,1.0,4.33173338637488,0.0713099763667415,1.3132499921745957e-05,-0.2046800988680365,0.0001177923715942,0.0128942016793846,0.4830685240859338,20.397726070946767,24.209680920229285,0.36909549631812494
12.06,31.221199352983955,131.01302180048663,206.25333696574293,-0.4833107123944443,-0.0004200167234199,0.0563335727329076,0.000332215656348,0.3590818417335101,0.0,24.202142403166263,7.5923490824577184,-60.967975260695965,0.0395067896549614,113.754294233931,351.720697807554,15.288,1.0,4.330996690832725,0.0712874056757774,1.3082958029309027e-05,-0.2042285030065818,0.0001172700199407,0.0128619721870231,0.4833108948954195,20.40361332956665,24.20207642709363,0.3634740029862186
12.07,31.22119907285933,131.01302252871866,206.0426355169577,-0.4836661045393939,-0.0004166796251383,0.0706202392978423,0.0003288026465492,0.3514632910130244,0.0,24.19469228918335,7.546565134703521,-61.084872531006994,0.0395387994343159,113.75426657679716,351.51133477656066,15.288,1.0,4.330259374271249,0.0712652912255337,1.3033415313179188e-05,-0.20377715754939,0.000116750833696,0.0128298573815827,0.4836662840209316,20.40938654313901,24.19462683730089,0.3584881744763288
12.08,31.22119879438508,131.01302325255423,205.8317571134473,-0.4841345244601467,-0.0004133637740081,0.0847136984948488,0.0003253558707963,0.3438618177573061,0.0,24.187395224447503,7.500970749440959,-61.20151124959149,0.0395712329512005,113.75423843269505,351.3064815840206,15.288,1.0,4.329521438271992,0.0712436275428068,1.2983872690735547e-05,-0.2033259753948791,0.0001162347899366,0.0127978502424106,0.4841347009252675,20.41504695944822,24.18733029341772,0.3541432849574839
12.09,31.221198517554352,131.0130239720116,205.62070220810708,-0.4847159105578543,-0.0004100704513414,0.09861548478577,0.0003218764058383,0.3362800347659615,0.0,24.18024936987504,7.455564732085179,-61.317891487595645,0.0396040919025609,113.7542098005964,351.1060810470591,15.288,1.0,4.3287828844085405,0.0712224092078767,1.2934331082767886e-05,-0.2028748697038168,0.000115721865049,0.0127659437901959,0.4847160840134082,20.420595819263465,24.18018495615917,0.35044169162094474
12.1,31.22119824236036,131.01302468710887,205.409471256814,-0.4854101308797509,-0.000406800909154,0.1123271160454606,0.0003183653290693,0.3287205325945303,0.0,24.173252904392044,7.410345899839053,-61.43401326648751,0.0396373779429317,113.75418067951637,350.9100766471916,15.288,1.0,4.3280437143021695,0.0712016308541285,1.2884791413766824e-05,-0.2024237539435026,0.0001152120347493,0.0127341310891741,0.4854103013364708,20.4260343562719,24.17318900425466,0.34738260017566336
12.11,31.2211979687964,131.01302539786388,205.19806472140857,-0.4862169835806564,-0.0004035563707736,0.1258500940036701,0.0003148237185322,0.3211858789077575,0.0,24.16640402473837,7.365313081585414,-61.54987655824389,0.0396710926842932,113.75415106851332,350.71841252140126,15.288,1.0,4.327303929546336,0.0711812871674563,1.2835254612207208e-05,-0.2019725419314533,0.0001147052741033,0.0127024052493284,0.486217151050279,20.43136379705136,24.166340634251885,0.34496190236670343
12.12,31.22119769685572,131.0130261042945,204.98648305876247,-0.4871361976589023,-0.0004003380296411,0.1391859046720883,0.0003112526524347,0.3136786178986276,0.0,24.159700945332386,7.3204651177801505,-61.66548128556229,0.0397052376954603,113.75412096668956,350.53103345376746,15.288,1.0,4.326563531754366,0.0711613728858774,1.2785721610825456e-05,-0.2015211478786669,0.0001142015575465,0.0126707594285556,0.487136362157423,20.43658536100182,24.15963806038174,0.3431720971530094
12.13,31.22119742653169,131.0130268064186,204.7747267396621,-0.4881674336089107,-0.0003971470504547,0.1523360187621149,0.000307653209244,0.3062012696838572,0.0,24.153141898112903,7.275800860348147,-61.78082732209712,0.0397398145019811,113.75409037319125,350.34788486736886,15.288,1.0,4.325822522555481,0.0711418827990585,1.2736193346889932e-05,-0.2010694864324016,0.0001137008589032,0.0126391868348279,0.4881675951535754,20.44170026028865,24.153079514400098,0.3420023023589093
12.14,31.22119715781768,131.01302750425364,204.5627962259491,-0.4893039891177449,-0.0003939734528307,0.1653029764947459,0.000304023641457,0.2987547210639118,0.0,24.14672368667063,7.231319175345335,-61.89591449273329,0.0397748245854589,113.75405928720868,350.1688708851422,15.288,1.0,4.325077879519394,0.0711228074895979,1.2686670762733956e-05,-0.2006174732236012,0.0001132031522933,0.0126076800052087,0.4893041477217347,20.44671068899544,24.14666180146537,0.3414374757204792
12.15,31.22119689070712,131.01302819781722,204.3506919804592,-0.4905380685518902,-0.0003908054440535,0.1780894807157093,0.0003003613836686,0.2913393589543557,0.0,24.140442930378374,7.187018981287358,-62.01074257629571,0.039810269378781,113.75402770798188,349.9938904522847,15.288,1.0,4.324326064483605,0.0711041369975726,1.2637154810665333e-05,-0.2001650340241935,0.0001127084281435,0.0125762320373137,0.4905382242227724,20.45161896924151,24.14038154280277,0.34145947846631336
12.16,31.221196625193468,131.0130288871267,204.13841447994287,-0.4918828071227945,-0.0003876682629368,0.1906946051833377,0.0002966734654588,0.2839610110248586,0.0,24.13430106925317,7.142899177484104,-62.1253113086302,0.0398461502597182,113.75399563480738,349.8229824260603,15.288,1.0,4.323573635117851,0.0710858755620235,1.2587646444430936e-05,-0.1997120889039243,0.0001122166653026,0.012544838195661,0.4918829598861079,20.45642412994341,24.134240174464825,0.3420502539736435
12.17,31.221196361270227,131.01302957219943,203.9259641971754,-0.4933376070394679,-0.0003845629699817,0.2031197641393749,0.000292960968128,0.2766220973141318,0.0,24.12829640310116,7.09895866029907,-62.23962037835438,0.0398824685598244,113.75396306702802,349.65609468088405,15.288,1.0,4.322820593092526,0.0710680181726998,1.253814662111396e-05,-0.1992585546046175,0.0001117278351826,0.0125134919040946,0.4933377569210854,20.46112735396145,24.12823599609109,0.34318727996916365
12.18,31.22119609893093,131.01303025305265,203.71334160393903,-0.4949018055300005,-0.0003814905960962,0.2153663585352763,0.0002892249722902,0.2693250109140759,0.0,24.12242724848941,7.055196337066692,-62.353669426545245,0.0399192255655736,113.75393000403156,349.49317569040727,15.288,1.0,4.322066940086072,0.0710505598687629,1.2488656303530266e-05,-0.1988043485052755,0.0001112419086724,0.0124821866466333,0.4949019525611303,20.465729816613536,24.122367324086703,0.34484592725403745
12.19,31.221195838169187,131.0130309297034,203.50054717599164,-0.4965746756105259,-0.0003784521424811,0.2274357764232358,0.0002854665576221,0.2620721173850834,0.0,24.116691938595817,7.0116111259975575,-62.46745804711417,0.0399564225175727,113.75389644525112,349.33417451993404,15.288,1.0,4.321312677780953,0.0710334957383414,1.2439176460455047e-05,-0.1983493886619225,0.0001107588561574,0.0124509159694885,0.4965748198208959,20.47023268560707,24.11663249147229,0.34699986829838503
12.2,31.2211955789786,131.01303160216867,203.2875813900852,-0.4983554269184796,-0.0003754485803888,0.2393293933409718,0.0002816868026408,0.2548657541867488,0.0,24.11108882306957,6.968201956086234,-62.580985787204845,0.039994060610576,113.75386239016528,349.17904081896086,15.288,1.0,4.320557807879763,0.0710168209181245,1.2389708066841358e-05,-0.1978935938469285,0.0001102786475379,0.0124196734830519,0.4983555683419055,20.474637120963607,24.111029847744472,0.34962149608053655
12.21,31.221195321352816,131.01303227046537,203.07444472893528,-0.5002432064599233,-0.0003724808513194,0.2510485727025228,0.0002778867845184,0.2477082300866094,0.0,24.1056162678706,6.924967767019448,-62.694252147614016,0.0400321409930632,113.75382783829816,349.0277248133679,15.288,1.0,4.319802332073021,0.0710005305928889,1.234025210403036e-05,-0.1974368835877987,0.0001098012522491,0.0123884528638546,0.5002433451311195,20.478944274955737,24.105557758715296,0.3526823362881667
12.22,31.221195065285524,131.01303293461024,202.86113767426457,-0.5022370995214739,-0.0003695498664332,0.2625946661545958,0.0002740675787473,0.2406018246107598,0.0,24.10027265514196,6.881907509086545,-62.807256583234086,0.0400706647669092,113.75379278921976,348.8801772988022,15.288,1.0,4.319046252075393,0.0709846199951182,1.2290809559952969e-05,-0.1969791782054186,0.0001093266392793,0.0123572478565223,0.502237235476937,20.483155292022616,24.10021460638469,0.3561534385793687
12.23,31.22119481077049,131.01303359462003,202.6476607107774,-0.5043361304889439,-0.0003666565075057,0.2739690139446525,0.0002702302591773,0.2335487874702566,0.0,24.095056383059674,6.839020143091058,-62.91999850351699,0.0401096329871092,113.75375724254609,348.7363496334779,15.288,1.0,4.318289569609597,0.0709690844045572,1.2241381429322826e-05,-0.1965203988517818,0.0001088547771893,0.0123260522756947,0.5043362637667016,20.48727130869782,24.09499878879016,0.36000573572517597
12.24,31.22119455780149,131.0130342505113,202.4340143201973,-0.5065392636489299,-0.00036380162632,0.2851729453074546,0.0002663758976052,0.2265513379844427,0.0,24.089965865675847,6.796304640263262,-63.03247727296069,0.0401490466612914,113.75372119793924,348.59619373012947,15.288,1.0,4.3175322863742,0.0709539191477623,1.2191968713820643e-05,-0.1960604675471354,0.0001083856341306,0.0122948600078874,0.5065393942885722,20.49129345354356,24.089908719850012,0.36421036288659947
12.25,31.22119430637231,131.01303490230055,202.22019899021112,-0.5088454042134843,-0.0003609860446124,0.2962077787803177,0.0002625055635956,0.2196116645614074,0.0,24.084999532807828,6.753759982174773,-63.14469221161538,0.0401889067495283,113.75368465510796,348.45966205055515,15.288,1.0,4.3167744041080205,0.0709391195977607,1.214257242226913e-05,-0.195599307216586,0.0001079191778644,0.0122636650133937,0.5088455322556007,20.495222847052823,24.084942829252537,0.36873893248553596
12.26,31.2211940564768,131.0130355500042,202.0062152144696,-0.5112533991390726,-0.0003582105543699,0.3070748225747694,0.0002586203243158,0.2127319241275713,0.0,24.08015582988046,6.711385160653936,-63.256642595611794,0.040229214163993,113.75364761380744,348.3267075978424,15.288,1.0,4.316015924549876,0.0709246811735949,1.2093193570799132e-05,-0.1951368417261227,0.0001074553757805,0.0122324613280986,0.511253524626386,20.49906060158245,24.08009956229816,0.3735637630804372
12.27,31.22119380810886,131.01303619363847,201.79206347469795,-0.5137620380137577,-0.0003554759177794,0.3177753749102166,0.0002547212443016,0.2059142415762471,0.0,24.075433217780525,6.669179177702562,-63.36832765770909,0.0402699697687065,113.75361007383955,348.1972839098893,15.288,1.0,4.315256849422484,0.0709105993398827,1.2043833183006168e-05,-0.1946729959180756,0.000106994194915,0.0122012430653021,0.5137621609887165,20.502807821278505,24.07537737975393,0.3786580629884462
12.28,31.22119356126237,131.01303683321967,201.57774427249825,-0.5163700540865874,-0.0003527828670603,0.3283107243501067,0.0002508093851772,0.199160709253365,0.0,24.07083017274014,6.627141045413338,-63.47974658786352,0.0403111743789571,113.75357203505348,348.07134505268925,15.288,1.0,4.314497180476738,0.0708968696064899,1.19944922900978e-05,-0.1942076956459975,0.0001065356019692,0.0121700044174898,0.5163701745934395,20.5064656019827,24.070774757736967,0.3839960712545674
12.29,31.221193315931348,131.0130374687638,201.36325809556024,-0.5190627220955326,-0.0003501086515199,0.3386842874287406,0.0002468798234696,0.1924699473949713,0.0,24.066342327941697,6.585269798463444,-63.59089853404696,0.0403528287608249,113.75353349734584,347.948762965719,15.288,1.0,4.31373059299891,0.0708834791095756,1.1945171932264976e-05,-0.1937408704734098,0.0001060795679613,0.0121387383833891,0.519062840166438,20.510036961786533,24.06628733300332,0.38955331875236804
12.3,31.221193072109727,131.01303810028693,201.14860544250607,-0.5218447175684606,-0.000347464567618,0.3488963740968011,0.0002429358527484,0.1858452575212473,0.0,24.06196952064525,6.5435645141802254,-63.70178260700112,0.0403949336220707,113.75349446067086,347.82953126587654,15.288,1.0,4.312959913187748,0.0708704273678201,1.1895873161089812e-05,-0.1932724595419879,0.000105626078373,0.0121074406983435,0.5218448332432083,20.513522074044296,24.0619149410386,0.395306461645724
12.31,31.221192829791544,131.01303872780494,200.9337868089764,-0.5247220353958746,-0.0003448642584457,0.3589470648387503,0.0002389817376904,0.1792904754467407,0.0,24.05771186204237,6.502024237715664,-63.8123978803644,0.0404374896126592,113.75345492503952,347.7136515394725,15.288,1.0,4.312188637224273,0.0708577147067207,1.184659703095358e-05,-0.1928023931193378,0.0001051751010152,0.0120761066797769,0.5247221487203302,20.51692093383903,24.05765769089133,0.40123325766260115
12.32,31.221192588970847,131.01303935133376,200.71880269160687,-0.5276932019373471,-0.0003423083530759,0.3688376132379967,0.0002350185310617,0.1728075602896804,0.0,24.05356788770684,6.46064802030874,-63.92274338753498,0.0404804973323428,113.75341489051117,347.6010798798405,15.288,1.0,4.311416766898311,0.0708453368110775,1.17973446036953e-05,-0.1923306013668473,0.0001047266012602,0.0120447308487035,0.5276933129593037,20.520234603353718,24.05351411803648,0.4073127705659172
12.33,31.22119234964175,131.01303997088905,200.50365359399137,-0.5307566919770008,-0.0003397974507813,0.3785692647463974,0.0002310472818241,0.1663984361208018,0.0,24.049536147880115,6.419434922892989,-64.03281812219744,0.0405239573307135,113.75337435719273,347.4917728770695,15.288,1.0,4.310644303991519,0.0708332894089285,1.1748116949314948e-05,-0.1918570156166531,0.0001042805442258,0.012013307813495,0.5307568007451188,20.52346413608428,24.04948277262136,0.41352530894362793
12.34,31.221192111798366,131.01304058648648,200.28834001376,-0.5339109298323599,-0.0003373321212775,0.3881432569679408,0.0002270690349481,0.1600649914876874,0.0,24.04561520735942,6.378384016020323,-64.1426210390006,0.0405678701068815,113.75333332523952,347.38568761225054,15.288,1.0,4.3098712503181815,0.0708215682712251,1.1698915146062346e-05,-0.1913815684029347,0.0001038368947931,0.0119818322714963,0.5339110363945706,20.52661057674741,24.04556221935372,0.4198524038158898
12.35,31.221191875434847,131.01304119814162,200.0728624535137,-0.5371542902776375,-0.0003349129056282,0.3975608199517735,0.0002230848313925,0.1538090788975153,0.0,24.041803645345656,6.337494379786503,-64.25215105425502,0.0406122361090293,113.75329179485524,347.2827816511544,15.288,1.0,4.309097607672193,0.0708101692113763,1.164974028051653e-05,-0.1909041934925416,0.0001033956176242,0.0119502990106051,0.5371543946832265,20.52967496121568,24.04175103734946,0.4262767740316971
12.36,31.2211916405454,131.01304180586993,199.85722141883497,-0.5404850996705975,-0.0003325403148385,0.4068231764682708,0.0002190957075177,0.1476325143547126,0.0,24.038100055330965,6.296765103756432,-64.36140704664646,0.0406570557343659,113.75324976629209,347.1830130383899,15.288,1.0,4.308323377863758,0.0707990880849272,1.1600593447654229e-05,-0.1904248259150227,0.0001029566771794,0.0119187029108188,0.5404852019667897,20.532658316430236,24.03804782002046,0.4327822826888334
12.37,31.221191407124245,131.0130424096868,199.6414174143133,-0.5439016370048928,-0.0003302148312021,0.4159315422660809,0.0002151026951678,0.1415370768856493,0.0,24.034503044970844,6.256195286891134,-64.47038785796741,0.0407023293287624,113.7532072398508,347.08634029208184,15.288,1.0,4.307548562715311,0.07078832078917,1.1551475750908312e-05,-0.1899434019919769,0.0001025200377351,0.0118870389457695,0.5439017372420772,20.535561660323072,24.03445117494645,0.43935388726440594
12.38,31.221191175165632,131.01304300960757,199.4254509445389,-0.5474021349145791,-0.0003279369082623,0.4248871263507713,0.0002111068214189,0.1355245080558541,0.0,24.031011235943964,6.215784037475436,-64.57909229386446,0.0407480571864673,113.75316421588109,346.9927223975242,15.288,1.0,4.3067731640289,0.0707778632627364,1.1502388302215812e-05,-0.1894598593657808,0.0001020856634006,0.011855302184199,0.5474022331413959,20.53838600174992,24.030959723734878,0.44597758574673635
12.39,31.22119094466384,131.01304360564745,199.20932252006608,-0.5509847808633357,-0.0003257069702603,0.4336911312275512,0.0002071091081829,0.1295965115396823,0.0,24.0276232638486,6.175530473045718,-64.68751912460237,0.0407942395497935,113.7531206947816,346.90211880202315,15.288,1.0,4.30599718363512,0.0707677114852956,1.1453332222055312e-05,-0.1889741370276423,0.0001016535181354,0.01182348779142,0.5509848771285881,20.541132340402196,24.02757210191735,0.4526403605544591
12.4,31.221190715613204,131.01304419782153,198.99303264846705,-0.5546477181894741,-0.0003235254131221,0.4423447531500676,0.0002031105722046,0.1237547526595894,0.0,24.02433777806873,6.135433720319292,-64.79566708584429,0.040840876608998,113.753076677,346.81448940929266,15.288,1.0,4.305220623368631,0.0707578614771541,1.1404308639473978e-05,-0.1884861753449997,0.0001012235657664,0.0117915910307429,0.5546478125420113,20.543801666739487,24.02428695881568,0.4593301216980386
12.41,31.22119048800808,131.0130447861449,198.77658183930407,-0.5583890471609334,-0.0003213926040244,0.4508491823711015,0.0001991122247078,0.1180008579343933,0.0,24.0211534416406,6.095492915123959,-64.90353487944684,0.0408879685020104,113.75303216303328,346.72979457357286,15.288,1.0,4.304443485043716,0.070748309298865,1.135531869210398e-05,-0.1879959160882428,0.0001007957700043,0.0117596072648576,0.5583891396499316,20.546394961925586,24.02110295740841,0.4660356503140309
12.42,31.22119026184284,131.0130453706325,198.559970607108,-0.56220682621608,-0.0003193088817833,0.4592056033535166,0.0001951150712156,0.112336414680914,0.0,24.018068931155845,6.055707202328257,-65.01112117427083,0.0409355153140026,113.75298715342788,346.64799509508333,15.288,1.0,4.303665770511349,0.0707390510509396,1.1306363526168196e-05,-0.1875033024567597,0.0001003700944607,0.0117275319572061,0.5622069168897597,20.54891319774208,24.018018774233983,0.4727465433871733
12.43,31.22119003711191,131.01304595129923,198.34319945945367,-0.5660913086857893,-0.0003172610716629,0.4674163448807767,0.0001911167173732,0.1067610038227561,0.0,24.015081388430083,6.016075739575846,-65.11842460703141,0.0409835170773286,113.75294164877978,346.56900752915794,15.288,1.0,4.30288387395285,0.0707300783136494,1.1257444296783008e-05,-0.1870082798492463,9.994650394974688e-05,0.0116953599659098,0.5660913975862164,20.551358358704725,24.015031553177483,0.47945384337238073
12.44,31.22118981380972,131.01304652815992,198.1262689138561,-0.5700344108893228,-0.0003152389533308,0.475483484672367,0.0001871151119256,0.1012743599741182,0.0,24.01218833999682,5.976597735798979,-65.22544378598478,0.04103197376501,113.75289564974152,346.49275960291294,15.288,1.0,4.302094951382273,0.0707213838004275,1.1208562171587327e-05,-0.1865108055384453,9.952498113860766e-05,0.0116630870908218,0.5700344980526907,20.553732166267487,24.012138822377825,0.4861492314057582
12.45,31.22118959193076,131.01304710122923,197.9091794798788,-0.5740479804486476,-0.0003132669487678,0.4834061364238569,0.0001831171323951,0.0958813594372791,0.0,24.00939128859107,5.937272374862021,-65.3321772943425,0.0410808852846713,113.75284915702862,346.41929384597853,15.288,1.0,4.301305450748429,0.0707129719355696,1.1159718322896315e-05,-0.186010830831047,9.910549573485232e-05,0.0116307106950414,0.5740480659234609,20.556033720232183,24.009342080733827,0.4928232556928147
12.46,31.221189371469503,131.01304767052187,197.69193167901324,-0.5781299287740602,-0.0003113453003577,0.4911854640810233,0.0001791237639089,0.0905834308097495,0.0,24.00668896312354,5.898098836697721,-65.43862368627049,0.0411302514889804,113.75280217140812,346.34857276753894,15.288,1.0,4.300515373934461,0.0707048389738203,1.111091392985106e-05,-0.1855083048131521,9.868801094631536e-05,0.0115982266523895,0.5781300126068538,20.5582639547175,24.006640057118123,0.4994682674075278
12.47,31.221189152420525,131.0130482360524,197.47452602181863,-0.5822781310106806,-0.0003094742224486,0.4988226268295844,0.0001751359849141,0.085381961581691,0.0,24.004080105453927,5.859076309937004,-65.54478148715995,0.0411800721769272,113.752754693697,346.2805592967713,15.288,1.0,4.299724722815252,0.0706969812080926,1.1062150180012755e-05,-0.1850031781136518,9.827248995329215e-05,0.0115656309433496,0.5822782132486934,20.56042379417376,24.00403149335674,0.506077190824994
12.48,31.22118893477836,131.01304879783527,197.25696302978773,-0.5864904272425526,-0.0003076539020165,0.5063187792876122,0.0001711547670473,0.080278297775647,0.0,24.00156347028258,5.820203991842239,-65.65064919451704,0.0412303470931616,113.7527067247627,346.21521677778617,15.288,1.0,4.298933499273951,0.0706893949691564,1.101342826930594e-05,-0.1844954029261515,9.785889592459985e-05,0.0115329196562102,0.586490507932251,20.562514153323196,24.00151514412066,0.512643482985015
12.49,31.221188718537583,131.013049355885,197.03924322143183,-0.5907646236715046,-0.0003058844988899,0.5136750716802035,0.0001671810749454,0.0752737435897135,0.0,23.99913782503568,5.781481088241713,-65.75622527886478,0.0412810759282997,113.75265826552268,346.15250896502374,15.288,1.0,4.298141705201956,0.0706820766252939,1.0964749401950736e-05,-0.1839849330301601,9.74471920333396e-05,0.0115000889881858,0.590764702858701,20.56453593710899,23.999089776810955,0.5191610960859683
12.5,31.22118850369284,131.0130499102158,196.8213671142694,-0.5950984937478255,-0.0003041661458124,0.5208926500226161,0.0001632158659856,0.0703695610375214,0.0,23.996801949741105,5.742906813464005,-65.86150818465723,0.0413322583184753,113.75260931694493,346.09240001812395,15.288,1.0,4.297349342474155,0.0706750225819344,1.0916114790384683e-05,-0.1834717238115814,9.703734147257224e-05,0.0114671352464868,0.5950985714774428,20.56649004065393,23.99675417143465,0.5256244425515388
12.51,31.221188290238768,131.01305046084204,196.60333522780863,-0.599489779450128,-0.0003024989488271,0.5279726562727534,0.000159260090112,0.0655669696356997,0.0,23.994554636933024,5.704480390272443,-65.96649633120468,0.0413838938452885,113.75255988004778,346.0348544977766,15.288,1.0,4.296556412990209,0.0706682292813711,1.0867525655173824e-05,-0.1829557322824663,9.662930747083632e-05,0.0114340548493695,0.5994898557668769,20.56837734920498,23.994507120509255,0.5320283626299372
12.52,31.22118807817004,131.01305100777785,196.38514808553143,-0.603936192431541,-0.0003008829873062,0.534916228510142,0.0001553146895742,0.0608671460678507,0.0,23.99239469152941,5.666201049800932,-66.07118811361067,0.0414359820356505,113.7525099559002,345.9798373603363,15.288,1.0,4.295762918649782,0.0706616932024103,1.081898322491341e-05,-0.1824369171000322,9.62230533074504e-05,0.0114008443271172,0.6039362673791654,20.570198738099133,23.992347428940285,0.5383680944452525
12.53,31.22118786748136,131.0130515510374,196.16680620893416,-0.6084354152041052,-0.000299318314267,0.5417245010756603,0.0001513805987387,0.0562712238690756,0.0,23.99032093071784,5.628068031489045,-66.175581903719,0.0414885223615553,113.75245954562152,345.92731395374153,15.288,1.0,4.294968861344277,0.0706554108600194,1.0770488736117867e-05,-0.1819152385849448,9.581854232775678e-05,0.0113675003230215,0.608435488825544,20.57195507272842,23.99027391390698,0.544639246306656
12.54,31.221187658167462,131.01305209063463,195.94831012150183,-0.6129851023934217,-0.0002978049567835,0.54839860472346,0.0001474587439161,0.0517802931378044,0.0,23.98833218385411,5.590080583017956,-66.27967605107176,0.0415415142402965,113.75240865038155,345.8772500127778,15.288,1.0,4.294174242977486,0.0706493788050396,1.0722043433100585e-05,-0.1813906587388859,9.541573795815512e-05,0.0113340195942965,0.6129851747320351,20.573647208501047,23.988285404760887,0.5508377711850885
12.55,31.22118745022309,131.01305262658363,195.72966034373795,-0.6175828819366999,-0.0002963429157898,0.5549396667562345,0.0001435500430427,0.0473954002455168,0.0,23.98642729234928,5.5522379602471,-66.38346888387643,0.0415949570338968,113.75235727140092,345.8296116547614,15.288,1.0,4.293379065457332,0.0706435936238461,1.06736485678432e-05,-0.1808631412613577,9.50146037208782e-05,0.0113003990129707,0.6175829530332209,20.57527599081499,23.98638074291292,0.5569599431831416
12.56,31.22118724364305,131.01305315889832,195.51085740310504,-0.6222263562547967,-0.0002949321667788,0.5613488111677905,0.0001396554055814,0.0431175475508085,0.0,23.984605109553502,5.514539427149751,-66.48695870998336,0.0416488500493536,113.7523054099507,345.7843653747563,15.288,1.0,4.2925833306752175,0.0706380519380094,1.062530539985434e-05,-0.1803326515657451,9.46151032488278e-05,0.0112666355667253,0.6222264261507316,20.57684225503765,23.98455878171708,0.5630023358831828
12.57,31.22118703842214,131.0130536875924,195.2919018250772,-0.6269033030139394,-0.0002935557514399,0.5676285112068216,0.0001357714781092,0.0389452095383283,0.0,23.98286267163247,5.476984261607154,-66.59014381792876,0.0417031925381302,113.75225306735278,345.7414253064576,15.288,1.0,4.291782543076369,0.0706327450172781,1.0577015196455413e-05,-0.1797991580049905,9.42172023726137e-05,0.0112327255786731,0.6269033717414875,20.5783479944084,23.982816560002863,0.5689629816734576
12.58,31.22118683455521,131.01305421267972,195.07279413314188,-0.6316085214478786,-0.0002922088645501,0.5737802746498308,0.0001318975232336,0.0348783400292404,0.0,23.9811983733126,5.4395717916153945,-66.693022481323,0.0417579836887167,113.75220024498825,345.70074479335454,15.288,1.0,4.29097540610327,0.0706276681326218,1.0528779235589972e-05,-0.1792626413646366,9.38208853530322e-05,0.0111986667959702,0.6316085890392185,20.57979432088544,23.98115247325149,0.5748393858960843
12.59,31.22118663203709,131.01305473417395,194.85353485376967,-0.6363521943526228,-0.0002909132386676,0.5798034762748387,0.0001280397427622,0.0309209096698962,0.0,23.97961347439289,5.402301314591245,-66.79559296168016,0.0418132226220928,113.75214694430169,345.66235980954843,15.288,1.0,4.290167710496625,0.0706228249930347,1.0480598798125425e-05,-0.1787230752529002,9.342612128083804e-05,0.0111644578567477,0.6363522608464761,20.581180521263107,23.97956777784822,0.5806274107802499
12.6,31.221186430862687,131.01305525208875,194.63412451541885,-0.6411318439477816,-0.0002896687646118,0.5856992283646058,0.0001241990145032,0.0270737446674545,0.0,23.978106874308,5.365172125922026,-66.89785350455284,0.0418689084025338,113.75209316678986,345.6262382996251,15.288,1.0,4.289359458193191,0.0706182123559322,1.0432475170566053e-05,-0.1781804320034622,9.303287419836876e-05,0.0111300962133751,0.6411319093823609,20.58250739124692,23.978061373244856,0.5863246448705771
12.61,31.221186231026905,131.01305576643767,194.41456364456155,-0.6459449730473724,-0.0002884753089797,0.5914686404234638,0.0001203762069802,0.0233376261764728,0.0,23.97667748391644,5.3281835287907615,-66.99980234009978,0.0419250400389644,113.75203891399975,345.59234856512694,15.288,1.0,4.288550651129716,0.0706138270124075,1.0384409646048744e-05,-0.1776346857265619,9.264110831942824e-05,0.0110955794371368,0.6459450374608671,20.583775716464483,23.976632170320865,0.5919288909069778
12.62,31.22118603252469,131.01305627723417,194.19485277164577,-0.6507890663416827,-0.0002873327141338,0.5971128192619882,0.0001165721791198,0.0197132901164723,0.0,23.97532422540572,5.2913348341138855,-67.10143768410657,0.0419816164846361,113.7519841875291,345.5606592608731,15.288,1.0,4.287741291263867,0.0706096657869483,1.033640352414348e-05,-0.1770858123205439,9.225078804310776e-05,0.0110609052188465,0.6507891297698855,20.58498627246304,23.975279091288527,0.5974381527181613
12.63,31.221185835351008,131.01305678449177,193.97499242314464,-0.6556615915424576,-0.0002862407987567,0.6026328690965524,0.0001127877801517,0.0162014269684104,0.0,23.974046032173646,5.25462536047896,-67.2027577390129,0.0420386366375031,113.75192898902571,345.53113939051985,15.288,1.0,4.286931380532397,0.070605725537086,1.0288458110643457e-05,-0.1765337894826485,9.186187796722168e-05,0.0110260713694055,0.6556616540216312,20.58613982472671,23.97400106957412,0.6028506231832548
12.64,31.221185639500824,131.0130572882237,193.7549831314953,-0.6605600007300976,-0.0002851993577104,0.6080298916202245,0.0001090238492836,0.0128026816357577,0.0,23.97284184874676,5.218054434081902,-67.30376069494585,0.0420960993398333,113.75187332018808,345.503758303068,15.288,1.0,4.286120920901335,0.0706020031531576,1.0240574717346362e-05,-0.1759785967190252,9.14743429017461e-05,0.0109910758203312,0.6605600622953467,20.587237128676374,23.97279704973641,0.6081646731329995
12.65,31.221185444969155,131.01305778844343,193.53482542217887,-0.6654817314747449,-0.0002842081626181,0.6133049860912204,0.0001052812155791,0.0095176532630683,0.0,23.9717106306584,5.181621388665425,-67.40444473075881,0.0421540033785707,113.75181718276464,345.4784856884947,15.288,1.0,4.285309914311617,0.0705984955579433,1.0192754661825876e-05,-0.1754202153539765,9.108814788216504e-05,0.0109559166242326,0.6654817921608992,20.588278929700117,23.97166598734461,0.6133788411513087
12.66,31.221185251751045,131.01305828516408,193.31451983260416,-0.6704242081658737,-0.0002832669625129,0.618459249400154,0.0001015606978416,0.0063468951207572,0.0,23.970651344366,5.145325565456264,-67.50480801507553,0.0422123474855171,113.75176057855374,345.4552915740636,15.288,1.0,4.284498362720914,0.0705951997064297,1.014499926719408e-05,-0.174858628538433,9.0703258182399e-05,0.0109205919552469,0.670424268005707,20.58926596316397,23.970606848895574,0.6184918241665375
12.67,31.221185059841545,131.01305877839883,193.09406688825328,-0.6753848432259987,-0.0002823754834654,0.623493776122588,9.78631042628912e-05,0.0032909144766178,0.0,23.9696629671466,5.109166313103694,-67.60484870733849,0.042271130337016,113.75170350940378,345.4341463210057,15.288,1.0,4.283686268091069,0.0705921125854873,1.009730986185475e-05,-0.174293821257635,9.031963932755956e-05,0.0108851001094525,0.6753849022534031,20.590198954443892,23.96961861170938,0.6235024687672724
12.68,31.221184869235728,131.01305926816084,192.8734671215676,-0.6803610383018317,-0.0002815334292031,0.6284096586032301,9.418923230513158e-05,0.0003501724749906,0.0,23.96874448699119,5.073142987616838,-67.7045649588619,0.042330350554627,113.75164597721256,345.41502061984426,15.288,1.0,4.2828736323672025,0.0705892312135758,1.0049687779247629e-05,-0.1737257803380679,8.993725710664522e-05,0.0108494395051974,0.680361096547931,20.591078618962005,23.968700263823543,0.6284097632263537
12.69,31.22118467992872,131.01305975446311,192.6527210649872,-0.6853501855955236,-0.0002807404815915,0.633207986986383,9.053986853919697e-05,-0.0024749159320197,0.0,23.967894902523778,5.037254952303006,-67.80395491388799,0.04239000670484,113.75158798392752,345.3978854876209,15.288,1.0,4.282060457519529,0.0705865526404945,1.000213435758408e-05,-0.1731544944535733,8.955607758505529e-05,0.0108136086834305,0.6853502430929963,20.59190566221452,23.96785080391205,0.6332128300892882
12.7,31.221184491915647,131.01306023731863,192.43182925294383,-0.6903496690176442,-0.0002799963005521,0.6378898492809615,8.691578837278396e-05,-0.0051839820839011,0.0,23.96711322289021,5.001501577705257,-67.90301671064736,0.0424500972994664,113.7515295315452,345.3827122636408,15.288,1.0,4.281246745505719,0.0705840739470591,9.954650939573954e-06,-0.1725799541307261,8.917606711687118e-05,0.0107776063079567,0.6903497257959916,20.592680779823574,23.967069241174165,0.6379109193612289
12.71,31.221184305191635,131.0130607167404,192.21079221688552,-0.6953369888839822,-0.0002792664373056,0.6424588967144425,8.330907666577582e-05,-0.0077818054123293,0.0,23.96639499302622,4.965882265239923,-68.00174848311448,0.0425106207940347,113.75147062211292,345.3693724630507,15.288,1.0,4.280423463235817,0.0705817820119038,9.90723887379913e-06,-0.172002157209897,8.879720163939222e-05,0.0107414299491336,0.6953370449617136,20.593406781865387,23.96635112595683,0.6425060290794291
12.72,31.221184119751875,131.0130611927412,191.9896104892568,-0.7003262198387931,-0.0002785791841421,0.6469140739746208,7.972719930935987e-05,-0.0102641743204564,0.0,23.965742201958587,4.930396440308916,-68.10014836725992,0.042571575575886,113.75141125774182,345.357923345613,15.288,1.0,4.279598157659622,0.0705796826917968,9.859899513523115e-06,-0.171421108811302,8.841946660054357e-05,0.0107050805337252,0.7003262752432236,20.594082518678444,23.96569844284267,0.6469955013269784
12.73,31.221183935591547,131.0130616653339,191.76828460548413,-0.7053180078048328,-0.0002779397636544,0.65125604258519,7.617228461564736e-05,-0.0126300449322912,0.0,23.965154463845654,4.895043494781093,-68.19821449915369,0.0426329599711353,113.75135144059888,345.3483537393111,15.288,1.0,4.278772313939888,0.0705777748494171,9.812634211649757e-06,-0.1708368052664707,8.804282963401213e-05,0.0106685573671323,0.7053180625649423,20.59470830477968,23.965110805169672,0.6513785050498146
12.74,31.221183752705866,131.0130621345313,191.54681509701896,-0.7103097255784472,-0.0002773477679744,0.6554858826938614,7.264506645291094e-05,-0.0148792317167511,0.0,23.964630828369792,4.859822827108284,-68.2959450130906,0.0426947722517043,113.75129117289964,345.3406362190664,15.288,1.0,4.277945934084992,0.0705760556850665,9.765444324269047e-06,-0.1702492444626747,8.766725818105634e-05,0.0106318596004722,0.710309779722453,20.595284797630043,23.96458726268428,0.6556547408695655
12.75,31.22118357109008,131.01306260034605,191.32520250127808,-0.7152987437036795,-0.0002768027689754,0.6596046724600231,6.914626687141126e-05,-0.0170115954670284,0.0,23.96417035526646,4.824733842662821,-68.39333804263478,0.0427570106360781,113.75123045690722,345.3347436646022,15.288,1.0,4.277119020077891,0.0705745224286819,9.718331210447248e-06,-0.1696584261484511,8.729272001960484e-05,0.0105949865080106,0.7152987972589879,20.595812645127,23.964126875189187,0.6598240091817168
12.76,31.221183390739423,131.01306306279076,191.1034473497143,-0.7202824317820405,-0.0002763043190118,0.663613488060822,6.567659601868987e-05,-0.0190270432627578,0.0,23.96377211424897,4.789775953675031,-68.49039172168641,0.0428196732892946,113.75116929493235,345.3306492576671,15.288,1.0,4.276291573918486,0.0705731723396112,9.67129623190748e-06,-0.1690643519343431,8.691918327529129e-05,0.0105579374871805,0.7202824847754291,20.59629248566808,23.963728712468036,0.6638862057800183
12.77,31.22118321164921,131.01306352187805,190.881550178752,-0.7252581596384772,-0.0002758519508398,0.667513403711237,6.223675187238466e-05,-0.0209255284502721,0.0,23.96343518490919,4.754948579170728,-68.58710418554864,0.0428827583235319,113.75110768933268,345.32832647858334,15.288,1.0,4.275463597602446,0.070572002706317,9.624340752702843e-06,-0.1684670252928249,8.654661643229893e-05,0.010520712058545,0.7252582120958756,20.59672494823545,23.96339185418608,0.6678413177907588
12.78,31.22118303381472,131.01306397762048,190.6595115218336,-0.730223298519175,-0.0002754451777537,0.6713054916839176,5.882742000698181e-05,-0.0227070505983943,0.0,23.9631586566258,4.720251144908443,-68.6834735719941,0.0429462637984017,113.75104564251252,345.32774910269603,15.288,1.0,4.274635093116961,0.0705710108461125,9.577466138882608e-06,-0.1678664515574705,8.617498834425857e-05,0.0104833098657081,0.7302233504664684,20.597110652481017,23.963115389798457,0.6716894198753839
12.79,31.22118285723125,131.01306443003048,190.437331919361,-0.7351752223501731,-0.000275083494531,0.6749908223067502,5.544927358169923e-05,-0.0243716554211983,0.0,23.96294162848471,4.685683083316628,-68.77949802233073,0.0430101877213963,113.75098315692232,345.3288911975737,15.288,1.0,4.273806062466173,0.0705701941049226,9.5306737581514e-06,-0.1672626379213339,8.580426824491313e-05,0.0104457306751987,0.735175273811514,20.59745020880937,23.962898418470434,0.6754306706546087
12.8,31.22118268189419,131.0130648791205,190.21501190080303,-0.7401113089060012,-0.0002747663779865,0.6785704639732631,5.2102973235002087e-05,-0.0259194347061244,0.0,23.962783209185847,4.6512438334306685,-68.87517568246709,0.0430745280483523,113.75092023505808,345.33172711960304,15.288,1.0,4.27297650765846,0.0705695498570111,9.483964979521742e-06,-0.1666555934345657,8.543442575792545e-05,0.0104079743762963,0.7401113599064159,20.597744218474208,23.96274004898412,0.6790653093680272
12.81,31.221182507798847,131.01306532490293,189.99255200457503,-0.7450289409355642,-0.0002744932861173,0.6820454831503713,4.87891666007051e-05,-0.0273505262345166,0.0,23.96268251694345,4.616932840829846,-68.9705047039751,0.0431392826839734,113.75085687946084,345.33623151057606,15.288,1.0,4.272146430676776,0.0705690755046849,9.437341172960391e-06,-0.1660453290012443,8.506543090747562e-05,0.0103700409808141,0.7450289914989947,20.5979932736862,23.96263939963889,0.6825936527330965
12.82,31.221182334940647,131.01306576739,189.76995276412333,-0.7499255074687606,-0.000274263659928,0.6854169443645733,4.55084885394797e-05,-0.0286651136395968,0.0,23.9626386794202,4.582749557574242,-69.0654832451517,0.0432044494823019,113.75079309271636,345.3423792950374,15.288,1.0,4.271315833533737,0.0705687684781033,9.390803709028322e-06,-0.1654318573754457,8.469725412782377e-05,0.0103319306228448,0.7499255576178105,20.59819795770224,23.96259559818524,0.6860160919636377
12.83,31.22118216331496,131.0130662065941,189.54721472084685,-0.7547984048809618,-0.0002740769227242,0.6886859102044322,4.226156069628722e-05,-0.029863426306541,0.0,23.96265083362145,4.548693442140958,-69.16010947207698,0.043270026247078,113.75072887745452,345.3501456768845,15.288,1.0,4.270484718220772,0.0705686262349609,9.34435395851469e-06,-0.1648151931565402,8.432986627307515e-05,0.0102936435584566,0.7547984546386877,20.598358844947345,23.9626077817191,0.6893330899724116
12.84,31.22118199291723,131.01306664252735,189.3243384062065,-0.759630586993786,-0.0002739078211426,0.6918551866707653,3.904276384290069e-05,-0.0309494192344082,0.0,23.96271574548728,4.514763971172605,-69.25438155987668,0.043336010732578,113.75066423634848,345.35943752402454,15.288,1.0,4.269646579115888,0.0705686392503442,9.297993292783388e-06,-0.1641953554219762,8.396324309077102e-05,0.0102551793114265,0.7596306363738645,20.59847788799197,23.962672720147346,0.692547086773545
12.85,31.22118182374288,131.01306707520197,189.1013243586204,-0.7644245967457911,-0.0002737645190339,0.6949252300146908,3.585438506979363e-05,-0.031922421416473,0.0,23.962833447912125,4.480960665069523,-69.34829769832575,0.0434024006317523,113.75059917212728,345.3702558774669,15.288,1.0,4.268803684032409,0.0705688076203793,9.251723084716272e-06,-0.1635723752887242,8.359737802219637e-05,0.0102165395685578,0.7644246457649501,20.598555117389733,23.962790445082035,0.6956580464463835
12.86,31.221181655787355,131.01306750462996,188.878173114521,-0.7691872954305382,-0.000273662496786,0.6978959629780622,3.2700944929182794e-05,-0.032780473169795,0.0,23.96300466568171,4.447283005603757,-69.4418560927988,0.0434691935780624,113.75053368757416,345.3826217332904,15.288,1.0,4.267960270162629,0.0705691334787514,9.205544702177696e-06,-0.162946274454259,8.323224590734916e-05,0.010177725719536,0.7691873441098331,20.598590169471663,23.962961678877235,0.6986653960456781
12.87,31.221181489046145,131.01306793082352,188.6548852113348,-0.7739161304218182,-0.0002736011276317,0.7007684405812848,2.958301581122804e-05,-0.0335239826964638,0.0,23.96322857173189,4.413730475870546,-69.53505496079732,0.0435363871565012,113.7504677855146,345.3965113645693,15.288,1.0,4.267116339536576,0.070569614389067,9.15945951119228e-06,-0.1623170747454819,8.286781918345493e-05,0.0101387384983583,0.7739161787819004,20.598583585471417,23.96318559456726,0.7015698579654869
12.88,31.22118132351473,131.0130683537947,188.431461180526,-0.7786085621963076,-0.0002735797702155,0.703543715790852,2.6501156756331903e-05,-0.0341534029077175,0.0,23.963504347937608,4.3803025650581375,-69.62789253279429,0.0436039789054875,113.75040146881425,345.41190130971995,15.288,1.0,4.266271894192865,0.0705702479412722,9.113468876071804e-06,-0.1616847997929183,8.250407074196851e-05,0.0100995787584239,0.7786086102571353,20.59853589840737,23.963461374127792,0.7043722138623068
12.89,31.22118115918865,131.0130687735553,188.20790156548696,-0.7832620654020727,-0.0002735977676936,0.7062228395201199,2.345591298735164e-05,-0.0346692312123177,0.0,23.9638311850206,4.346998768383256,-69.72036705326505,0.0436719663168427,113.75033474037896,345.4287683687584,15.288,1.0,4.265426936152944,0.0705710317513956,9.06757415902062e-06,-0.1610494750215208,8.214097393685523e-05,0.0100602474719462,0.7832621131836194,20.598447633224573,23.963788208383747,0.707073302566922
12.9,31.221180996063406,131.0130691901173,187.9842068956957,-0.7878741300214082,-0.0002736544483605,0.7088068605877191,2.044781586556328e-05,-0.0350720092620525,0.0,23.964208282476072,4.31381858702607,-69.81247678171287,0.043740346837415,113.75026760315346,345.44708960113985,15.288,1.0,4.264581467442548,0.0705719634613215,9.021776719736528e-06,-0.1604111276407301,8.177850259276222e-05,0.0100207457293591,0.7878741775428256,20.59831930692837,23.964165296935843,0.7096740180308203
12.91,31.22118083413455,131.0130696034927,187.76037771653384,-0.792442262477105,-0.0002737491261445,0.7112968256974553,1.747738276349672e-05,-0.0353623226927353,0.0,23.964634848491908,4.280761528065416,-69.90421999368904,0.0438091178692161,113.75020006012072,345.46684232271906,15.288,1.0,4.2637354900917055,0.0705730407385588,8.976077915008108e-06,-0.159769786633794,8.1416631013118e-05,0.0099810747386549,0.7924423097572881,20.598151428727025,23.964591848079728,0.7121753073639665
12.92,31.22118067339765,131.01307001369318,187.53641455449988,-0.7969639867285345,-0.0002738811010554,0.7136937794050204,1.4545116989010144e-05,-0.0355408008481854,0.0,23.96511009986865,4.24782710441381,-69.99559498180574,0.0438782767710004,113.75013211430064,345.4880041031617,15.288,1.0,4.262889006134741,0.0705742612760008,8.930479098308041e-06,-0.1591254827463377,8.105533398783977e-05,0.0099412358246911,0.796964033785888,20.59794450017785,23.965067078725895,0.7145781689205967
12.93,31.22118051384832,131.0130704207306,187.31231795398355,-0.8014368453185073,-0.0002740496593679,0.7159987640904273,1.165150758420041e-05,-0.0356081164981606,0.0,23.965633261933807,4.215014834752112,-70.08660005674326,0.0439478208587974,113.75006376874948,345.5105527630964,15.288,1.0,4.262042017593099,0.0705756227916718,8.884981619383534e-06,-0.1584782484742336,8.069458680079251e-05,0.0099012304284484,0.8014368921707659,20.597699015340623,23.965590214313977,0.7168836504449823
12.94,31.22118035548209,131.0130708246166,187.08808844943607,-0.8058584004941539,-0.0002742540742137,0.7182128199242757,8.797029282982966e-06,-0.0355649855184274,0.0,23.96620356847111,4.182324243463639,-70.17723354824886,0.0440177474065949,113.74999502655916,345.5344663714819,15.288,1.0,4.261194526496809,0.0705771230285235,8.839586823843324e-06,-0.1578281180507304,8.033436523711556e-05,0.0098610601062452,0.8058584471589958,20.597415460926207,23.96616048874187,0.7190928472568016
12.95,31.22118019829464,131.01307122536292,186.86372657630443,-0.8102262352619798,-0.0002744936059348,0.720336984828158,5.982142385140866e-06,-0.0354121665677908,0.0,23.966820261640688,4.149754860569075,-70.26749380612974,0.0440880536484946,113.74992589085502,345.5597232431455,15.288,1.0,4.260346534880194,0.0705787597541934,8.794296052741896e-06,-0.1571751274328622,7.997464559028318e-05,0.0098207265289152,0.8102262817560225,20.59709431645379,23.966777144285896,0.7212069004717945
12.96,31.221180042281567,131.01307162298127,186.6392328720232,-0.8145379543788492,-0.0002747675021451,0.722372294449933,3.207292561838032e-06,-0.0351504607623806,0.0,23.967482591892768,4.117306221659697,-70.35737920123589,0.0441587367782757,113.74985636479616,345.5863019357301,15.288,1.0,4.259498044756112,0.0705805307607557,8.749110642161334e-06,-0.1565193142871519,7.961540466899932e-05,0.0097802314809293,0.8145380007196423,20.596736054415693,23.96743943151446,0.723226995272546
12.97,31.22117988743855,131.01307201748313,186.41460787104705,-0.8187749808828266,-0.0002750474709969,0.7243216196610264,4.6594144807418083e-07,-0.0347848493084038,0.0,23.96818730189703,4.084977882251721,-70.44688812673165,0.0442297939508469,113.74978645157437,345.61410868739085,15.288,1.0,4.258641812981006,0.0705824264552994,8.704031923565994e-06,-0.1558607212720784,7.925662535716636e-05,0.0097395760431548,0.818775027077448,20.59634252940549,23.96814409754132,0.7251563930973772
12.98,31.221179733761232,131.0130724088801,186.1898521108132,-0.8229429387986468,-0.0002753463019774,0.7261851077594542,-2.238617154074169e-06,-0.0343145167985012,0.0,23.968934928776648,4.0527694379141215,-70.53601900399586,0.0443012222704211,113.74971615442632,345.64315915976806,15.288,1.0,4.25778135856332,0.0705844484190277,8.659061224012039e-06,-0.1551994024468355,7.889830742593706e-05,0.0096987635651804,0.8229429848588368,20.59591348320864,23.968891677480677,0.726995389806384
12.99,31.221179581245323,131.01307279718378,185.9649661297537,-0.8270478583387016,-0.0002756774032322,0.7279628457257215,-4.9025026673078e-06,-0.0337383256963156,0.0,23.96972604913851,4.020680443767615,-70.62477028278063,0.0443730187933224,113.749645476631,345.67347016309014,15.288,1.0,4.256920405358642,0.0705865983494035,8.61419986042527e-06,-0.154535401766445,7.854043134630666e-05,0.0096577967762014,0.8270479042807455,20.595448647038264,23.969682745833275,0.7287442482805032
13.0,31.221179429886487,131.0130731824055,185.7399504573561,-0.8310874517106185,-0.0002760399929415,0.7296558599902577,-7.525323669358619e-06,-0.0330572405146692,0.0,23.97055994525025,3.9887104566078446,-70.7131404378183,0.0444451805403748,113.74957442149622,345.7050211841509,15.288,1.0,4.256058955423224,0.0705888741322777,8.569449142669966e-06,-0.1538687634815993,7.818297585621556e-05,0.0096166778994016,0.8310874975495663,20.594948468030537,23.970516584989557,0.7304043094240324
13.01,31.22117927968045,131.01307356455675,185.51480563304847,-0.8350594578815638,-0.0002764332787633,0.7312651744810301,-1.010670350560976e-05,-0.0322722661252279,0.0,23.97143590730331,3.956859038463404,-70.80112796961376,0.0445177044990866,113.74950299235662,345.73779194026247,15.288,1.0,4.255197010804624,0.0705912736768592,8.524810373491747e-06,-0.1531995334636009,7.782592022837387e-05,0.009575409266199,0.8350595036328584,20.594413387137024,23.971392485265422,0.7319769495494884
13.02,31.221179130622943,131.013073943649,185.2895321932776,-0.8389616435954734,-0.0002768564583915,0.7327918105672055,-1.264628034177539e-05,-0.0313844473101317,0.0,23.972353233346904,3.9251257565282622,-70.88873140536788,0.0445905876241812,113.74943119257333,345.7717623773576,15.288,1.0,4.254334573563444,0.0705937949155134,8.480284848091857e-06,-0.1525277591859684,7.746924427566819e-05,0.0095339933151386,0.8389616892735364,20.593843839293303,23.97230974483612,0.7334635787326145
13.03,31.221178982709727,131.01307431969352,185.0641306725037,-0.8427918042603814,-0.0002773087196602,0.7342367870299578,-1.5143707304201793e-05,-0.0303948683275621,0.0,23.973311229204743,3.89351018309458,-70.97594929989133,0.0446638268396297,113.74935902553146,345.80691266702974,15.288,1.0,4.253471645742893,0.0705964358035227,8.435873853701005e-06,-0.1518534897053904,7.711292835649846e-05,0.009492432590722,0.8427918498794674,20.5932402535996,23.97326766965292,0.7348656392008387
13.04,31.221178835936524,131.0130746927016,184.83860160419417,-0.8465477649283107,-0.0002777892410173,0.735601120007847,-1.759865253350313e-05,-0.0293046524349791,0.0,23.974309208408823,3.862011895485189,-71.06278023650599,0.0447374190396313,113.7492864946396,345.8432232045708,15.288,1.0,4.252608229386183,0.0705991943188858,8.391578669152916e-06,-0.1511767756420366,7.675695337978859e-05,0.0094507297422166,0.8465478105020557,20.59260305349372,23.974265573376883,0.7361846036972293
13.05,31.221178690299148,131.01307506268452,184.61294552281151,-0.8502273812400505,-0.0002782971920792,0.7368858229515642,-2.0010799213390665e-05,-0.0281149614018395,0.0,23.975346492130804,3.830630475985575,-71.1492228279361,0.0448113610905766,113.74921360332752,345.8806746066519,15.288,1.0,4.251744326545221,0.0706020684621175,8.347400564458074e-06,-0.1504976691592023,7.640130080968883e-05,0.009408887522416,0.8502274267827149,20.59193265692656,23.97530277731009,0.7374219738535482
13.06,31.22117854579336,131.01307542965353,184.3871629658004,-0.8538285403062129,-0.0002788317338801,0.738091906587637,-2.2379845677956974e-05,-0.0268269950197703,0.0,23.97642240910666,3.7993655117757545,-71.2352757171865,0.0448856498322321,113.7491403550452,345.9192477086624,15.288,1.0,4.250879939267564,0.0706050562560315,8.30334080037765e-06,-0.1498162239423306,7.604595267026099e-05,0.0093669087863533,0.8538285858312128,20.5912294765433,23.976378610320324,0.7385792785698915
13.07,31.221178402414967,131.01307579361983,184.1612544636493,-0.8573491615828346,-0.0002793920191493,0.7392203788637534,-2.4705505495088447e-05,-0.0254419905943546,0.0,23.97753629556341,3.7682165948620434,-71.32093757840967,0.0449602820793804,113.74906675326116,345.9589235627659,15.288,1.0,4.250015069587731,0.0706081557455152,8.259400627998166e-06,-0.1491324951773883,7.569089154971818e-05,0.0093247964899929,0.8573492071031045,20.5904939198642,23.97749240876767,0.7396580723707653
13.08,31.2211782601598,131.0130761545945,183.93522055181748,-0.8607871978295101,-0.0002799771929587,0.7402722449029449,-2.6987507473783103e-05,-0.0239612223979878,0.0,23.97868749516104,3.7371833220088577,-71.40620711775951,0.0450352546236313,113.74899280146045,345.99968343564586,15.288,1.0,4.24914971956197,0.0706113649973656,8.215581288307028e-06,-0.1484465395286283,7.533610060456461e-05,0.0092825536888694,0.860787243358161,20.5897263894585,23.97864351644641,0.7406599337623015
13.09,31.221178119023698,131.01307651258873,183.70906176477115,-0.8641404271576406,-0.0002805860399843,0.7412485291812961,-2.922568360613565e-05,-0.0223860535440267,0.0,23.979875328193,3.70626529467012,-71.49108307423244,0.0451105642349343,113.7489185031435,346.0415079195293,15.288,1.0,4.248283798627888,0.0706146820095895,8.171884011769474e-06,-0.1477584151157487,7.49815635634547e-05,0.009240183524856,0.8641404727076175,20.588927299226214,23.979831253840903,0.7415864873774679
13.1,31.221177979002498,131.0130768676135,183.4827786339955,-0.8673821300782683,-0.0002811758310948,0.7421528755931888,-3.143053049244576e-05,-0.0207242325592812,0.0,23.98109553125173,3.675462153380379,-71.57556422178457,0.0451862076598274,113.74884386182772,346.084274169376,15.288,1.0,4.2474063033226646,0.0706180942271441,8.128310019491179e-06,-0.1470681898196862,7.46272787019823e-05,0.0091976883804193,0.8673821756486564,20.5880989307895,23.98105136425546,0.7424421765728888
13.11,31.22117784009206,131.01307721967996,183.2563716939588,-0.8705354379625065,-0.0002817881369559,0.742983629077215,-3.359163037745627e-05,-0.0189710731421489,0.0,23.98235117752296,3.6447735427533017,-71.659649375726,0.0452621816085076,113.7487688810616,346.1280710809407,15.288,1.0,4.246528327670941,0.0706216106994219,8.084860520059295e-06,-0.1463759343862811,7.42732472991517e-05,0.0091550736485422,0.8705354835655962,20.58723972179673,23.98230691434592,0.7432257906055945
13.12,31.22117770228827,131.01307756879905,183.02984147515497,-0.873598454481743,-0.0002824220914153,0.743741783467211,-3.570876885910988e-05,-0.0171279894309929,0.0,23.9836416389312,3.6141990771672026,-71.74333738884846,0.0453384827686332,113.74869356440988,346.1728807349996,15.288,1.0,4.245649873720304,0.0706252295765204,8.041536707569914e-06,-0.1456817110612396,7.391945462711606e-05,0.0091123427623742,0.873598500129845,20.58635005814933,23.983597276172816,0.7439389825597609
13.13,31.221177565587,131.01307791498172,182.8031885100662,-0.8765693213947204,-0.0002830768230728,0.7444283293770229,-3.7781746581303706e-05,-0.0151964293620897,0.0,23.98496629463185,3.583738375722759,-71.82662714995706,0.0454151078133097,113.74861791544546,346.2186854199154,15.288,1.0,4.2447709435535685,0.0706289490298531,7.998339763897071e-06,-0.1449855834413069,7.356588653186625e-05,0.0090694992469053,0.8765693670993651,20.585430321629527,23.984921829028465,0.7445834207608188
13.14,31.22117742998416,131.01307825823892,182.5764133321696,-0.8794462184830955,-0.0002837514552993,0.7450442542955547,-3.981037936066724e-05,-0.0131778742489035,0.0,23.98632453079644,3.5533910618589326,-71.90951758463865,0.0454920534030815,113.74854193774732,346.2654676256343,15.288,1.0,4.243891539222728,0.0706327672515071,7.955270858282066e-06,-0.1442876164485057,7.321252943593025e-05,0.0090265467173398,0.87944626425546,20.584480890161807,23.98627995922207,0.7451607872220635
13.15,31.221177295475663,131.0130785985816,182.34951646898,-0.8822273643990433,-0.0002844451064865,0.7455905425393407,-4.179449824737e-05,-0.0110738381338485,0.0,23.98771574055968,3.5231567632836853,-71.99200765601316,0.0455693161878141,113.74846563489888,346.31321004168166,15.288,1.0,4.243011662788578,0.0706366824540949,7.91233114692475e-06,-0.1435878763038838,7.285937034082662e-05,0.0089834888774826,0.8822274102503229,20.583502137984247,23.987671060026837,0.7456727759291625
13.16,31.221177162057444,131.0130789360205,182.12249845497143,-0.884911017373824,-0.0002851568902445,0.746068175204985,-4.3733949589063526e-05,-0.0088858671567774,0.0,23.9891393239503,3.4930351119040832,-72.0740963654723,0.045646892808889,113.74838901048544,346.3618955551853,15.288,1.0,4.242131316307514,0.0706406928705454,7.869521772579204e-06,-0.1428864305007228,7.2506396829224e-05,0.0089403295180983,0.8849110633151959,20.58249443582736,23.989094531610725,0.746121091111545
13.17,31.22117702972543,131.01307927056652,181.89535981765985,-0.8874954759686802,-0.0002858859159026,0.7464781301244765,-4.5628595025739934e-05,-0.0066155388954508,0.0,23.99059468783072,3.4630257437564107,-72.15578275340054,0.0457247799010628,113.74831206809272,346.4115072488228,15.288,1.0,4.241250501844741,0.0706447967539299,7.826843864152012e-06,-0.1421833477772157,7.215359706716897e-05,0.0088970725152296,0.887495522010769,20.581458151086604,23.99054978097606,0.7465074455027095
13.18,31.221176898475584,131.01307960223045,181.66810108754544,-0.8899790797187652,-0.000286631289083,0.7468213818189156,-4.747831144195458e-05,-0.0042644617148552,0.0,23.992081245824902,3.4331282989368,-72.2370658998819,0.0458029740948024,113.74823481130429,346.46202839885314,15.288,1.0,4.240369221447843,0.0706489923772431,7.784298536304612e-06,-0.1414786980886216,7.180095980582733e-05,0.0088537218284894,0.8899791258718178,20.580393648000303,23.9920362218873,0.746833558585728
13.19,31.221176768303884,131.01307993102304,181.4407227971164,-0.892360209865703,-0.0002873921117848,0.7470989014576274,-4.928299104330357e-05,-0.0018342740778646,0.0,23.99359841826188,3.40334242153068,-72.31794492538921,0.0458814720184695,113.74815724369957,346.51344247299903,15.288,1.0,4.239487477168811,0.0706532780332447,7.741886889059506e-06,-0.140772552578934,7.14484743829293e-05,0.0088102814993102,0.8923602561403853,20.57930128781789,23.993553274814523,0.7471011548307228
13.2,31.2211766392063,131.013080256955,181.2132254719052,-0.894637290023137,-0.000288167483103,0.7473116568055082,-5.104254128791552e-05,0.0006733561453228,0.0,23.99514563211327,3.3736677595430207,-72.39841899145891,0.0459602703005269,113.74807936885148,346.56573312880744,15.288,1.0,4.238605271064041,0.0706576520342679,7.699610007411129e-06,-0.1400649835520339,7.109613072411584e-05,0.0087667556491751,0.8946373364292036,20.57818142896974,23.99510036687088,0.7473119619083004
13.21,31.22117651117883,131.01308058003696,180.9856096394324,-0.8968087867921228,-0.0002889564993031,0.7474606121890576,-5.275688495038084e-05,0.0032567323713934,0.0,23.99672232092654,3.344103964827813,-72.47848730134675,0.0460393655715101,113.7480011903248,346.61888421132846,15.288,1.0,4.237722605181121,0.0706621127120289,7.657468960940662e-06,-0.1393560644423753,7.074391934415579e-05,0.0087231484778019,0.8968088333400407,20.577034427237084,23.99667693174577,0.7474677089099359
13.22,31.221176384217465,131.01308090027965,180.75787582920827,-0.8988568269939148,-0.0002897306283821,0.7475483765855376,-5.443297018913871e-05,0.0059099376577587,0.0,23.99832565094219,3.3146507067914315,-72.55814910093878,0.0461187544661496,113.74792271167368,346.67281405751845,15.288,1.0,4.236832238574904,0.0706666517218342,7.615464804004849e-06,-0.1386458729753099,7.039183668193349e-05,0.008679463638645,0.8988568736846668,20.575861761885665,23.998280140161505,0.7475717394750416
13.23,31.22117625831823,131.01308121769367,180.53002456974983,-0.9007870304114092,-0.000290500894312,0.7475752222789195,-5.6068302463248647e-05,0.0086326771913598,0.0,23.999956078910248,3.285307696120412,-72.63740368445433,0.0461984336113718,113.74784393645471,346.72753605410367,15.288,1.0,4.235937245415164,0.070671270408447,7.573598575676624e-06,-0.1379344985848027,7.00398975430564e-05,0.0086357067242638,0.9007870772505048,20.574663270570152,23.999910447136475,0.7476250659418266
13.24,31.221176133477165,131.0130815322896,180.3020563846056,-0.902607451344077,-0.0002912823341955,0.7475411590635681,-5.765893433035007e-05,0.0114255128256283,0.0,24.00161437476735,3.256074599760475,-72.71625039455162,0.0462783996299267,113.74776486822316,346.7830726452789,15.288,1.0,4.235041792746708,0.0706759710388364,7.5318712949371455e-06,-0.1372220194257108,6.968809670960064e-05,0.008591882731226,0.9026074983404304,20.573438647918763,24.001568620245287,0.7476284706737593
13.25,31.221176009690303,131.01308184407804,180.07397180030665,-0.9043167448190436,-0.0002920740540233,0.7474471373760414,-5.920484437353282e-05,0.0142866432721282,0.0,24.003299997163406,3.2269510838356017,-72.7946886181828,0.0463586491557547,113.74768551051676,346.83940839091133,15.288,1.0,4.234145882643575,0.0706807520186968,7.490283963486558e-06,-0.1365085130455745,6.933642685249838e-05,0.0085479961466822,0.9043167919815702,20.57218824205645,24.003254118278285,0.7475836641158216
13.26,31.22117588695368,131.0130821530695,179.84577134437916,-0.905913611654843,-0.0002928751589148,0.7472941039756112,-6.070602607148556e-05,0.0172142423595808,0.0,24.005012411021816,3.197936817961556,-72.87271778698323,0.0464391788372913,113.7476058668528,346.89652802924525,15.288,1.0,4.233249517153041,0.0706856117722108,7.448837565744823e-06,-0.1357940579618083,6.898488122211983e-05,0.0085040515260851,0.9059136589930246,20.570912399258237,24.004966406299435,0.7474923488986008
13.27,31.221175765263368,131.0130824592744,179.61745553739283,-0.907396799124272,-0.0002936847538843,0.7470830018911448,-6.216248769275323e-05,0.0202064598363504,0.0,24.00675108750021,3.169031475174941,-72.9503373778187,0.0465199853397579,113.7475259407255,346.95441647559784,15.288,1.0,4.232352698358065,0.0706905487419349,7.407533068501442e-06,-0.1350787336298307,6.863345364806943e-05,0.0084600534912181,0.9073968466467958,20.56961146408864,24.006704955606946,0.7473562180098439
13.28,31.221175644615474,131.01308276270333,179.38902490787055,-0.9087651012965292,-0.0002945019432102,0.7468147703949012,-6.35742524865185e-05,0.0232614221089046,0.0,24.008515503909106,3.14023473186314,-73.02754691331472,0.0466010653479493,113.74744573560368,347.01305881999593,15.288,1.0,4.2314554283059245,0.0706955613885584,7.366371420571134e-06,-0.134362620410746,6.82821385388857e-05,0.0084160067281824,0.908765149011965,20.56828577956007,24.008469243652044,0.7471769529905236
13.29,31.22117552500604,131.01308306336668,179.16047998035907,-0.9100173596289614,-0.0002953258319412,0.7464903449510532,-6.494135836280478e-05,0.0263772330563749,0.0,24.010305143670013,3.111546267693611,-73.10434596236712,0.0466824155689137,113.74736525492754,347.0724403258831,15.288,1.0,4.230557709057276,0.0707006481907793,7.325353552456307e-06,-0.1336457995387128,6.793093088123471e-05,0.0083719159853748,0.910017407545467,20.56693568726573,24.01025875399681,0.7469562221082522
13.3,31.22117540643119,131.0130833612748,178.93182127046222,-0.9111524633787204,-0.0002961555254209,0.746110657181506,-6.626385806435183e-05,0.0295519748158725,0.0,24.01211949625037,3.082965765543696,-73.18073414063353,0.0467640327342914,113.747284502107,347.13254642816327,15.288,1.0,4.229659542663855,0.0707058076451128,7.2844803760162e-06,-0.1329283530878912,6.757982623915926e-05,0.008327786071429,0.9111525115051686,20.565561527522984,24.01207297624922,0.7466956785506633
13.31,31.22117528888701,131.01308365643814,178.70304930670528,-0.9121693500524616,-0.0002969901297346,0.7456766348256701,-6.754181907044779e-05,0.0327837085910083,0.0,24.013958057108223,3.0544929114300925,-73.25671111100601,0.0468459136034566,113.74720348051812,347.1933627315283,15.288,1.0,4.228760931172937,0.0707110382657283,7.2437527841427715e-06,-0.1322103639390689,6.722882075302792e-05,0.0082836218531379,0.9121693983965112,20.56416363950667,24.013911406007736,0.7463969586190804
13.32,31.221175172369648,131.01308394886695,178.47416460966346,-0.9130670058557218,-0.0002978287529788,0.7451892017026823,-6.877532332563717e-05,0.0360704754743596,0.0,24.015820327640256,3.026127394438564,-73.3322765840651,0.0469280549664199,113.7471221935004,347.25487500873714,15.288,1.0,4.227861876640723,0.0707163385842995,7.20317165044404e-06,-0.1314919157459461,6.687791113815999e-05,0.0082394282533502,0.9130670544252936,20.562742361376408,24.015773544809136,0.7460616799335511
13.33,31.221175056875246,131.0130842385717,178.2451676959372,-0.9138444660306936,-0.0002986705043903,0.7446492776695567,-6.99644674788801e-05,0.0394102972564114,0.0,24.01770581511704,2.9978689066537614,-73.40743031851326,0.0470104536461243,113.74704064435466,347.3170691990612,15.288,1.0,4.226962381105566,0.0707217071498046,7.16273782893459e-06,-0.1307730929010864,6.652709468318864e-05,0.0081952102488516,0.9138445148333064,20.56129803040803,24.01765890006392,0.7456914396442123
13.34,31.22117494239991,131.01308452556253,178.01605909206705,-0.9144868790460152,-0.0002994910679779,0.7440591029232118,-7.111529915433009e-05,0.0427976174814179,0.0,24.01961219882122,2.969717152673794,-73.48217212172942,0.0470931065009949,113.74695883634033,347.37987836385554,15.288,1.0,4.22605631355288,0.0707271371286258,7.122452154080667e-06,-0.1300539826785957,6.617637287903972e-05,0.0081509723823553,0.9144869280828428,20.559831849192943,24.01956515487427,0.7452889303903327
13.35,31.2211748289398,131.01308480984977,177.78683931167407,-0.9149949364168984,-0.0003002921903957,0.7434194679641606,-7.222783281091552e-05,0.0462304825487159,0.0,24.02153922933767,2.941671883913743,-73.55650185476486,0.0471760104154683,113.74687677268552,347.44329545710167,15.288,1.0,4.225144311383157,0.0707326277862637,7.082315441148229e-06,-0.129334685161361,6.582576802015926e-05,0.0081067207179091,0.9149949856890446,20.55834403410225,24.021492059550702,0.7448555350413009
13.36,31.22117471649109,131.01308509144363,177.55750887633164,-0.915380344862709,-0.0003010940433364,0.7427301002896297,-7.32970461870509e-05,0.0497099547731254,0.0,24.023488085544937,2.913732808257892,-73.63041943367696,0.0472591622987557,113.74679445658874,347.5073547527473,15.288,1.0,4.224231868712304,0.0707381825939005,7.042328481489599e-06,-0.1286152892590381,6.547528326067814e-05,0.0080624611028498,0.9153803943775288,20.556834136979976,24.023440789803207,0.7443917563032564
13.37,31.221174605049978,131.0130853703543,177.32806830264397,-0.9156423499944408,-0.0003018957634298,0.7419919038821413,-7.432308812988932e-05,0.053233990145079,0.0,24.02545829708823,2.885899628656511,-73.703924824462,0.0473425591043391,113.7467118911984,347.57204282226706,15.288,1.0,4.223318987600488,0.070743800166455,7.0024920451496175e-06,-0.1278958818621894,6.51249179518339e-05,0.0080181987009607,0.9156423997589118,20.555302494082223,24.025410875412604,0.7438990849956281
13.38,31.22117449461261,131.01308564659195,177.09851810622345,-0.9157802480853096,-0.000302696490796,0.7412057785505936,-7.530612135095676e-05,0.0568005297616783,0.0,24.027449399227184,2.8581720507026844,-73.77701804304586,0.0474261978330849,113.74662907960996,347.6373463957602,15.288,1.0,4.2224056701124,0.070749479135389,6.962806881134111e-06,-0.1271765504181861,6.477467199550505e-05,0.0079739387185734,0.9157802981066095,20.5537494413282,24.0274018517736,0.7433789827598105
13.39,31.221174385175207,131.0130859201668,176.86885880566447,-0.9157933862925748,-0.0003034953694538,0.7403726199050901,-7.624632232968615e-05,0.0604075006811586,0.0,24.02946093277781,2.830549782562066,-73.84969915559422,0.0475100755367172,113.74654602486216,347.7032523599671,15.288,1.0,4.221491918299172,0.0707552181485431,6.923273717150739e-06,-0.1264573828956009,6.44245458414763e-05,0.0079296864023245,0.9157934365778188,20.552175314398323,24.02941325983665,0.7428328804362209
13.4,31.221174276733947,131.01308619108892,176.63909091558693,-0.9156811629334436,-0.0003042915468628,0.7394933193128422,-7.714388139923436e-05,0.0640528168042272,0.0,24.03149244406317,2.803032534904188,-73.9219682788019,0.0475941893206357,113.74646272993472,347.76974775703843,15.288,1.0,4.220577734211934,0.070761015869985,6.883893259358532e-06,-0.1257384677483278,6.407454048456117e-05,0.0078854470369066,0.915681213488809,20.55058044882477,24.03144464605876,0.7422621764579276
13.41,31.221174169285064,131.01308645936837,176.40921495061252,-0.9154430276842512,-0.0003050841756844,0.7385687638600522,-7.799900230482915e-05,0.0677343797453809,0.0,24.033543484859507,2.77562002083298,-73.99382558016175,0.0476785363474996,113.74637919774456,347.8368197831016,15.288,1.0,4.219663119892785,0.0707668709798478,6.844666192126323e-06,-0.1250198938795587,6.372465746144567e-05,0.0078412259428049,0.915443078516735,20.548965180076014,24.033495562349252,0.7416682352865743
13.42,31.2211740628248,131.01308672501523,176.1792314223813,-0.915078481820484,-0.0003058724125439,0.7375998363254078,-7.881190246662446e-05,0.0714500797262066,0.0,24.035613612349067,2.7483119558173854,-74.06527127821235,0.0477631138398582,113.74629543114318,347.9044557864115,15.288,1.0,4.218748077392858,0.0707727821742011,6.8055931778000445e-06,-0.124301750605523,6.337489884720414e-05,0.0077970284740045,0.9150785329364785,20.54732984363664,24.035565566022857,0.7410523859022826
13.43,31.22117395734936,131.0130869880396,175.9491408445224,-0.9145870783326364,-0.000306655419399,0.7365874151402104,-7.958281264913193e-05,0.0751977964479282,0.0,24.03770238906145,2.721108057622887,-74.13630564276589,0.0478479190833682,113.74621143291346,347.972643266014,15.288,1.0,4.217832608745216,0.0707787481648697,6.766674856479309e-06,-0.1235841276190592,6.302526725210753e-05,0.0077528600157001,0.9145871297384934,20.545674775084585,24.03765421974081,0.7404159203224798
13.44,31.221173852855,131.01308724845143,175.71894373166094,-0.9139684221529508,-0.0003074323634408,0.7355323743518157,-8.03119769172803e-05,0.0789754000014545,0.0,24.03980938283187,2.6940080462427107,-74.20692899511374,0.0479329494298276,113.74612720576688,348.04136987032774,15.288,1.0,4.2169167159964696,0.0707847676793145,6.7279118458031804e-06,-0.1228671149530358,6.267576581757993e-05,0.0077087259819861,0.9139684738544844,20.544000310156253,24.039761091469146,0.7397600921751747
13.45,31.221173749337968,131.01308750626072,175.4886405904703,-0.9132221702067016,-0.0003082024176762,0.7344355835898704,-8.099965247067111e-05,0.0827807517431953,0.0,24.041934166740496,2.6670116438297047,-74.27714170821291,0.0480182023012303,113.7460427523394,348.11062339560567,15.288,1.0,4.216000401170648,0.0707908394604488,6.689304740745499e-06,-0.1221508029436206,6.232639821246144e-05,0.0076646318135375,0.913222222209786,20.54230678481481,24.041885754417937,0.7390861153229072
13.46,31.22117364679456,131.01308776147744,175.25823193358931,-0.9123298209156496,-0.000308934232366,0.733299549713313,-8.165390008541415e-05,0.0866070229327949,0.0,24.044074046989127,2.6401185907515257,-74.3469442071991,0.048103675190809,113.74595807519056,348.1803259806598,15.288,1.0,4.215075677338627,0.070796955576457,6.650854113922586e-06,-0.1214352860086684,6.197717497700593e-05,0.007620582494578,0.9123298732167924,20.540595567579,24.044025519713387,0.7383962436919548
13.47,31.22117354522102,131.0130880141115,175.02771826769467,-0.9113006804459988,-0.0003096430096854,0.7321243053636731,-8.22715417128425e-05,0.0904541344082606,0.0,24.046229826150807,2.61332866557034,-74.41633697506344,0.048189365650619,113.7458731768164,348.2505010034946,15.288,1.0,4.214146676894654,0.0708031183905189,6.612560515069374e-06,-0.1207206693341247,6.162812469459998e-05,0.0075765848096836,0.9113007330468776,20.538866433151743,24.046181187540583,0.7376909621951425
13.48,31.22117344461366,131.0130882641728,174.79710010045693,-0.910143379370826,-0.0003103427244222,0.7309099195693294,-8.284922305772781e-05,0.0943221193821196,0.0,24.048402196553475,2.586641599614348,-74.48532055168843,0.0482752712972781,113.745788059644,348.32116865958045,15.288,1.0,4.213217255080986,0.0708093299411835,6.574424467462328e-06,-0.1200070452118329,6.127925467472786e-05,0.0075326446967584,0.910143432277034,20.5371192164529,24.04835344803232,0.7369708132576026
13.49,31.221173344968747,131.01308851167127,174.56637794451822,-0.90885779438045,-0.0003110325925166,0.7296572442761822,-8.338724719652614e-05,0.0982088164846288,0.0,24.050590751207324,2.5600571225603823,-74.55389552922803,0.0483613898295601,113.745702726013,348.392317305584,15.288,1.0,4.212287413952369,0.0708155890300956,6.53644647072887e-06,-0.1192945047043634,6.093057043289474e-05,0.007488767671963,0.908857847597168,20.535354256221,24.05054189432194,0.7362368319457108
13.5,31.2211732462826,131.0130887566168,174.33555230258236,-0.9074438543727869,-0.0003117118369753,0.728367126813578,-8.388592942813329e-05,0.1021120603027697,0.0,24.052795088126,2.5335749659001374,-74.62206255204173,0.0484477190319211,113.74561717817244,348.46393543887206,15.288,1.0,4.211357155531521,0.0708218944736428,6.498627000940979e-06,-0.1185831389846522,6.058207797734585e-05,0.0074449592658179,0.9074439079054556,20.53357189163921,24.05274612454515,0.735490007626747
13.51,31.221173148551514,131.01308899901912,174.10462367934187,-0.9059015405875694,-0.0003123796881309,0.7270404098524552,-8.434559715468691e-05,0.1060296823258509,0.0,24.05501481029521,2.5071948628741705,-74.6898223167477,0.0485342567775561,113.74553141827748,348.5360116963792,15.288,1.0,4.210426481868609,0.0708282451028684,6.460966510471709e-06,-0.1178730392987983,6.023378380402244e-05,0.0074012250208381,0.905901594441586,20.53177246235632,24.05496574180854,0.7347312829917662
13.52,31.221173051771828,131.01308923888809,173.87359258048463,-0.9042308864535108,-0.0003130353839527,0.7256779313688868,-8.476658972853118e-05,0.1099595118267353,0.0,24.05724952561034,2.480916548404968,-74.75717557225501,0.0486210010316635,113.74544544838652,348.6085348532205,15.288,1.0,4.209495394986348,0.0708346397632775,6.423465427861557e-06,-0.1171642969287869,5.988569489155059e-05,0.007357570489164,0.9042309406339306,20.5299563085154,24.05720035412721,0.7339615531500104
13.53,31.22117295593988,131.01308947623352,173.6424595067294,-0.9024319776370944,-0.0003136781704279,0.7242805246099988,-8.514925826607566e-05,0.1138993767993177,0.0,24.05949884684088,2.454739759031833,-74.82412311977528,0.0487079498552829,113.74535927045716,348.68149382125154,15.288,1.0,4.208563896921181,0.0708410773147423,6.386124157695087e-06,-0.1164570031552174,5.953781869574178e-05,0.0073140012301807,0.9024320321482168,20.52812377076574,24.05944957438909,0.7331816648109828
13.54,31.221172861051976,131.01308971106508,173.41122496376664,-0.900504951888062,-0.0003143073014047,0.7228490180550348,-8.549396561201854e-05,0.1178471048511966,0.0,24.061762391573765,2.4286642328446737,-74.89066581281166,0.0487951014079773,113.74527288634368,348.75487764778063,15.288,1.0,4.207631989686668,0.0708475566313265,6.3489430804879646e-06,-0.115751249220025,5.919016314433774e-05,0.0072705228081441,0.9005050067354406,20.526275190278128,24.061713020298317,0.7323924155356574
13.55,31.221172767104505,131.0130899433926,173.17988945032928,-0.8984499990440498,-0.0003149220395924,0.7213842353782486,-8.580108599204018e-05,0.121800524141987,0.0,24.06403978217888,2.402689709419614,-74.95680455712755,0.0488824539516244,113.74518629779328,348.82867551423453,15.288,1.0,4.206699675314676,0.0708540766011922,6.311922552584477e-06,-0.1150471262892026,5.8842736631380605e-05,0.0072271407897961,0.8984500542323703,20.52441090874429,24.06399031434058,0.7315945530793334
13.56,31.22117267409382,131.01309017322572,172.94845346515163,-0.8962673608229554,-0.0003155216562566,0.7198869954107456,-8.607100499983187e-05,0.1257574642734508,0.0,24.066330645751783,2.376815929753973,-75.02254031069262,0.0489700058531095,113.7450995064436,348.9028767348236,15.288,1.0,4.20576695581419,0.0708606361264233,6.2750629060653225e-06,-0.1143447254155563,5.849554801115412e-05,0.0071838607419861,0.8962674163566067,20.522531268381822,24.066281083725915,0.730788774811311
13.57,31.22117258201628,131.01309040057416,172.716917510946,-0.8939555273713766,-0.0003161024155094,0.7183582658270427,-8.630487647046003e-05,0.1297153015042201,0.0,24.06863439962172,2.351042636202042,-75.08787408360969,0.0490577555880833,113.7450125138187,348.9774645365255,15.288,1.0,4.204833045869796,0.0708672334914817,6.238364448666074e-06,-0.1136441375014962,5.814860659238159e-05,0.0071406881656659,0.8939555832538641,20.52063670707081,24.0685847463704,0.7299757975268074
13.58,31.221172490868263,131.01309062544755,172.4852820824725,-0.8914909171058873,-0.0003166235976016,0.716800915994192,-8.65135458346972e-05,0.1336655846734995,0.0,24.07094785278874,2.3253696137454254,-75.15280693973263,0.0491457017387392,113.74492532133192,349.0523464922372,15.288,1.0,4.203887463124588,0.0708738593009534,6.201827464678452e-06,-0.1129454635812506,5.780193927038456e-05,0.0070976284367022,0.8914909733272975,20.518728819242465,24.07089811767033,0.7291570812800318
13.59,31.221172400646168,131.01309084785555,172.25354767846932,-0.8888998078359793,-0.0003171277969114,0.7152135658745657,-8.668693530260929e-05,0.1376124680377411,0.0,24.07327373814151,2.29979663908637,-75.21734000246676,0.0492338429794607,113.74483793030063,349.1276019563744,15.288,1.0,4.202941476117712,0.070880521601615,6.165452211845511e-06,-0.112248803775305,5.7455572221623605e-05,0.0070546886360692,0.8888998644012265,20.516806574854957,24.073223923823655,0.7283320971130374
13.6,31.22117231134637,131.01309106780775,172.02171479369923,-0.886182658074322,-0.0003176143393961,0.7135970149321392,-8.682546863286501e-05,0.1415537992125116,0.0,24.07561170063373,2.274323457704791,-75.28147444905251,0.0493221780961978,113.74475034192648,349.20322074403947,15.288,1.0,4.201995086874834,0.0708872193481723,6.129238921493296e-06,-0.1115542481951571,5.710951586227357e-05,0.0070118742998272,0.886182714986991,20.514870319450026,24.07556180988996,0.7275013301226451
13.61,31.221172222965293,131.0130912853138,171.78978392392085,-0.8833399775489219,-0.0003180825614303,0.711952057510346,-8.692957959484829e-05,0.1454874320553411,0.0,24.07796138977487,2.2489498163062134,-75.34521150828355,0.0494107059965902,113.74466255728504,349.279192798256,15.288,1.0,4.201048297412347,0.0708939515087532,6.093187800372968e-06,-0.1108618866460277,5.676378102506605e-05,0.0069691909517848,0.8833400348139412,20.51292039896281,24.07791142548296,0.7266652135860255
13.62,31.221172135499327,131.01309150038324,171.55775556290524,-0.8803723267131544,-0.0003185318092227,0.7102794828354344,-8.699971202115427e-05,0.1494112275109439,0.0,24.08032245954881,2.223675462632261,-75.40855246032096,0.0494994257130616,113.74457457732277,349.35550818744525,15.288,1.0,4.200101109755918,0.0709007170646724,6.057299030634211e-06,-0.1101718085901471,5.641837895264439e-05,0.0069266441011207,0.8803723843335294,20.510957159707093,24.08027242468922,0.7258241289818417
13.63,31.221172048944908,131.01309171302557,171.32563020343107,-0.8772803164053243,-0.0003189614400005,0.7085800749753399,-8.703631937780942e-05,0.1533230544915898,0.0,24.08269456836269,2.198500145399609,-75.47149863648832,0.049588336405888,113.74448640285404,349.43215710408265,15.288,1.0,4.199153525908037,0.0709075150102779,6.021572769809414e-06,-0.109484103110197,5.6073321290648224e-05,0.0068842392400267,0.8772803743851904,20.508980948337825,24.082644466016852,0.7249784060687672
13.64,31.22117196329848,131.01309192325036,171.09340833132043,-0.8740646076144605,-0.0003193708209094,0.7068546127867545,-8.703986489886851e-05,0.1572207907864637,0.0,24.085077379009817,2.17342361423922,-75.5340514190438,0.0496774373664612,113.74439803455807,349.5091298638058,15.288,1.0,4.19820554787119,0.0709143443528378,5.986009150808529e-06,-0.1087988588728933,5.572862008067198e-05,0.0068419818413626,0.8740646659567528,20.50699211180503,24.08502721235858,0.724128323054258
13.65,31.221171878556447,131.01309213106703,170.8610904453175,-0.8707259111827007,-0.0003197593301118,0.705103869877961,-8.701082120559855e-05,0.1611023239553186,0.0,24.08747055862916,2.148445619636083,-75.59621224093344,0.0497667280205139,113.74430947297552,349.58641690388686,15.288,1.0,4.197257177652502,0.0709212041124302,5.950608281924514e-06,-0.1081161640927551,5.538428775347554e-05,0.006799877356308,0.8707259698914973,20.504990997301885,24.08742033095104,0.7232741068720517
13.66,31.22117179471529,131.01309233648516,170.62867702528342,-0.8672649874575109,-0.0003201263568084,0.7033286145497009,-8.694967011175532e-05,0.1649655522111324,0.0,24.089873778660603,2.1235659128703994,-75.65798258552195,0.0498562079309014,113.74422071850594,349.6640087825032,15.288,1.0,4.196308417254463,0.0709280933217987,5.915370246849354e-06,-0.1074361064960493,5.5040337121653e-05,0.0067579312120401,0.8672650465358006,20.502977952211243,24.089823493330066,0.7224159335320413
13.67,31.221171711771444,131.01309253951413,170.39616856698242,-0.863682645887,-0.0003204713011034,0.7015296097673259,-8.685690254816743e-05,0.168808385288146,0.0,24.09228671479768,2.098784245957732,-75.71936398630393,0.0499458768013561,113.74413177140416,349.74189617678365,15.288,1.0,4.195359268651748,0.0709350110262271,5.880295104700846e-06,-0.1067587732849255,5.4696781372409056e-05,0.0067161488093975,0.8636827053380997,20.500953324048183,24.09223637528342,0.7215539285930118
13.68,31.221171629721383,131.01309274016336,170.16356555226537,-0.8599797447805824,-0.000320793574954,0.6997076130889235,-8.673301817582286e-05,0.1726287453520975,0.0,24.09470904696095,2.0741003715914044,-75.780358026595,0.0500357344789521,113.74404263177756,349.82006988253454,15.288,1.0,4.194409733846846,0.0709419562834506,5.845382890060006e-06,-0.1060842511017772,5.435363406000164e-05,0.0066745355205825,0.8599798046083127,20.49891746038876,24.09465865682403,0.720688167697413
13.69,31.221171548561585,131.01309293844224,169.93086846894795,-0.8561377893050426,-0.0003210602255119,0.6978649597469233,-8.658683189677541e-05,0.1764195590905017,0.0,24.09713827159967,2.0495140605098894,-75.8409663395942,0.0501257809562623,113.74395329958458,349.8984572819798,15.288,1.0,4.193451349283196,0.0709489217224425,5.810633613422553e-06,-0.1054126301700751,5.4010916024656016e-05,0.0066330963474656,0.8561378495006325,20.4968716689235,24.097087839577377,0.7198189844464659
13.7,31.22117146828853,131.01309313436016,169.69807779689495,-0.8521685437736263,-0.0003212887399939,0.6960015532480314,-8.641489275970915e-05,0.1801811632405244,0.0,24.099575322482185,2.025025120356597,-75.90119061389754,0.0502160163557217,113.74386377465044,349.9770855559376,15.288,1.0,4.192488772236381,0.0709559100926888,5.776047260492991e-06,-0.104744010846973,5.366866630047996e-05,0.0065918378905136,0.8521686043359589,20.49481574927527,24.099524854564923,0.7189460488645267
13.71,31.22117138889873,131.01309332792647,169.4651940189545,-0.848081765943314,-0.0003214931783733,0.6941174286555754,-8.621409810730915e-05,0.1839137086601191,0.0,24.10202088240353,2.0006333083287355,-75.96103259176797,0.0503064409366847,113.74377405666038,350.0559746089106,15.288,1.0,4.191525810003766,0.0709629234047058,5.741623789616713e-06,-0.1040784790794134,5.332690145704074e-05,0.0065507657719905,0.8480818268749933,20.492749614781463,24.10197038237316,0.7180691223200018
13.72,31.22117131038867,131.01309351915057,169.2322176209574,-0.8438785161664504,-0.0003216730176008,0.6922133217727375,-8.598497502721059e-05,0.1876151791817493,0.0,24.104474647183945,1.9763383788105688,-76.02049406390846,0.0503970551139197,113.74368414514052,350.1351156821556,15.288,1.0,4.190562464566755,0.0709699607630792,5.707363134656261e-06,-0.1034161187923998,5.298563620730913e-05,0.0065098852186932,0.8438785774707765,20.490673613783184,24.104424118904497,0.7171880825086703
13.73,31.22117123275484,131.0130937080417,168.99914908078372,-0.8395599013478713,-0.0003218277472361,0.6902899627050462,-8.572805800810921e-05,0.1912835755245912,0.0,24.10693631666884,1.952140086574706,-76.0795768689175,0.0504878594596269,113.7435940394562,350.2145001299372,15.288,1.0,4.18959873790675,0.0709770212842511,5.673265205277415e-06,-0.1027570131687552,5.264488557962264e-05,0.0064692014169288,0.8395599630262793,20.488588094269097,24.106885764084517,0.7163027615653216
13.74,31.221171155993776,131.01309389460917,168.76598887830357,-0.8351270744768134,-0.0003219568691224,0.6883480758028697,-8.544388883252993e-05,0.1949169161370072,0.0,24.10940559469172,1.9280381867280945,-76.1382828928555,0.050578854707642,113.74350373880752,350.29411941845547,15.288,1.0,4.188634632014546,0.070984104096411,5.639329887051342e-06,-0.1021012446151262,5.230466490947826e-05,0.0064287195102932,0.8351271365326429,20.48649340378518,24.109355021824975,0.7154129471560691
13.75,31.221171080102,131.01309407886225,168.53273749040477,-0.8305812340734362,-0.0003220598973774,0.6863883796147373,-8.513301642002051e-05,0.1985132380133239,0.0,24.11188218903064,1.9040324346580395,-76.19661406879091,0.0506700417551507,113.74341324222796,350.37396512431275,15.288,1.0,4.187670148871549,0.0709912083393751,5.605557041566558e-06,-0.1014488947283361,5.196498983160685e-05,0.0063884445974623,0.8305812965084125,20.48438988934224,24.11183159998026,0.7145183836573484
13.76,31.22117100507605,131.01309426081016,168.29939539298374,-0.8259236236188878,-0.0003221363589577,0.6844115868227632,-8.479599650583404e-05,0.2020705975039652,0.0,24.11436581136524,1.8801225859799888,-76.25457237632808,0.0507614216659332,113.74332254858103,350.4540289336202,15.288,1.0,4.186705290430987,0.070998333164452,5.571946506551816e-06,-0.1008000442620401,5.162587627167115e-05,0.006348381730012,0.8259236864359739,20.482277897320387,24.1143152103043,0.7136187733960081
13.77,31.22117093091248,131.01309444046214,168.0659630609434,-0.8211555311275996,-0.0003221857938207,0.6824184041754499,-8.443339140360337e-05,0.2055870711565963,0.0,24.116856177251552,1.8563083964852096,-76.31215984111553,0.0508529956728493,113.74323165655804,350.53430264119305,15.288,1.0,4.1857400586695706,0.0710054777343716,5.53849809600807e-06,-0.1001547730937547,5.128734043795704e-05,0.0063085359102561,0.8211555943291813,20.48015777336257,24.11680556842541,0.712713777973397
13.78,31.22117085760781,131.0130946178273,167.83244097018144,-0.8162782884749445,-0.0003222077544454,0.6804095324350208,-8.404576995962798e-05,0.2090607564914469,0.0,24.119353006072167,1.8325896220894964,-76.36937853433523,0.0509447651803299,113.74314056467551,350.6147781491103,15.288,1.0,4.184774455540531,0.0710126412231388,5.505211600351264e-06,-0.099513160192231,5.094939881296927e-05,0.006268912089099,0.8162783520630482,20.47802986227684,24.119302393796453,0.7118030196598714
13.79,31.221170785158623,131.01309479291498,167.5988295896396,-0.8112932708901378,-0.0003222018068932,0.6783856663023986,-8.363370707687356e-05,0.2124897728133431,0.0,24.12185602100756,1.8089660187823768,-76.42623057217409,0.0510367317672896,113.74304927127238,350.695447466117,15.288,1.0,4.183808483006491,0.0710198228159445,5.472086786564376e-06,-0.0988752835852092,5.061206814488845e-05,0.0062295151639199,0.8112933348666773,20.47589450792477,24.121805409666084,0.7108860828497154
13.8,31.221170713561488,131.01309496573418,167.3651293922364,-0.8061864328819132,-0.0003221417744302,0.6763486973319994,-8.320437635775869e-05,0.2158682822782365,0.0,24.124363287197152,1.7854373533260754,-76.48271811544285,0.051128897188483,113.74295777450888,350.7762543799104,15.288,1.0,4.1828354125958365,0.0710270168163838,5.439123398584719e-06,-0.0982412228288704,5.027536958291314e-05,0.0061903497076578,0.806186497239841,20.47375278753241,24.124312685285556,0.7099624515419228
13.81,31.221170642812982,131.01309513629408,167.1313408459216,-0.8009616016632186,-0.0003220312037966,0.6742991617792538,-8.275796945480815e-05,0.2191946838811395,0.0,24.126874813357656,1.7620034389526142,-76.53884337411658,0.0512212633612474,113.74286607238012,350.85719917771803,15.288,1.0,4.181856219411208,0.0710342232503771,5.406321157224711e-06,-0.0976110696195471,4.99393462920274e-05,0.006151421569484,0.8009616663961345,20.471604921816347,24.126824228814453,0.7090315055530596
13.82,31.22117057290968,131.01309530460378,166.8974644246088,-0.7956335427797419,-0.0003218917964524,0.6722367166851039,-8.22896089431446e-05,0.2224704671300826,0.0,24.129391764804204,1.738664038920648,-76.5946086076218,0.0513138323641495,113.74277416271786,350.9383157900196,15.288,1.0,4.180876657956553,0.0710414455490896,5.3736797572662e-06,-0.0969849015838905,4.9604020070751615e-05,0.0061127360079439,0.7956336078897387,20.46945062010595,24.12934120215905,0.7080927331756947
13.83,31.2211705038482,131.01309547067237,166.66350058631164,-0.7902038097663051,-0.0003217231900779,0.6701620322060665,-8.179988615712997e-05,0.225693849623587,0.0,24.13191387896499,1.7154189085721183,-76.65001611837086,0.0514066064588983,113.7426820431678,351.01959662518584,15.288,1.0,4.179896730172287,0.0710486829396876,5.341198870369379e-06,-0.0963627925411157,4.926940840627952e-05,0.0060742976773902,0.79020387525496,20.467290222502857,24.13186334280447,0.7071455789720392
13.84,31.221170435625115,131.0130956345089,166.4294498049463,-0.7846739962637906,-0.0003215250361639,0.668075772075901,-8.128939711757418e-05,0.2288630747434657,0.0,24.134440896891128,1.692267803075098,-76.70506825078716,0.0514995880925293,113.74258971118776,351.1010341929439,15.288,1.0,4.1789164380178505,0.0710559346600186,5.308878145666444e-06,-0.0957448152062156,4.893552899497842e-05,0.0060361111678845,0.7846740621330336,20.46512406756009,24.13439039185655,0.7061894581653073
13.85,31.221170368237047,131.0130957961224,166.19531253952144,-0.7790457352325272,-0.0003212969996242,0.6659785935260055,-8.07587424153777e-05,0.231976412357955,0.0,24.13697256321056,1.669210477377979,-76.75976739066638,0.0515927799003025,113.74249716404468,351.1826211036648,15.288,1.0,4.177935783428904,0.0710631999584617,5.276717209972952e-06,-0.0951310411603021,4.860239973328768e-05,0.005998181003236,0.7790458014836834,20.46295249216687,24.13692209399588,0.7052237584251675
13.86,31.22117030168063,131.0130959555219,165.9610892530228,-0.7733206983164259,-0.0003210387592317,0.6638711472173778,-8.020852688017846e-05,0.2350321595538986,0.0,24.13950862609965,1.6462466861653506,-76.81411596451862,0.0516861847077251,113.74240439881255,351.2643500672024,15.288,1.0,4.176954768345863,0.0710704780938528,5.244715668007996e-06,-0.09452154082145,4.827003870918678e-05,0.005960511639056,0.7733207649510132,20.460775831423557,24.13945819744928,0.7042478417188756
13.87,31.22117023595248,131.0130961127164,165.72678040843624,-0.7675005951009072,-0.0003207500077217,0.6617540771647824,-7.963935937906965e-05,0.2380286413345896,0.0,24.14204883724591,1.62337618381366,-76.86811643889443,0.0517798055317868,113.74231141237168,351.3462138919734,15.288,1.0,4.175973394704387,0.0710777683353725,5.212873102623468e-06,-0.0939163834159959,4.7938464192958696e-05,0.0059231074608468,0.7675006621195226,20.458594418519727,24.141998453952517,0.7032610461857184
13.88,31.221170171049227,131.0130962677148,165.49238646576836,-0.761587172381115,-0.0003204304514396,0.6596280206592621,-7.905185263980483e-05,0.2409642113112331,0.0,24.144592951812903,1.6005987243489654,-76.92177131969481,0.0518736455840869,113.7422182014053,351.4282054840676,15.288,1.0,4.174991664435379,0.0710850699624401,5.181189075041834e-06,-0.0933156369503466,4.760769462834799e-05,0.0058859727821213,0.761587239786493,20.4564085846112,24.14454261871529,0.7022626880455033
13.89,31.22117010696752,131.01309642052613,165.2579078820434,-0.7555822133902556,-0.0003200798112651,0.6574936081967426,-7.844662284744246e-05,0.2438372523750877,0.0,24.14714072840412,1.577914061404578,-76.97508315146592,0.0519677082714306,113.742124762399,351.51031784608887,15.288,1.0,4.174009579455479,0.0710923822646115,5.149663125102817e-06,-0.09271936818329,4.727774862359617e-05,0.0058491118425476,0.7555822811825443,20.45421865869473,24.14709045038494,0.70125206354012
13.9,31.221170043704035,131.01309657115922,165.02334511428813,-0.7494875370697472,-0.0003196978217844,0.6553514633939213,-7.782428961183468e-05,0.246646177370969,0.0,24.14969192903164,1.5553219481799792,-77.02805451667552,0.0520619971985009,113.7420310916385,351.5925440764539,15.288,1.0,4.17302714168132,0.0710997045414825,5.118294771518122e-06,-0.0921276425988253,4.694864494213563e-05,0.0058125288061322,0.7494876052501704,20.45202496748317,24.14964171101522,0.700228450893625
13.91,31.22116998125544,131.01309671962304,164.78869861853588,-0.7432873296834769,-0.000319254854993,0.6532035192695265,-7.719302932875629e-05,0.2493848654760332,0.0,24.152244509505486,1.5328221511517697,-77.08068803523065,0.0521565161682518,113.74193718520904,351.67482467085915,15.288,1.0,4.172036674937979,0.0711070307749839,5.087083512378179e-06,-0.0915405276422967,4.66204078936482e-05,0.0057762275325366,0.7432873982424655,20.44982865358575,24.152194361070134,0.6991907140926269
13.92,31.22116991961836,131.0130968659264,164.55396884883223,-0.7369897326895005,-0.0003187610825557,0.6510499622323074,-7.65514508024984e-05,0.2520530054080295,0.0,24.15479890292581,1.510414480132357,-77.13298636936845,0.0522512691650899,113.74184303901272,351.75717224589846,15.288,1.0,4.171040837372741,0.0711143622405283,5.056028824739322e-06,-0.090958102107558,4.629308289565403e-05,0.0057402132011713,0.7369898016203197,20.447629743519368,24.154748832052046,0.6981380785475274
13.93,31.22116985878952,131.0130970100782,164.3191562602193,-0.730608255556888,-0.000318235552035,0.6488905430886189,-7.589538899069544e-05,0.2546519987278682,0.0,24.15735607255821,1.4880986919999657,-77.18495222277292,0.0523462603569343,113.74174864876694,351.83961486824734,15.288,1.0,4.17004464823195,0.0711217017743655,5.025130162353789e-06,-0.0903804294674547,4.596669236391512e-05,0.0057044901497163,0.7306083248613585,20.445428019670565,24.15730608423459,0.6970699987275676
13.94,31.2211697987656,131.01309715208723,164.0842612968065,-0.7241448635000948,-0.0003176780738216,0.646725857462436,-7.52254680428048e-05,0.257180388057526,0.0,24.159915793164103,1.4658745373650153,-77.23658833417656,0.052441494114244,113.74165400998432,351.9221459945296,15.288,1.0,4.169048109423279,0.0711290487136508,4.99438695867814e-06,-0.0898075697110564,4.564125534742305e-05,0.0056690622135333,0.7241449331782684,20.44322379935188,24.15986589240896,0.6959856983953147
13.95,31.221169739543264,131.01309729196237,163.84928441562462,-0.7176015533385262,-0.0003170884719698,0.6445564936600305,-7.454231407753701e-05,0.25963674928146,0.0,24.162477842754527,1.4437417662054604,-77.28789747632018,0.0525369750126802,113.74155911797068,352.0047591726552,15.288,1.0,4.168051222864034,0.0711364024051145,4.963798627439536e-06,-0.0892395814167243,4.531679099130765e-05,0.0056339331431963,0.7176016233912119,20.44101739692833,24.16242803461382,0.6948843937327369
13.96,31.221169681119253,131.01309742971233,163.6142260578041,-0.7109803525823812,-0.000316466584664,0.6423830325848415,-7.384655483588132e-05,0.2620196921076732,0.0,24.16504200255128,1.42170012783139,-77.33888245513931,0.0526327078343608,113.7414639678235,352.0874480409727,15.288,1.0,4.167053990452257,0.0711437622049424,4.933364562940303e-06,-0.0886765217283731,4.4993318527803005e-05,0.0055991066028823,0.7109804230105737,20.43880912369492,24.164992292096407,0.6937652953689821
13.97,31.22116962349028,131.01309756534587,163.37908667540813,-0.7042833186180827,-0.0003158122647745,0.6402060476555523,-7.313881931995699e-05,0.2643278606421554,0.0,24.167608056959256,1.3997493708508224,-77.38954610893548,0.0527286975686962,113.74136855443136,352.17020632728577,15.288,1.0,4.166056414085988,0.0711511274786993,4.9030841403691405e-06,-0.0881184463323125,4.467085726712229e-05,0.0055645861687924,0.7042833894220352,20.43659928775061,24.16755844928471,0.6926276104196893
13.98,31.221169566653057,131.01309769887175,163.14386671056215,-0.6975125378157142,-0.0003151253788604,0.6380261047230189,-7.241973781373769e-05,0.2665599339309199,0.0,24.17017579353173,1.3778892431363956,-77.4398913075356,0.0528249494132921,113.74127287247305,352.2530278478955,15.288,1.0,4.165058495653626,0.0711584976012267,4.872956716119931e-06,-0.0875654094347086,4.4349426588444926e-05,0.0055303753276135,0.6975126089969655,20.434388193878664,24.17012629375297,0.6914705445135776
13.99,31.22116951060432,131.01309783029868,162.90856660936873,-0.6906701246701196,-0.0003144058080081,0.6358437619706142,-7.168994142661475e-05,0.2687146264984429,0.0,24.172745002941088,1.3561194917934167,-77.48992095143811,0.0529214687753955,113.74117691641612,352.3359065072618,15.288,1.0,4.164060237043579,0.0711658719565459,4.842981628117149e-06,-0.0870174637396404,4.402904593051563e-05,0.005496477475025,0.6906701962282696,20.432176143423376,24.172695616192254,0.6902933037996157
14.0,31.221169455340824,131.01309795963533,162.67318680997988,-0.6837582208400714,-0.0003136534477365,0.6336595698558983,-7.095006189376036e-05,0.2707906888455737,0.0,24.17531547894105,1.334439863128112,-77.53963797094701,0.053018261272822,113.74108068051626,352.41883629607185,15.288,1.0,4.1630616401153455,0.0711732499377672,4.81315819614808e-06,-0.0864746604278174,4.370973478267723e-05,0.0054628959142228,0.6837582927759289,20.42996343417421,24.17526621037269,0.6890950969708998
14.01,31.221169400859303,131.01309808689035,162.4377277545244,-0.6767789943469104,-0.000312868207559,0.6314740709901457,-7.02007314421693e-05,0.2727869079762612,0.0,24.17788701834468,1.3128501026179051,-77.58904532529368,0.0531153327343256,113.7409841588168,352.5018112916898,15.288,1.0,4.162062706742876,0.0711806309470007,4.7834857222014106e-06,-0.085937049135903,4.339151267561973e-05,0.0054296338545154,0.6767790666617,20.427750360244453,24.17783787312156,0.687875137233684
14.02,31.221169347156543,131.0130982120724,162.2021898851319,-0.6697085149200112,-0.0003120066417965,0.6292896739666605,-6.945386335633002e-05,0.2746952854728792,0.0,24.180456870891653,1.2913499848603471,-77.63814600272096,0.0532126891974768,113.74088734515088,352.5847512881936,15.288,1.0,4.161052092375028,0.0711880068877119,4.753963491174119e-06,-0.0854046854032803,4.307441151964369e-05,0.0053966943126065,0.6697085875957504,20.42553840956628,24.18040786100297,0.6866316322788599
14.03,31.221169294229288,131.01309833519008,161.96657363598146,-0.6625716894083665,-0.000311106367449,0.627105331512325,-6.870107858806022e-05,0.276520127470861,0.0,24.183027081055272,1.2699393015362583,-77.68694302637775,0.0533103368862413,113.74079023316504,352.6677158844803,15.288,1.0,4.160039579132521,0.0711953837792488,4.72459076917081e-06,-0.0848776296283014,4.2758473889953645e-05,0.0053640816928376,0.662571762444272,20.423326825279943,24.18297821258135,0.6853644887412262
14.04,31.22116924207433,131.013098456252,161.73087944324172,-0.6553743765140926,-0.0003101733427955,0.6249213074413763,-6.794149737111431e-05,0.2782612470249082,0.0,24.18559780782894,1.2486177952477695,-77.73543944926365,0.0534082822256029,113.74069281630364,352.7507097102399,15.288,1.0,4.15902673073072,0.0712027620900123,4.695366803308222e-06,-0.0843559268744924,4.244371965732889e-05,0.0053317990053887,0.6553744499095537,20.42111572511865,24.18554908591419,0.6840730711745224
14.05,31.22116919068844,131.01309857526672,161.49510773811178,-0.6481188518889628,-0.0003092075530932,0.6227381124547267,-6.717574469148997e-05,0.2799175855542362,0.0,24.18816885941049,1.2273852074020812,-77.78363834962174,0.0535065318541743,113.74059508779646,352.8337271632545,15.288,1.0,4.158013549053148,0.0712101412556576,4.666290824292551e-06,-0.0838396202673057,4.2130168172012006e-05,0.005299849061737,0.6481189256452256,20.418905388189398,24.188120289201628,0.6827566300804186
14.06,31.22116914006844,131.0130986922428,161.25925895477457,-0.6408074126773172,-0.0003082089977003,0.6205562489488751,-6.64044444626113e-05,0.2814881233954524,0.0,24.19074004690076,1.206241278433945,-77.83154282998072,0.0536050926242051,113.74049704065872,352.9167627233022,15.288,1.0,4.157000035954046,0.0712175207203879,4.637362046822376e-06,-0.0833287512862504,4.181783876647899e-05,0.0052682345724357,0.6408074867939667,20.41669608933445,24.190691633544613,0.6814144305279585
14.07,31.221169090211088,131.01309880718867,161.0233335294008,-0.6334423766217058,-0.0003071776898405,0.6183762109291187,-6.562821935114161e-05,0.2829718802164886,0.0,24.19331118428016,1.185185747781818,-77.87915601620686,0.0537039716019168,113.74039866769076,352.9998109513376,15.288,1.0,4.1559861932876565,0.07122489993689,4.608579669964245e-06,-0.0828233597483013,4.1506750746584256e-05,0.0052369581459452,0.6334424510991812,20.41448809902624,24.19326293292147,0.6800457540073107
14.08,31.221169041113257,131.01309892011298,160.7873318842482,-0.6260260810711583,-0.0003061136568057,0.6161984839222864,-6.484769049325544e-05,0.2843679153902589,0.0,24.195882088377143,1.1642183538652189,-77.92648105654897,0.0538031760682268,113.74029996147728,353.0828664886968,15.288,1.0,4.154972022898465,0.0712322783662394,4.579942877533609e-06,-0.0823234837919998,4.1196923382789525e-05,0.005206022287508,0.6260261559094819,20.412281683267985,24.19583400415637,0.6786499002407269
14.09,31.221168992771734,131.01309903102407,160.5512544495261,-0.6185608820261246,-0.0003050169398152,0.6140235448885889,-6.406347728424065e-05,0.2856753283625225,0.0,24.198452578841017,1.1433388340627977,-77.97352112067054,0.0539027135179016,113.74020091438848,353.1659240563612,15.288,1.0,4.153957526630954,0.0712396554778201,4.551450838480234e-06,-0.0818291598622221,4.088837590105261e-05,0.0051754293980665,0.6185609572264397,20.41007710349652,24.198404666892152,0.6772261889625305
14.1,31.221168945183365,131.01309913993043,160.31510165544574,-0.6110491531104083,-0.0003038875935705,0.611851862143123,-6.327619724778894e-05,0.2868932589839454,0.0,24.20102247810832,1.1225469246917943,-78.02027939867706,0.054002591660738,113.74010151857892,353.2489784538745,15.288,1.0,4.152942706310092,0.0712470307492292,4.523102707278713e-06,-0.0813404226956955,4.058112747417681e-05,0.0051451817732239,0.6110492286720923,20.4078746164919,24.20097474355675,0.6757739616634497
14.11,31.221168898344985,131.01309924684043,160.07887392128535,-0.6034932846266609,-0.0003027256869003,0.6096838952570331,-6.248646565413276e-05,0.2880208878482467,0.0,24.2035916113787,1.1018423609888868,-78.066759100134,0.0541028184205002,113.74000176598858,353.33202455907593,15.288,1.0,4.15192756376084,0.0712544036661971,4.494897624323328e-06,-0.0808573053071881,4.027519721304788e-05,0.005115281602257,0.603493360551053,20.405674474285327,24.203544059339,0.6742925832880261
14.12,31.22116885225344,131.01309935176255,159.84257166930644,-0.5958849406542603,-0.0003015134921253,0.6075208303447007,-6.16994601022932e-05,0.2890546746554732,0.0,24.206158802163777,1.0812248818117425,-78.11296345310886,0.0542034019348948,113.73990164834292,353.4150279972907,15.288,1.0,4.150907448034455,0.0712617707655415,4.466834716396312e-06,-0.0803798400064953,3.9970605860101805e-05,0.0050857308213062,0.5958850169335512,20.40347741777228,24.206111440535185,0.672780921288438
14.13,31.22116880690561,131.01309945470513,159.60619532375858,-0.5882178566406878,-0.0003002367129809,0.6053637440722928,-6.092005765323654e-05,0.2899912970416539,0.0,24.208723088165936,1.060694278813628,-78.1588957071818,0.0543043505419787,113.73980115716704,353.4979606314433,15.288,1.0,4.149878544879027,0.0712691292146823,4.438913096944776e-06,-0.0799080720908169,3.966739842494844e-05,0.0050565322398839,0.5882179332610584,20.401284087624926,24.208675927093346,0.6712378257431404
14.14,31.22116876229834,131.01309955567646,159.36974530392385,-0.5805140754611376,-0.0002989279740158,0.6032117475770373,-6.0140810913425984e-05,0.2908349313408681,0.0,24.211286143977027,1.04025029976291,-78.2045591361211,0.0544056727675954,113.73970028379834,353.5808713283656,15.288,1.0,4.148849320823998,0.0712764839438981,4.411131863454247e-06,-0.0794420345765769,3.9365602425886655e-05,0.0050276884438657,0.5805141524233802,20.39909382058901,24.211239188480672,0.6696636269948577
14.15,31.22116871842853,131.0130996546849,159.13322202809087,-0.5727760559387953,-0.0002975874176684,0.6010652649017373,-5.936231757725528e-05,0.2915849278047337,0.0,24.213847805041773,1.0198926749240076,-78.24995702994892,0.0545073773471158,113.73959901936452,353.66375525525814,15.288,1.0,4.147819777717904,0.0712838344691019,4.383490100285735e-06,-0.0789817533263372,3.906523638500327e-05,0.0049992011794231,0.572776133242337,20.396906849562534,24.213801060119515,0.6680578016295986
14.16,31.22116867529305,131.01309975173882,158.89662591156724,-0.5650062683108009,-0.0002962151993311,0.5989247109016524,-5.85851718061373e-05,0.2922406789445622,0.0,24.216407909420795,0.999621133391553,-78.29509269304478,0.0546094732291475,113.73949735477991,353.7466076534578,15.288,1.0,4.146789917354921,0.0712911803139084,4.355986879762035e-06,-0.0785272524140754,3.876631870527954e-05,0.0049710720815852,0.5650063459562032,20.39472340227347,24.21636138004609,0.6664198580405817
14.17,31.22116863288881,131.01309984684636,158.65995736966184,-0.5572071933757465,-0.0002948114874313,0.5967904911579206,-5.7809963992627166e-05,0.2928016197883146,0.0,24.21896629777888,0.9794354030775524,-78.33996944311876,0.0547119695744958,113.73939528074636,353.8294238379916,15.288,1.0,4.145759741548988,0.0712985210096032,4.328621262587195e-06,-0.0780785541158587,3.84688676624637e-05,0.0049433026735291,0.5572072713634927,20.39254370120703,24.21891998889873,0.6647493378929872
14.18,31.221168591212727,131.01309994001582,158.42321681470256,-0.5493813213755102,-0.0002933764639491,0.5946630019056433,-5.703728040140111e-05,0.2932672280518436,0.0,24.22152281334965,0.9593352107000034,-78.38459061017866,0.0548148757546775,113.739292787755,353.9121991965984,15.288,1.0,4.144729252094275,0.0713058560950387,4.301392298268738e-06,-0.0776356789012677,3.8172901396784274e-05,0.0049158943659165,0.5493813997069698,20.39036796354901,24.221476729882458,0.6630458175253762
14.19,31.221168550261687,131.01310003125545,158.18640465901868,-0.5415311510118087,-0.0002919103233101,0.5925426299534238,-5.626770319841771e-05,0.2936370243260108,0.0,24.224077301912104,0.939320281772506,-78.4289595354929,0.0549182013525476,113.7391898660857,353.99492918916724,15.288,1.0,4.143698450784955,0.0713131851165625,4.274299025542683e-06,-0.0771986454255882,3.787843790452605e-05,0.0048888484562827,0.5415312296861704,20.38819640112928,24.224031448745745,0.6613089093103228
14.2,31.221168510032648,131.0131001205734,157.9495213119583,-0.5336591883793652,-0.0002904132728396,0.5904297526139817,-5.550181011388607e-05,0.2939105722249219,0.0,24.226629611760863,0.91939034059497,-78.47307957054963,0.0550219561603716,113.73908650580884,354.07760934680726,15.288,1.0,4.142667339400369,0.0713205076279335,4.247340472801064e-06,-0.0767674705227227,3.758549503028932e-05,0.0048621661284665,0.5336592673972996,20.386029220371952,24.22658399375064,0.6595382629672365
14.21,31.221168470522542,131.01310020797783,157.71256717889426,-0.5257679459773422,-0.0002888855326849,0.588324737628835,-5.4740174243750045e-05,0.2940874785351154,0.0,24.229179593683792,0.8995451102454693,-78.51695407601098,0.0551261501793841,113.73898269678618,354.16023527124054,15.288,1.0,4.141635919724806,0.0713278231902549,4.220515658522003e-06,-0.0763421691988847,3.729409045871132e-05,0.0048358484520948,0.525768025340276,20.3838666222472,24.229134215650436,0.6577335668290514
14.22,31.221168431728287,131.01310029347692,157.47554267315323,-0.5178591667820067,-0.0002873260523341,0.586227993972796,-5.3983690630898446e-05,0.2941671955228443,0.0,24.231727031531424,0.8797843125738835,-78.56058642066446,0.0552307936188582,113.73887842867154,354.24280060496426,15.288,1.0,4.1406038585581415,0.0713351311675775,4.193823591701664e-06,-0.0759227546270737,3.700424170664154e-05,0.0048098963683397,0.5178592464887157,20.38170883820581,24.231681898460664,0.6558945058112491
14.23,31.22116839364688,131.01310037707876,157.23844819414643,-0.5099061799909691,-0.0002856867371743,0.5841418157250253,-5.324564788850905e-05,0.2941417107858395,0.0,24.23426918057648,0.8601077104314543,-78.60397998207209,0.0553358968892039,113.73877369091804,354.3252250474856,15.288,1.0,4.139558496083632,0.0713424234801642,4.167263272516353e-06,-0.0755092488729255,3.6715983837546015e-05,0.0047843108838022,0.5099062600205626,20.379557413792725,24.23422430500874,0.6540191203150325
14.24,31.221168356275257,131.0131004587914,157.00128414526247,-0.5019416619192658,-0.0002840177817466,0.5820645965568532,-5.251434615068959e-05,0.2940181786189676,0.0,24.23680861184032,0.840515061939462,-78.64713815236964,0.0554414705775935,113.73866847280308,354.40758371861494,15.288,1.0,4.1385128266876325,0.0713497076971695,4.140833690030616e-06,-0.0751016731943029,3.642935342564277e-05,0.0047590940098476,0.5019417422714553,20.37741113464908,24.23676399843149,0.6521087997267511
14.25,31.221168319610413,131.01310053862295,156.76405092790353,-0.4939681515267951,-0.0002823194737313,0.5799966655397951,-5.179033173814476e-05,0.2937963831276358,0.0,24.23934518521569,0.8210060844477824,-78.69006433125492,0.0555475254663921,113.73856276340932,354.48987247842047,15.288,1.0,4.137466852137427,0.0713569834065118,4.114533823522442e-06,-0.0747000350969142,3.614436718163381e-05,0.0047342463462313,0.4939682322020032,20.3752701801392,24.239300838576455,0.6501634021216512
14.26,31.22116828364933,131.0131006165815,156.5267489434711,-0.4859881895787572,-0.000280592114455,0.5779383417157303,-5.107414459208972e-05,0.2934761523602436,0.0,24.2418787630426,0.8015804943579368,-78.73276192224702,0.055654072541527,113.73845655161664,354.5720872565981,15.288,1.0,4.136420574205302,0.0713642502033158,4.088362644543584e-06,-0.074304340230022,3.586104160344769e-05,0.0047097683761135,0.4859882705782942,20.373134723932687,24.24183468773633,0.6481828302553759
14.27,31.221168248389,131.01310069267493,156.2893785883996,-0.4780043168637257,-0.0002788360167005,0.575889934128395,-5.036631862911523e-05,0.2930573581465151,0.0,24.24440920999952,0.7822380068188644,-78.77523433162389,0.0557611229910775,113.73834982610292,354.65422404910504,15.288,1.0,4.135373994648531,0.0713715076895976,4.062319117361215e-06,-0.07391459238477,3.5579392968536325e-05,0.0046856604658189,0.4780043981887721,20.37100493403745,24.24436541054044,0.6461670325318276
14.28,31.221168213826424,131.01310076691132,156.05194025912397,-0.4700190731413337,-0.0002770515047646,0.573851741756954,-4.966738150646151e-05,0.2925399160963578,0.0,24.24693639307741,0.7629783357276034,-78.8174849673551,0.0558686882039033,113.7382425753464,354.7362789178728,15.288,1.0,4.134327115204357,0.0713787554741779,4.036402199400283e-06,-0.0735307934933157,3.529943732690077e-05,0.004661922864674,0.4700191547929891,20.36888097278948,24.246892873928807,0.6441160039107883
14.29,31.221168179958624,131.01310083929857,155.81443435207984,-0.4620349961503625,-0.0002752389143478,0.5718240534693885,-4.897785443204267e-05,0.2919237855934605,0.0,24.249460181558664,0.7438011937315008,-78.85951723803879,0.0559767797684705,113.73813478762608,354.81824798989334,15.288,1.0,4.133279937610023,0.0713859931726284,4.010610841686732e-06,-0.0731529436287711,3.502119049382589e-05,0.0046385557048871,0.4620350781300679,20.366762996845587,24.2494169471311,0.6420297867857916
14.3,31.221168146782617,131.01310090984464,155.57686125674647,-0.4540546205715431,-0.0002733985923038,0.5698071479706736,-4.8298252035517847e-05,0.2912089697592055,0.0,24.25198044699223,0.7247062922315212,-78.9013345518358,0.056085409470212,113.7380264510248,354.9001274566116,15.288,1.0,4.132232463602774,0.0713932204071962,3.984943989291088e-06,-0.0727810410058563,3.4744668042977285e-05,0.0046155590014793,0.4540547028804102,20.364651157184053,24.251937501641777,0.6399084717984378
14.31,31.22116811429545,131.01310097855745,155.3392213665799,-0.4460804769711639,-0.0002715308967467,0.5678012937595914,-4.7629082090328575e-05,0.2903955153907847,0.0,24.25449706316697,0.7056933413876664,-78.94294031540493,0.0561945892917658,113.73791755342914,354.9819135731179,15.288,1.0,4.131184694909843,0.0714004368067278,3.959400581772072e-06,-0.0724150819823709,3.44698852993367e-05,0.0045929326522656,0.4460805596104299,20.36254559911044,24.254454411193446,0.6377521986027761
14.32,31.221168082494177,131.0131010454448,155.1015150700667,-0.4381150907806619,-0.0002696361968905,0.5658067490794872,-4.6970845379465486e-05,0.2894835128891177,0.0,24.25700990608826,0.6867620501251853,-78.98433793283981,0.0563043314094313,113.73780808253288,355.06360265770456,15.288,1.0,4.130136633253453,0.0714076420065948,3.933979553620568e-06,-0.0720550610614222,3.419685733238516e-05,0.0045706764378895,0.4381151737522359,20.360446462267934,24.256967551733496,0.6355611565732933
14.33,31.221168051375848,131.0131011105146,154.86374275370787,-0.4301333329151667,-0.0002676691388792,0.5638255335419242,-4.633601744068e-05,0.2884658374388211,0.0,24.25951649405824,0.6679121579700501,-79.0255308056568,0.056414648189637,113.73769802584088,355.145121996336,15.288,1.0,4.129076306031059,0.0714148287015926,3.908679834875654e-06,-0.0717009788853081,3.392561214057127e-05,0.0045487900863643,0.4301334161974596,20.358355184135075,24.259474448688223,0.6333338565007735
14.34,31.221168020937508,131.0131011737747,154.6259048079798,-0.4221619187361882,-0.0002656701577629,0.5618563966485453,-4.5715434879060976e-05,0.2873485072467108,0.0,24.262018797972555,0.6491434214229714,-79.06652233892765,0.0565255521607688,113.73758737069733,355.22652922117544,15.288,1.0,4.128014117465621,0.0714220026940512,3.8835003492864e-06,-0.0713528408898186,3.3656188404893985e-05,0.0045272744693858,0.4221620023290937,20.35627075419149,24.26197706660176,0.6310719270904873
14.35,31.221167991176262,131.01310123523277,154.38800161242713,-0.4142069947907451,-0.0002636456796933,0.5598993371266817,-4.510804885367061e-05,0.2861326679434739,0.0,24.264517011262328,0.6304555454686691,-79.10731593576739,0.0566370560284399,113.73747610427075,355.30782993859304,15.288,1.0,4.126951637329928,0.0714291645537859,3.858440014805248e-06,-0.0710106361938799,3.338860062946432e-05,0.0045061290857416,0.4142070786958741,20.35419312452197,24.264475597895803,0.6287759325976814
14.36,31.221167962089183,131.01310129489667,154.15003355454687,-0.4062710677821685,-0.0002615961353891,0.5579545719610289,-4.451432347930475e-05,0.2848185873208973,0.0,24.267011018051548,0.6118482336972136,-79.14791499242554,0.0567491726853641,113.7373642135436,355.38902069843846,15.288,1.0,4.125888867312674,0.0714363139400755,3.833497746076827e-06,-0.0706743517662413,3.312286252178676e-05,0.0044853532391954,0.4062711520016282,20.352122412652037,24.26696992662669,0.6264462738632992
14.37,31.221167933673385,131.01310135277413,153.9120010099098,-0.3983566341604696,-0.0002595219652734,0.5560223076682634,-4.393471483077326e-05,0.2834065763405291,0.0,24.269500704573968,0.5933211885153294,-79.18832289720986,0.0568619152102924,113.73725168531377,355.4700981106613,15.288,1.0,4.124825809138044,0.0714434505184142,3.8086724549055615e-06,-0.0703439727348151,3.285898748735883e-05,0.0044649461166874,0.3983567186962103,20.350058730534464,24.269459938958992,0.6240834047369472
14.38,31.221167905925952,131.01310140887284,153.67390436005087,-0.3904661789472906,-0.0002574236196522,0.5541027402813095,-4.336967069586673e-05,0.2818969889018365,0.0,24.27198595913639,0.5748741111644275,-79.22854302943449,0.056975296866051,113.73713850619596,355.55105884443594,15.288,1.0,4.123762464494726,0.0714505739603996,3.783963050697879e-06,-0.0700194823935585,3.25969886236474e-05,0.0044449067886665,0.3904662638019852,20.348002184597995,24.27194552312877,0.6216878324529979
14.39,31.22116787884401,131.01310146320048,153.43574398650668,-0.3826021747799993,-0.0002553015578409,0.5521960553335685,-4.2819630610097016e-05,0.2802902216456242,0.0,24.274466672098928,0.556506701741995,-79.26857875837027,0.0570893310973975,113.73702466262466,355.63189962747174,15.288,1.0,4.122698835056199,0.0714576839436785,3.7593684409028776e-06,-0.0697008622101425,3.2336878714229225e-05,0.0044252342094751,0.3826022599563846,20.34595287579344,24.274426569424,0.6192601179711377
14.4,31.221167852424703,131.0131015157647,153.197520255905,-0.3747670810092168,-0.0002531562488455,0.5503024278326893,-4.228502549634153e-05,0.2785867137510147,0.0,24.27694273586009,0.5382186592262063,-79.30843344220078,0.0572040315293451,113.7369101408553,355.7126172458908,15.288,1.0,4.1216349225212925,0.0714647801518965,3.734887531451492e-06,-0.0693880918343812,3.20786702233218e-05,0.0044059272177883,0.3747671665119365,20.343910899640196,24.27690297016951,0.6168008762519436
14.41,31.221167826665155,131.0131015665731,152.95923354879002,-0.3669633425430051,-0.0002509881703341,0.5484220222730726,-4.176627774201016e-05,0.276786946647866,0.0,24.279414044820086,0.5200096815033766,-79.34811042698297,0.0573194119646796,113.73679492696706,355.7932085427692,15.288,1.0,4.120570728543201,0.0714718622745994,3.710519227194108e-06,-0.0690811491073911,3.1822375290016736e-05,0.0043869845370884,0.3669634283740112,20.34187634629157,24.279374619690483,0.6143107764748695
14.42,31.22116780156253,131.01310161563333,152.7208842387488,-0.3591933890292046,-0.0002487978090212,0.5465549926111277,-4.126380091620973e-05,0.2748914437955988,0.0,24.28188049537181,0.5018794654004408,-79.38761304561302,0.0574354863822083,113.73667900686468,355.8736704183024,15.288,1.0,4.119506254800468,0.0714789300071983,3.68626243233606e-06,-0.0687800100715106,3.156800572316504e-05,0.0043684047762052,0.3591934751937612,20.33984930058814,24.28184141430336,0.611790542197965
14.43,31.221167777113983,131.01310166295292,152.4824726914185,-0.3514302077974177,-0.0002465370339236,0.544703304622258,-4.07907852691569e-05,0.2728930210193592,0.0,24.28433958027617,0.4838277422482569,-79.4269446180535,0.0575522689306165,113.73656236628464,355.95392930772414,15.288,1.0,4.118428765052742,0.0714859759695149,3.6621160509789664e-06,-0.0684846579603344,3.131558781173693e-05,0.0043501865693426,0.351430294271536,20.33783125294149,24.28430085432944,0.6092391095878276
14.44,31.22116775331668,131.0131017085394,152.24399927541896,-0.3437034572747778,-0.0002442514088373,0.5428654697915501,-4.033665555743885e-05,0.2707989292513048,0.0,24.286793453069794,0.465854254777768,-79.46610845762618,0.0576697739000631,113.73644499082414,356.0340482597658,15.288,1.0,4.117349978952798,0.0714930065013731,3.638078985071841e-06,-0.0681950794293716,3.106515606887468e-05,0.0043323296061038,0.343703544061925,20.335820973236054,24.28675508614821,0.6066588662524429
14.45,31.221167730167814,131.0131017524003,152.00546436235177,-0.3360178816655443,-0.0002419453560601,0.5410414675038334,-3.9900803017010255e-05,0.2686104190444922,0.0,24.28924220887383,0.447958696277777,-79.50510786492502,0.0577880157388168,113.73632686592413,356.1140299960452,15.288,1.0,4.116270914472244,0.0715000218831913,3.614150135336864e-06,-0.0679112452164139,3.081672130055166e-05,0.0043148321916527,0.336017968769803,20.33381841822493,24.28920420418617,0.6040508491592685
14.46,31.221167707664566,131.0131017945431,151.76686831586926,-0.3283758518848407,-0.0002396194152085,0.5392314096797333,-3.948359757579988e-05,0.2663281831452097,0.0,24.29168575131309,0.4301407592677646,-79.54394612323331,0.05790700906217,113.73620797686024,356.1938716241278,15.288,1.0,4.115191573270216,0.0715070218316713,3.590328403573782e-06,-0.0676331241251698,3.05702936618214e-05,0.0042976924727396,0.3283759393115304,20.331823652377512,24.291648111983367,0.6014160090000723
14.47,31.221167685804165,131.01310183497523,151.52821149862953,-0.3207797185811057,-0.0002372741337884,0.5374353977149852,-3.9085399390104216e-05,0.2639529549244161,0.0,24.294123985891986,0.4124001354591272,-79.58262649750928,0.0580267686513876,113.73608830874412,356.27357030507574,15.288,1.0,4.114111956990442,0.0715140060690586,3.5666126930985528e-06,-0.0673606832121961,3.032588293796236e-05,0.0042809084842676,0.3207798063332714,20.329836735194963,24.294086714958205,0.5987553512563071
14.48,31.2211676645838,131.01310187370416,151.28949427130416,-0.3132318112113998,-0.0002349100665007,0.5356535224836589,-3.8706558861926095e-05,0.261485508009955,0.0,24.296556819973567,0.3947365158399345,-79.62115223338826,0.0581473094503135,113.73596784652646,356.35312325361275,15.288,1.0,4.113032067266377,0.0715209743230627,3.5430019091660183e-06,-0.0670938878012464,3.008349854013176e-05,0.0042644781501252,0.3132318992969554,20.327857721299424,24.296519920386608,0.596069935952631
14.49,31.221167644000715,131.01310191073725,151.05071699655414,-0.3057344371386375,-0.0002325277748239,0.5338858643844143,-3.8347416591193166e-05,0.2589266559032151,0.0,24.29898416275988,0.3771495907782936,-79.65952655619452,0.0582686465646259,113.73584657499812,356.43252773684753,15.288,1.0,4.111951905731472,0.0715279263268173,3.519494959389613e-06,-0.0668327014983806,2.9843149501245865e-05,0.0042483992840502,0.3057345255628214,20.325886660525168,24.298947637382422,0.5933608773733229
14.5,31.22116762405213,131.01310194608183,150.8118800340586,-0.2982898807044914,-0.0002301278275113,0.5321324933555364,-3.800830309267484e-05,0.2562772515715595,0.0,24.30140592527,0.3596390501503872,-79.69775266996001,0.0583907952580654,113.73572447879398,356.51178107437016,15.288,1.0,4.110871474014046,0.0715348618187984,3.496090754157893e-06,-0.0665770862077267,2.960484447192653e-05,0.0042326695905542,0.298289969474451,20.323923598015128,24.301369776875383,0.5906293436686696
14.51,31.22116760473532,131.0131019797453,150.5729837345523,-0.2909004022771704,-0.0002277107995404,0.5303934689306247,-3.7689538917155576e-05,0.2535381870138344,0.0,24.30382202031456,0.3422045835003381,-79.73583375645462,0.0585137709511177,113.73560154239392,356.5908806369965,15.288,1.0,4.109790773716734,0.0715417805427624,3.472788207047641e-06,-0.0663270021479692,2.936859171658589e-05,0.0042172866658799,0.2909004913998809,20.321968574323986,24.30378625158581,0.5878765564121645
14.52,31.22116758604752,131.01310201173493,150.3340284606989,-0.2835635308530275,-0.0002252695012213,0.5286691180810504,-3.739343026884309e-05,0.2507091829102677,0.0,24.30623199209992,0.3248458808232927,-79.7737729742236,0.0586375892182332,113.73547775012617,356.6698129766964,15.288,1.0,4.108707775160744,0.0715486811574295,3.449586235238671e-06,-0.0660824079780102,2.913439928867064e-05,0.0042022479418787,0.2835636203318106,20.320021854657075,24.30619660684941,0.5851035226405651
14.53,31.221167567986008,131.013102042058,150.09501456025237,-0.2762586447419178,-0.0002227668272329,0.5269608673538455,-3.713048115386476e-05,0.2477850190041609,0.0,24.30863397496004,0.3075626853115477,-79.81157346023187,0.0587622657770503,113.7353530861779,356.74852325717285,15.288,1.0,4.107612575431473,0.0715555581713919,3.426483759785245e-06,-0.0658432745619309,2.8902297698180908e-05,0.0041875513831499,0.276258734556107,20.318084583228146,24.308598982828645,0.5823102031940383
14.54,31.22116755054808,131.01310207072174,149.85594238693287,-0.2690156630237346,-0.0002202491704419,0.5252671404159059,-3.6889622029591896e-05,0.2447735856167433,0.0,24.31103007934525,0.290354717290003,-79.849238335384,0.0588878164627054,113.73522753462149,356.8270733350541,15.288,1.0,4.106517108522875,0.0715624177974764,3.4034797030794587e-06,-0.0656095668031569,2.867230990327166e-05,0.0041731952608187,0.2690157531838038,20.316155438496487,24.31099548268646,0.57949950679636
14.55,31.22116753373101,131.01310209773337,149.61681228949016,-0.2618367541325656,-0.0002177171506112,0.5235879556363074,-3.667112491595069e-05,0.241675930567911,0.0,24.31342022455811,0.2732216672181325,-79.88677069643259,0.0590142572512996,113.73510107939052,356.9054607680964,15.288,1.0,4.1054213760374765,0.0715692597985515,3.3805729912257337e-06,-0.0653812382032114,2.844444231196572e-05,0.0041591767391086,0.2618368446472289,20.31423444376028,24.313386025628063,0.5766728743820407
14.56,31.221167517532106,131.01310212310008,149.3776246176702,-0.2547240580955968,-0.000215171392654,0.5219233211882484,-3.647525105745113e-05,0.2384931385750896,0.0,24.31580433159773,0.2561632271175524,-79.92417361307464,0.0591416042641582,113.73497370427576,356.9836831627485,15.288,1.0,4.104325379567396,0.0715760839424841,3.357762555543336e-06,-0.0651582406615549,2.821870091407648e-05,0.0041454928788832,0.2547241489744338,20.312321618245974,24.315770532554406,0.5738317973744678
14.57,31.22116750194869,131.01310214682903,149.13837971525527,-0.2476796856974773,-0.0002126125260148,0.5202732351099723,-3.630225094500506e-05,0.235226330734167,0.0,24.318182323139137,0.2391790914545317,-79.96145012703833,0.0592698737651238,113.73484539292777,357.06173817389435,15.288,1.0,4.103229120694348,0.0715828900020718,3.335047332957921e-06,-0.064940524496167,2.7995091278564773e-05,0.004132140638885,0.2476797769510751,20.31041697722884,24.318148926041648,0.5709778166972073
14.58,31.22116748697809,131.01310216892736,148.89907793000455,-0.2407057176915803,-0.0002100411854217,0.5186376853833344,-3.61523640157562e-05,0.2318766639939796,0.0,24.3205541235168,0.2222689584006834,-79.99860325118351,0.0593990821589228,113.73471612885837,357.139623504132,15.288,1.0,4.102132601005243,0.0715896777550002,3.312426266388823e-06,-0.0647280384647592,2.7773618550950023e-05,0.0041191168770101,0.2407058093309741,20.308520532151825,24.320521130324543,0.5681125216994894
14.59,31.221167472617623,131.0131021894022,148.65971960272074,-0.2338042039408767,-0.0002074580095099,0.5170166500134918,-3.60258188880984e-05,0.2284453305944007,0.0,24.322919658700112,0.205432531683223,-80.03563596861203,0.0595292459876393,113.73458589544452,357.21733690320525,15.288,1.0,4.101035822071391,0.0715964469837683,3.2898983051315084e-06,-0.0645207297866257,2.7554287450873608e-05,0.004106418351629,0.2338042959811125,20.306632290754603,24.32288707127218,0.56523754896452
14.6,31.221167458864663,131.0131022082605,148.42030507420645,-0.2269771626338771,-0.000204863641469,0.5154100971131921,-3.592283307290953e-05,0.224933557505479,0.0,24.32527885627544,0.1886695233819878,-80.07255123179353,0.0596603819300243,113.73445467592887,357.29487616747025,15.288,1.0,4.099938785453691,0.0716031974756364,3.2674624052356983e-06,-0.064318544165114,2.7337102269880545e-05,0.0040940417229477,0.2269772550857291,20.304752257198093,24.325246676369886,0.5623545810151729
14.61,31.22116744571656,131.0131022255094,148.18083468626008,-0.2202265795512708,-0.0002022587281113,0.5138179849883119,-3.584361310593208e-05,0.2213426058617463,0.0,24.32763164542936,0.1719796582985884,-80.10935196170124,0.0597925067972948,113.73432245342408,357.37223913951675,15.288,1.0,4.098841492723451,0.0716099290225747,3.24511752987832e-06,-0.0641214258107047,2.712206686927798e-05,0.0040819835544116,0.2202266724282916,20.302880432192723,24.32759987470264,0.5594653449069764
14.62,31.221167433170685,131.01310224115582,147.9413087776989,-0.213536773726298,-0.0001996148288465,0.5122412756034149,-3.57959367912019e-05,0.2176691710904793,0.0,24.32997662806443,0.1553626931748656,-80.1460410471545,0.0599256375317571,113.7341892109142,357.44938466079725,15.288,1.0,4.097736328353335,0.0716166375096237,3.222862649798861e-06,-0.0639293203419838,2.690918942190688e-05,0.0040702402750266,0.2135368670262938,20.30101768277338,24.32994527264044,0.5565707446105833
14.63,31.221167421224425,131.0131022552068,147.70172767938905,-0.2069122594631422,-0.0001969368864855,0.5106798157380888,-3.577959544364178e-05,0.2139148149622148,0.0,24.33231395098246,0.1388184695573782,-80.18262134988761,0.0600597911825087,113.7340549312794,357.52631695346435,15.288,1.0,4.09662434690533,0.0716233233693464,3.2006967423299646e-06,-0.063742187193316,2.6698502817454784e-05,0.0040588094518052,0.2069123531840938,20.299163875825545,24.33228301620867,0.5536726682280664
14.64,31.221167409875186,131.01310226766927,147.4620917301496,-0.2003701653461917,-0.0001942507103403,0.5091326768864995,-3.5788425758883644e-05,0.2100847394423454,0.0,24.334644701307823,0.1223468257214361,-80.21909570476913,0.0601949849007656,113.73391959730056,357.6030678783446,15.288,1.0,4.095512110700523,0.0716299898021799,3.17861879006641e-06,-0.0635599692822865,2.649001460801645e-05,0.0040476877542316,0.2003702595052691,20.297318251378925,24.334614188477595,0.5507737118826409
14.65,31.22116739912036,131.01310227855012,147.22240125985417,-0.1939123525324584,-0.0001915569810737,0.5075997790592859,-3.582258202384453e-05,0.2061803405942907,0.0,24.336968813950648,0.1059476856140169,-80.25546691217836,0.0603312359600913,113.733783191639,357.67963544353614,15.288,1.0,4.094399621283089,0.0716366366169469,3.1566277839174287e-06,-0.0633826049295796,2.628372662878427e-05,0.0040368713635876,0.1939124471481149,20.29548079757025,24.336938724250423,0.5478757795630967
14.66,31.22116738895736,131.01310228785624,146.98265660135988,-0.1875406459766688,-0.0001888563817429,0.5060810329295329,-3.588220697056821e-05,0.2022030457656579,0.0,24.33928622533205,0.0896211533557667,-80.29173773679797,0.0604685617561956,113.7336456968364,357.75601770094323,15.288,1.0,4.09328688021301,0.0716432636269162,3.1347227237282427e-06,-0.0632100310779035,2.607964026196188e-05,0.0040263563714036,0.18754074106775,20.293651499725115,24.339256559840976,0.5449808114929043
14.67,31.22116737938363,131.0131022955945,146.7428580835484,-0.1812568335659885,-0.0001861495977721,0.5045763399704082,-3.596743173887044e-05,0.1981543128843438,0.0,24.34159687335267,0.0733677111196515,-80.32791090683288,0.060606979804267,113.73350709531744,357.8322127451072,15.288,1.0,4.0921738889922965,0.0716498706497167,3.112902618624022e-06,-0.06304218331859,2.587775643569672e-05,0.0040161387810914,0.1812569291546554,20.29183034050375,24.341567633042228,0.5420907819417846
14.68,31.2211673703966,131.0131023017717,146.5030060323202,-0.1750626656490046,-0.0001834373159446,0.5030855925583217,-3.607837602374642e-05,0.194035629839188,0.0,24.343900697389216,0.0571887494198191,-80.36398911324093,0.0607465077370903,113.73336736939233,357.9082187135682,15.288,1.0,4.0910606491545805,0.0716564575073166,3.0911664873475777e-06,-0.0628789959187465,2.5678075623509632e-05,0.0040062145096276,0.175062761755956,20.290017300030637,24.343871883123008,0.5392076968928553
14.69,31.221167361993725,131.0131023063947,146.26310077556528,-0.1689598542396962,-0.0001807202252237,0.5016086741243378,-3.6215147825590125e-05,0.1898485137603317,0.0,24.34619763826668,0.0410883340838608,-80.39997500898247,0.0608871633013063,113.73322650125976,357.984033785568,15.288,1.0,4.089947162207142,0.0716630240259541,3.069513358591795e-06,-0.0627204018489459,2.548059784382263e-05,0.0039965793892581,0.1689599508883428,20.28821235603813,24.346169250800084,0.5363335915690159
14.7,31.22116735417246,131.01310230947013,146.02314264017963,-0.1629500724700319,-0.0001779990154118,0.50014545927261,-3.637784370028587e-05,0.185594510348424,0.0,24.348487638246706,0.0250817025351417,-80.43587120828454,0.0610289643568914,113.73308447300808,358.0596561822096,15.288,1.0,4.088833429673073,0.0716695700360916,3.047942271325954e-06,-0.0625663328113963,2.52853226595593e-05,0.0039872291692497,0.1629501696888453,20.286415484002788,24.348459678226742,0.5334705277949557
14.71,31.221167346930308,131.0131023110048,145.78313194013927,-0.1570317269069261,-0.0001752690576863,0.4986959917060482,-3.656791727928599e-05,0.1812743626742387,0.0,24.350770406934952,0.0092910282436353,-80.47168028592158,0.0611719288741045,113.732941266618,358.1350772803711,15.288,1.0,4.08771806175523,0.0716760946833766,3.0264522751160816e-06,-0.0624167192686372,2.509224917798621e-05,0.0039781594794257,0.1570318247192675,20.28462681776356,24.35074287573575,0.5306204745803189
14.72,31.22116734026473,131.0131023110054,145.54306900433022,-0.1511796026829819,-0.0001724868511315,0.4972616470020029,-3.679733762819789e-05,0.1768824505560349,0.0,24.35304395838091,0.0072982606642899,-80.50740477882236,0.0613160749222327,113.73279686397416,358.21023857316345,15.288,1.0,4.086589449287424,0.0716825921226345,3.005042430231423e-06,-0.062271503944089,2.490139824780456e-05,0.0039693664526874,0.1511797010826785,20.28284766123284,24.35301686420969,0.5277845661327136
14.73,31.22116733417325,131.0131023094786,145.3029541487177,-0.145425493238152,-0.0001697029479091,0.4958406437545668,-3.705377399377012e-05,0.1724279176351785,0.0,24.35531044234847,0.0228757638495624,-80.54304719250598,0.061461420643662,113.7326512468915,358.2852032056642,15.288,1.0,4.085460592587433,0.071689068682098,2.9837118050141567e-06,-0.062130625972012,2.471278627772269e-05,0.0039608466664205,0.1454255922553618,20.281076480163243,24.355283785471745,0.5249660295218438
14.74,31.22116732865336,131.013102306431,145.06278769026147,-0.1397709227390556,-0.0001669180616243,0.4944328226107047,-3.7337269024692814e-05,0.1679124210208098,0.0,24.35756980617945,0.038599026131236,-80.57860999325561,0.0616079842766658,113.73250439709194,358.3599695468051,15.288,1.0,4.084331493133962,0.0716955242071818,2.9624594781357385e-06,-0.0619940121125387,2.4526410721435583e-05,0.0039525955462167,0.1397710224080291,20.279313242218127,24.357543586751643,0.5221670217487216
14.75,31.22116732370258,131.01310230186922,144.82256994691676,-0.1342173734111472,-0.0001641329057407,0.4930380160992985,-3.764785352541203e-05,0.1633376429704259,0.0,24.35982199857059,0.0542820559675461,-80.61409560509918,0.0617557841601576,113.73235629619964,358.43453600444343,15.288,1.0,4.0832021524164,0.0717019585472992,2.941284540105329e-06,-0.0618615879960989,2.434226856280597e-05,0.0039446084432962,0.1342174737692396,20.277557913472904,24.35979621663405,0.5193897114379792
14.76,31.22116731931845,131.01310229579988,144.58230123166967,-0.1287662848868384,-0.0001613481932976,0.4916560487808084,-3.7985546461899246e-05,0.1587052901009085,0.0,24.362066969548003,0.0699061176515798,-80.64950640916838,0.0619048387322541,113.73220692574256,358.5089010254607,15.288,1.0,4.082072571902769,0.0717083715557687,2.920186093561032e-06,-0.0617332781544791,2.4160356316558584e-05,0.0039368806364571,0.1287663859738876,20.275810458558396,24.362041625033065,0.5166362751991694
14.77,31.221167315498533,131.01310228822945,144.34198185551858,-0.1234190537577567,-0.0001585646367227,0.4902867374265502,-3.83503549994778e-05,0.1540170926365497,0.0,24.364304670454743,0.0854664843122745,-80.68484474307827,0.0620551665275257,113.73205626715492,358.5830630948733,15.288,1.0,4.080942753071781,0.0717147630897891,2.899163253554589e-06,-0.0616090060523495,2.398067002943052e-05,0.0039294073340434,0.1234191556166544,20.274070840793957,24.36427976317985,0.5139088938628482
14.78,31.22116731224036,131.01310227916443,144.10161212946326,-0.118177032993036,-0.0001557829471811,0.4889298911881919,-3.874227462361966e-05,0.1492748036099501,0.0,24.36653505392865,0.1009615714539754,-80.72011290032475,0.0622067861751861,113.7319043017795,358.6570207354831,15.288,1.0,4.07981269738079,0.0717211330103688,2.878215147829567e-06,-0.0614886941191511,2.3803205281387645e-05,0.0039221836759459,0.1181771356692901,20.272339022326506,24.36651058360053,0.5112097485289675
14.79,31.221167309541503,131.0131022686114,143.861192365498,-0.113041531503339,-0.0001530038346579,0.4875853117804404,-3.916128911542012e-05,0.1444801980855952,0.0,24.368758073888827,0.1163908260377272,-80.75531312969817,0.062359716395673,113.73175101087064,358.73077250719035,15.288,1.0,4.078682406287147,0.0717274811822925,2.8573409170927635e-06,-0.061372263781429,2.362795718711249e-05,0.0039152047356282,0.113041635051979,20.270614964261533,24.36873404010268,0.5085410164740782
14.8,31.221167307399547,131.01310225657676,143.6207228686598,-0.1080138136611472,-0.0001502280074575,0.486252793651602,-3.9607370631969006e-05,0.1396350723598481,0.0,24.3709736855178,0.1317541155765488,-80.79044763471857,0.0625139759997901,113.73159637559544,358.80431700692645,15.288,1.0,4.077551881242869,0.071733807474059,2.836539715278997e-06,-0.061259635495511,2.345492039751544e-05,0.0039084655221851,0.1080139181296566,20.268898626795924,24.37095008775757,0.505904866882768
14.81,31.22116730581211,131.01310224306687,143.3802039439876,-0.1030674004140048,-0.0001474105396201,0.4849336224613974,-4.009253057358745e-05,0.1347339262980459,0.0,24.373179921715064,0.147051475929782,-80.82551857397006,0.0626695838820143,113.73144037704024,358.8775962227566,15.288,1.0,4.076409155139936,0.0717401060961132,2.8158107097859034e-06,-0.0611507361886042,2.3284101303175486e-05,0.0039019611471756,0.1030675058323091,20.267191349363564,24.37315676652165,0.5033029412755615
14.82,31.22116730477675,131.01310222808817,143.13963589850755,-0.0982252470713608,-0.0001445880266513,0.4836264721388703,-4.0608131166700095e-05,0.129783804617393,0.0,24.375378273801832,0.1622830174190115,-80.86052806829254,0.0628265589926584,113.73128299623905,358.95065397364186,15.288,1.0,4.075263556665778,0.0717463814384687,2.7951530792743977e-06,-0.0610455014012483,2.3115521497393346e-05,0.003895687824149,0.0982253534879385,20.265492002887363,24.37535556196772,0.500737857709476
14.83,31.22116730429112,131.013102211647,142.89901903527215,-0.0934946181444589,-0.0001417712806551,0.4823307922814574,-4.1151527581661375e-05,0.1247881295820146,0.0,24.377569127571167,0.1774489659260331,-80.89547819641238,0.0629849203488579,113.73112421416228,359.02350153541465,15.288,1.0,4.074117725555488,0.0717526346370867,2.774566014238752e-06,-0.0609438493739796,2.294917504301196e-05,0.0038896404821602,0.0934947256288457,20.26380024000225,24.37754685819048,0.4982118747690427
14.84,31.22116730435284,131.0131021937497,142.65835365136965,-0.0888766086409571,-0.0001389610222577,0.481046349925808,-4.172263783820908e-05,0.1197487789451359,0.0,24.379752442641937,0.1925495830688087,-80.93037098966538,0.0631446870476167,113.73096401170342,359.09613763456525,15.288,1.0,4.0729716632473885,0.0717588655735282,2.7540487193732968e-06,-0.0608456968456148,2.2785054450877583e-05,0.0038838138833317,0.0888767172750084,20.262116018269108,24.379730614695603,0.49572710494441646
14.85,31.221167304959536,131.0131021744025,142.41764004687235,-0.0843722668612542,-0.0001361579690901,0.4797729057473288,-4.232136822870612e-05,0.1146676478140924,0.0,24.38192817981924,0.2075851521757301,-80.96520843147094,0.0633058782654432,113.73080236967968,359.1685610324547,15.288,1.0,4.071825371174405,0.0717650741328406,2.7336004138439304e-06,-0.0607509597437996,2.2623151763062783e-05,0.0038782027354355,0.0843723767258887,20.26043929495369,24.38190679217547,0.49328562956521466
14.86,31.221167306108867,131.01310215361175,142.17687852284544,-0.0799825939932879,-0.0001333628349935,0.478510214276445,-4.294761356055684e-05,0.1095466477951297,0.0,24.38409630107487,0.2225559707007515,-80.99999245687641,0.0634685132546919,113.7306392688353,359.24077052437315,15.288,1.0,4.07067885074242,0.0717712602035099,2.71322033151284e-06,-0.0606595532197746,2.2463458555881104e-05,0.0038728016940871,0.0799827051791145,20.258770027149232,24.38407535248973,0.4908894937300421
14.87,31.22116730779849,131.01310213138365,141.93606937141095,-0.0757085438939866,-0.000130576330923,0.477258024093022,-4.360125692148712e-05,0.1043877061748889,0.0,24.386256769539365,0.2374623455684184,-81.03472495212246,0.0636326113415668,113.7304746898439,359.3127649395594,15.288,1.0,4.069532103378949,0.0717774236774307,2.6929077211563585e-06,-0.0605713916834408,2.2305965942680183e-05,0.0038676053649695,0.0757086564977878,20.257108171886504,24.386236258657267,0.4885407011321576
14.88,31.2211673100261,131.0131021077243,141.69521289065443,-0.0715510226358425,-0.0001277991633579,0.4760160780433022,-4.4282170132261056e-05,0.0991927650314426,0.0,24.388409549476503,0.2523045902036088,-81.0694077542258,0.0637981919239061,113.73030861331044,359.3845431404756,15.288,1.0,4.068385130473654,0.0717835644498323,2.672661846675085e-06,-0.0604863888386568,2.215066457712392e-05,0.0038626083060687,0.0715511367643638,20.25545368625597,24.388389474830863,0.4862412088163865
14.89,31.22116731278937,131.01310208264005,141.45430936872324,-0.06751088831709,-0.0001250320347856,0.4747841134502911,-4.4990213602249374e-05,0.0939637804017864,0.0,24.39055460627452,0.2670830225668471,-81.10404265058524,0.0639652744689292,113.73014101977368,359.4561040224526,15.288,1.0,4.067237933421607,0.0717896824192543,2.6524819872969647e-06,-0.0604044577188316,2.1997544656425538e-05,0.0038578050299313,0.0675110041033503,20.25380652751285,24.390534966288424,0.4839929218865637
14.9,31.221167316086,131.01310205613692,141.21335910072247,-0.0635648871637414,-0.0001222360223688,0.473563118274853,-4.573567630476051e-05,0.0886963800675879,0.0,24.39269029847132,0.2817979420581465,-81.13863137912054,0.0641338785088546,113.7299718897104,359.5273991134381,15.288,1.0,4.066080121539947,0.0717957727547432,2.63236743777555e-06,-0.0603255160957176,2.184660477075392e-05,0.0038531900951283,0.0635650046938994,20.25216784699642,24.392671097681824,0.4817977552034136
14.91,31.22116731991369,131.01310202822094,140.9723623757951,-0.0597277651313953,-0.0001194348514261,0.4723521581098992,-4.651317647653528e-05,0.0833957109863576,0.0,24.39481754745301,0.2964496073566585,-81.17317563528678,0.0643040236133519,113.72980120356344,359.59845547688894,15.288,1.0,4.064917655418816,0.07180183816869,2.612317506389271e-06,-0.0602494942942722,2.1697864702457728e-05,0.0038487592650731,0.0597278845450447,20.25053690412772,24.394798786670417,0.47965759458750873
14.92,31.22116732427017,131.01310199889835,140.731319481096,-0.0560105357298649,-0.0001166461717556,0.471150429874476,-4.7318219197065104e-05,0.0780663899612383,0.0,24.39693701236043,0.3110383404022006,-81.20767706983781,0.0644757293942998,113.72962894173672,359.66929245642285,15.288,1.0,4.063754966450921,0.0718078806015824,2.592331514770732e-06,-0.0601763049127645,2.155131551712435e-05,0.0038445071262642,0.0560106571895059,20.24891314576348,24.396918689622616,0.47757417335058805
14.93,31.2211673291532,131.01310196817508,140.4902307027874,-0.0524138758381411,-0.0001138706883616,0.4699576506387233,-4.8150612167313326e-05,0.0727104249075034,0.0,24.399048662476936,0.3255644678209678,-81.24213728258341,0.0646490155241039,113.72945508457688,359.73990906197287,15.288,1.0,4.062592056021969,0.0718138999634222,2.572408800543521e-06,-0.0601058584898698,2.1406945313923468e-05,0.0038404280217164,0.0524139995306077,20.247296530532918,24.39903077571104,0.4755491579243722
14.94,31.221167334560462,131.01310193605718,140.24909632603794,-0.0489384130408074,-0.0001111091000562,0.468773532995125,-4.901015204347025e-05,0.0673298335593325,0.0,24.401152468136186,0.340028316953621,-81.27655782194434,0.0648239017323752,113.7292796123763,359.81030433420926,15.288,1.0,4.061428925506708,0.0718198961673049,2.5525487175869914e-06,-0.060038065065038,2.126474173887547e-05,0.003836516259891,0.0489385391681935,20.245687017725224,24.40113501515956,0.47358413626921025
14.95,31.221167340489767,131.01310190255063,140.0079166350234,-0.0455847254306257,-0.000108362100481,0.4675977852821199,-4.9896624234729714e-05,0.0619266425797087,0.0,24.403248400706246,0.3544302155622955,-81.31094018467715,0.0650004078043795,113.72910250537484,359.8804773442505,15.288,1.0,4.060265576257984,0.0718258691293689,2.5327506361964386e-06,-0.0599728342153447,2.1124691989434493e-05,0.0038327661170469,0.045584854231098,20.24408456738021,24.403231379227307,0.4716806126518363
14.96,31.22116734693885,131.01310186766136,139.7666919119324,-0.0423533415947669,-0.0001056303766173,0.4664301118083212,-5.080980333532782e-05,0.0565028867100689,0.0,24.40533643258351,0.3687704915997537,-81.34528581561872,0.0651785535783967,113.72892374376244,359.9504271934228,15.288,1.0,4.05910200966698,0.0718318187687793,2.5130139432355986e-06,-0.0599100750924792,2.0986782818981308e-05,0.0038291718396024,0.042353473312855,20.24248914036904,24.40531984020275,0.46984000254313174
14.97,31.221167353905503,131.01310183139532,139.5254224329898,-0.0392447402440154,-0.0001029146092377,0.4652702130957845,-5.174945308378728e-05,0.0510606078202412,0.0,24.407416537162494,0.3830494730211803,-81.37959610745166,0.0653583589434459,113.72874330768148,360.02015301235195,15.288,1.0,4.057938227059156,0.0718377450076399,2.4933380422815563e-06,-0.0598496964598542,2.0851000541739912e-05,0.0038257276465026,0.0392448751864027,20.240900698488467,24.40740037137348,0.46806362766527276
14.98,31.22116736138751,131.01310179375838,139.2841084803858,-0.0362593502931885,-0.0001002154724805,0.4641177860971463,-5.271532652956689e-05,0.0456018540676956,0.0,24.409488688833743,0.3972674876294923,-81.41387240049161,0.0655398438361291,113.7285611772298,360.0896539611129,15.288,1.0,4.0567742297764,0.0718436477709826,2.4737223537618026e-06,-0.05979160672983,2.0717331037610537e-05,0.0038224277316033,0.0362594887832358,20.239319204530005,24.40947294702414,0.46635271120154703
14.99,31.22116736938269,131.01310175475635,139.04275033134107,-0.0333718523988104,-9.74913446007096e-05,0.4629738227916626,-5.371834274131844e-05,0.0401218867938024,0.0,24.41155121091684,0.4114248383272793,-81.44811598313359,0.0657230282366653,113.72837733246472,360.15888048098066,15.288,1.0,4.055598921243324,0.0718495221243132,2.454166315046913e-06,-0.0597357201292806,2.058576984179884e-05,0.0038192663994023,0.0333719948011488,20.237745882514822,24.411535897012243,0.4647090802597695
15.0,31.221167377888865,131.0131017143951,138.80134825910113,-0.0305993344994557,-9.477046977229042e-05,0.4618372383723192,-5.4751824598613815e-05,0.034626653864946,0.0,24.41360517639959,0.4255217882300449,-81.48232809933961,0.0659079321406371,113.72819175343164,360.22786413620514,15.288,1.0,4.0544194569356415,0.0718553712261521,2.4346693781873165e-06,-0.0596819629217506,2.045633231563165e-05,0.0038162391521608,0.0305994812505064,20.23617986837715,24.413590289889008,0.46313350440560386
15.01,31.221167386903844,131.01310167268048,138.55990253989413,-0.0279512416005242,-9.2068585007174e-05,0.4607072687158907,-5.581163991756523e-05,0.0291205580136056,0.0,24.41565115350496,0.4395586617121682,-81.51650994590321,0.0660945755650788,113.72800442015787,360.2966216074088,15.288,1.0,4.053239779218748,0.0718611967493414,2.4152310100310944e-06,-0.0596302437857,2.032900484508696e-05,0.0038133402858326,0.0279513932384376,20.23462067806831,24.41563669140545,0.4616266862537507
15.02,31.221167396425457,131.01310162961815,138.31841344696718,-0.0254278161103976,-8.938635765463094e-05,0.4595835984440199,-5.689749180804558e-05,0.0236056684498591,0.0,24.41768912002268,0.4535357853789351,-81.55066266663161,0.0662829785652595,113.72781531263536,360.3651521553164,15.288,1.0,4.052059889451864,0.0718669986289129,2.395850694697316e-06,-0.0595804699263362,2.020377131019388e-05,0.0038105639069506,0.0254279732227528,20.23306827871309,24.41767507924645,0.4601894335803935
15.03,31.22116740645156,131.01310158521392,138.0768812485982,-0.0230292501250584,-8.672444667315395e-05,0.4584659097452794,-5.800907313178536e-05,0.0180840563980941,0.0,24.419719054662625,0.4674534851843429,-81.58478735211648,0.0664731612323191,113.72762441082344,360.43345506747136,15.288,1.0,4.050879788944282,0.0718727768026142,2.376527933750819e-06,-0.0595325483750845,2.0080615167620783e-05,0.0038079041083088,0.0230294134239653,20.2315226387638,24.4197054320184,0.4588224350001084
15.04,31.22116741698001,131.01310153947347,137.8353062170416,-0.0207556855807029,-8.408350260188566e-05,0.4573538825916624,-5.914606661003966e-05,0.0125577942387171,0.0,24.421740937050416,0.4813120863585172,-81.61888503964674,0.0666651436900988,113.72743169465168,360.50152965863975,15.288,1.0,4.049699479016396,0.0718785312108831,2.3572622462949766e-06,-0.0594863860272381,1.9959519456908965e-05,0.0038053549713872,0.0207558558949639,20.22998372804685,24.42172772924471,0.45752625675043745
15.05,31.221167428008687,131.01310149240243,137.5936886166006,-0.0186072142229454,-8.14641679759777e-05,0.4562471949882783,-6.0308144807736426e-05,0.0070289545972931,0.0,24.42375474770991,0.4951119133396045,-81.65295671313827,0.0668589460925452,113.7272371440226,360.56937526994767,15.288,1.0,4.048518960971946,0.0718842617968049,2.338053169056096e-06,-0.0594418896796321,1.9840466806670748e-05,0.0038029105687682,0.0186073925477609,20.22845151781413,24.42374195134833,0.4563013398780188
15.06,31.221167439535456,131.0131014440065,137.35202871654934,-0.0165838777373839,-7.886707635096216e-05,0.4551455231947942,-6.149497050366478e-05,0.0014996094715555,0.0,24.4257604680542,0.5088532897107005,-81.68700330308897,0.0670545886214431,113.72704073881395,360.6369912691106,15.288,1.0,4.047338236131324,0.0718899685060744,2.3189002564602405e-06,-0.0593989660682928,1.9723439440670227e-05,0.0038005649665635,0.0165840652584978,20.226925980784785,24.425748079642812,0.455147997792434
15.07,31.22116745155824,131.01310139429128,137.11032678119267,-0.0146856676576226,-7.62928523683187e-05,0.4540485419849917,-6.270619676745372e-05,-0.0040281707033091,0.0,24.427758080361883,0.5225365381396434,-81.72102568655174,0.0672520914829138,113.72684245888207,360.70437704919647,15.288,1.0,4.046157305759439,0.0718956512869391,2.29980308070186e-06,-0.0593575219060646,1.960841918456843e-05,0.0037983122268286,0.0146858658298982,20.225407091192917,24.427746096308656,0.4540664142721623
15.08,31.221167464074924,131.01310134326235,136.86858307085984,-0.0128798224063097,-7.368832265272107e-05,0.4529575293526556,-6.395579555119233e-05,-0.0095610301649264,0.0,24.429745545507345,0.5361619407992188,-81.75502468854134,0.067451474899762,113.72664228406978,360.7714723003896,15.288,1.0,4.044962041138448,0.0719013041382735,2.2807612315887217e-06,-0.0593174740117403,1.9495404070153766e-05,0.003796146741577,0.0128800331877384,20.223896397110863,24.42973397057269,0.4530584297697376
15.09,31.22116747708344,131.01310129092525,136.6267978528391,-0.011196539955213,-7.110394557300301e-05,0.4518707516252293,-6.523111552953208e-05,-0.0150894399344629,0.0,24.431724742295053,0.5497297650643593,-81.78900109027408,0.06765275908285,113.72644019423512,360.8383324176553,15.288,1.0,4.043765443372801,0.0719069325901889,2.2617743137016486e-06,-0.0592787450958778,1.938440133431776e-05,0.0037940638867337,0.0111967657323141,20.22239240792281,24.4317135733134,0.452122628970265
15.1,31.22116749058169,131.01310123728547,136.38497138348555,-0.0096382930603652,-6.854464425229378e-05,0.4507877549121442,-6.653066609233908e-05,-0.0206106616493046,0.0,24.433695817745537,0.5632403312041286,-81.82295562350238,0.0678559642457127,113.72623616923634,360.90496166002447,15.288,1.0,4.042568641332074,0.0719125370757942,2.242841947802793e-06,-0.0592412420496117,1.9275391660078912e-05,0.0037920577538661,0.0096385368034448,20.220894976008942,24.433685050778,0.4512586883137908
15.11,31.221167504567628,131.0131011823486,136.14310392511857,-0.0082048880103658,-6.601102762761901e-05,0.4497082098591085,-6.785405448399108e-05,-0.0261226348415574,0.0,24.435658757076787,0.5766939582448642,-81.85688896655869,0.0680611106162629,113.7260301889206,360.97135950808064,15.288,1.0,4.041371636297518,0.0719181175519844,2.223963772635769e-06,-0.0592048716857718,1.91683550226935e-05,0.0037901224017404,0.0082051535562125,20.219404081598583,24.43564838808881,0.4504662813906519
15.12,31.22116751903921,131.01310112612003,135.90119573310076,-0.006896081609194,-6.350369457444216e-05,0.4486317867315458,-6.920087872086035e-05,-0.0316233047629404,0.0,24.437613546319543,0.5900909640431033,-81.89080174442144,0.0682682184317533,113.72582223312844,361.0375254665837,15.288,1.0,4.040174429544761,0.0719236739780444,2.2051394449658588e-06,-0.059169540970973,1.906327101710064e-05,0.0037882518964838,0.0068963739529587,20.2179197065641,24.437603571182525,0.4497449480081245
15.13,31.2211675339944,131.01310106860518,135.65924706180127,-0.0057115813711287,-6.102323331735278e-05,0.4475581556501221,-7.057072789034579e-05,-0.0371106232607566,0.0,24.439560172304205,0.6034316652367085,-81.92469452881218,0.0684773079370877,113.7256122816956,361.1034590640128,15.288,1.0,4.038977022343817,0.071929206315612,2.1863686396033494e-06,-0.0591351570628156,1.896011886558425e-05,0.0037864403139878,0.0057119073872531,20.21644183443543,24.43955058679713,0.44909409484869467
15.14,31.22116754943116,131.01310100980953,135.4172581675776,-0.0046510456827205,-5.8570221704686094e-05,0.4464869868243677,-7.196318220527431e-05,-0.0425825496641832,0.0,24.4414986226454,0.6167163771975944,-81.95856783831465,0.0686883993800513,113.72540031445796,361.16915985213,15.288,1.0,4.037779415936596,0.071934714528633,2.167651049418947e-06,-0.0591016273469708,1.885887742515957e-05,0.003784681742305,0.0046514144589179,20.214970450410892,24.44148942245649,0.4485129965988782
15.15,31.221167565347464,131.0131009497384,135.17522930778196,-0.0037140841933514,-5.614522684136979e-05,0.4454179507796972,-7.337781326514253e-05,-0.0480370516116612,0.0,24.443428885739063,0.6299454139856057,-81.99242213851562,0.0689015130092846,113.72518631125328,361.234627405744,15.288,1.0,4.036581611604351,0.0719401985833559,2.1489863853513143e-06,-0.0590688594740962,1.8759525195289654e-05,0.0037829702840378,0.0037145085399561,20.21350554135527,24.443420066467453,0.44800079753124283
15.16,31.221167581741334,131.01310088839716,134.9331607268464,-0.0028908513054228,-5.37333395373834e-05,0.4443511572520507,-7.48182197452303e-05,-0.05347456029593,0.0,24.445350388478943,0.6431190854179176,-82.02625784217457,0.0691166690695847,113.72497025192608,361.2998447022504,15.288,1.0,4.035379555164349,0.0719456567934508,2.1303743764171504e-06,-0.059036761996568,1.866204131226044e-05,0.0037813000101775,0.002891350683809,20.212047537254435,24.445341948065707,0.4475572423141489
15.17,31.221167598610748,131.01310082579107,134.69105268212363,-0.0021639158149904,-5.130725237636455e-05,0.4432871213413675,-7.629188208261897e-05,-0.0588978869348946,0.0,24.447262121690947,0.656237636663985,-82.06007531335673,0.0693338877867814,113.72475211634284,361.364781820726,15.288,1.0,4.034165880702664,0.0719510861892153,2.1118147687361496e-06,-0.0590052610278369,1.856643288092529e-05,0.0037796660468989,0.002164523985508,20.21059721429712,24.44725406236659,0.4471827801391319
15.18,31.22116761595372,131.0131007619255,134.44890541804676,-0.0015593211515291,-4.891119726812672e-05,0.4422243085235431,-7.778733500460979e-05,-0.0642983340491059,0.0,24.449165671689777,0.6693013527101263,-82.09387487349012,0.0695531893461862,113.72453188441337,361.4294855663931,15.288,1.0,4.032952009504613,0.0719564914397727,2.0933073228895096e-06,-0.0589742733898031,1.847269076264189e-05,0.0037780633245173,0.0015600881343884,20.20915331196757,24.449157988736875,0.44687427858569545
15.19,31.221167633768303,131.01310069680562,134.20671918302543,-0.0010764982716556,-4.6545719093326174e-05,0.4411623923278827,-7.93041089001139e-05,-0.0696739062423207,0.0,24.451061029427468,0.6823105424919078,-82.12765679317702,0.0697745939151168,113.72430953606856,361.4939555907548,15.288,1.0,4.031737942822464,0.0719618725188868,2.074851816798298e-06,-0.0589437079797478,1.8380791786009364e-05,0.0037764860164957,0.0010775039470255,20.20771582345404,24.45105371804301,0.4466304019037061
15.2,31.22116765205252,131.01310063043675,133.96449422447486,-0.0007148306044647,-4.421135066371371e-05,0.440101047666209,-8.084172621426656e-05,-0.0750226204825427,0.0,24.45294818657368,0.6952655134242768,-82.16142129093194,0.0699981216436769,113.72408505125917,361.5581915666528,15.288,1.0,4.030523681891405,0.0719672294024343,2.056448046398155e-06,-0.0589134741313328,1.829071244536585e-05,0.0037749283219614,0.0007161965102139,20.206284743583375,24.45294124187096,0.4464496973639327
15.21,31.221167670804423,131.01310056282404,133.72223078384783,-0.0004736543992238,-4.190861238973558e-05,0.4390399510474594,-8.239970169750366e-05,-0.0803425069386483,0.0,24.454827135504097,0.7081665713598146,-82.19516853344273,0.0702237926618046,113.72385840995868,361.6221931880563,15.288,1.0,4.029309227929545,0.0719725620683671,2.038095825601716e-06,-0.0588834816503989,1.820242890957015e-05,0.0037733844680318,0.0004755044015641,20.204860068801388,24.454820552514654,0.4463305992497637
15.22,31.221167690022064,131.0131004939727,133.4799291085616,-0.0003522591854272,-3.963801286211178e-05,0.4379787807894048,-8.39775424493734e-05,-0.0856316097854235,0.0,24.45669786929439,0.721014020547568,-82.22889863584815,0.0704516270737834,113.723629592169,361.6859601698556,15.288,1.0,4.028094582177764,0.0719778704966958,2.0197949862530248e-06,-0.0588536408504798,1.81159170303906e-05,0.0037718487121235,0.0003544816360231,20.203441797143945,24.45669164296989,0.4462714331754209
15.23,31.221167709703515,131.01310042388786,133.23758943808207,-0.0003498879874758,-3.740004800874631e-05,0.4369172172439984,-8.557474829340278e-05,-0.090887988070603,0.0,24.458560381698543,0.7338081635924792,-82.26261166203875,0.0706816449551602,113.72339857792343,361.7494922470311,15.288,1.0,4.026879745825713,0.0719831546694306,2.0015453780742546e-06,-0.0588238625880737,1.8031152351478327e-05,0.0037703153442417,0.000351881127785,20.202029928217947,24.45855450691274,0.4462704207347815
15.24,31.221167729846847,131.0131003525746,132.9952120168456,-0.0004657379281019,-3.519520126270009e-05,0.4358549429891597,-8.719081192219772e-05,-0.0961097164778538,0.0,24.460414667149088,0.7465493014156298,-82.29630762497774,0.0709138663480731,113.7231653472912,361.8127891749912,15.288,1.0,4.0256647200972,0.0719884145705742,1.983346868604577e-06,-0.0587940582976055,1.794811011706738e-05,0.0037687786892615,0.0004670656890288,20.20062446316037,24.4604091386998,0.4463256843738379
15.25,31.221167750450185,131.01310028003806,132.75279707636778,-0.0006719695068788,-3.297958901449876e-05,0.4347928729836479,-8.883699786361296e-05,-0.1013020546267542,0.0,24.46225916958644,0.7592377071625948,-82.3299864877235,0.0711483112550648,113.7229298803838,361.8758048358544,15.288,1.0,4.024437852176767,0.0719936456209514,1.9651993430291363e-06,-0.0587641465380935,1.7866775981330466e-05,0.0037672332877713,0.0006727785088433,20.199226625400225,24.46225398916471,0.44643807696139526
15.26,31.22116777151159,131.01310020628327,132.51034486108605,-0.0009855119191647,-3.0782962548571336e-05,0.4337299579026683,-9.050593503658386e-05,-0.1064589474487154,0.0,24.46409492720548,0.771873611578681,-82.3636481718414,0.0713849996098561,113.72269215738434,361.9385698560424,15.288,1.0,4.023206751027779,0.0719988508764402,1.947102701449687e-06,-0.0587340592948422,1.778715630336948e-05,0.0037656749389115,0.0009859925005227,20.197835597750714,24.46409009182903,0.44660406633332733
15.27,31.221167793029192,131.01310013131527,132.26785560351132,-0.0014148342494231,-2.8621225929381248e-05,0.432665471022363,-9.219312779780282e-05,-0.1115761073580999,0.0,24.46592247856504,0.7844573080527253,-82.3972925549903,0.0716239512837512,113.72245215854085,362.001100089181,15.288,1.0,4.021975461688358,0.0720040319224346,1.92905685912309e-06,-0.0587037110530026,1.770922728123689e-05,0.0037640982408329,0.0014151238306801,20.196450958343483,24.465917982753385,0.44682059716150324
15.28,31.22116781500111,131.01310005513906,132.0253295451002,-0.0019589681196434,-2.649483393546867e-05,0.4315991052823505,-9.38980334938744e-05,-0.1166516744814324,0.0,24.467741820266497,0.796989090970391,-82.43091946539042,0.071865186096048,113.72220986415608,362.0633953559486,15.288,1.0,4.020743985346227,0.0720091887493198,1.9110617487626066e-06,-0.0586730157147353,1.763296271739132e-05,0.0037624976686774,0.0019591473001906,20.19507271379768,24.46773765846772,0.4470854612450379
15.29,31.22116783742547,131.01309997775965,131.78276691339485,-0.0026169013233875,-2.440422752570916e-05,0.4305305567900861,-9.562010317130763e-05,-0.1216838083111713,0.0,24.46955294953356,0.809469252854236,-82.46452868212053,0.0721087238120671,113.72196525458892,362.12545549594734,15.288,1.0,4.019512323183343,0.0720143213493053,1.89311732050712e-06,-0.05864188791969,1.755833614343016e-05,0.0037608677428669,0.0026170151072999,20.193700872068646,24.469549116126466,0.44739637758736445
15.3,31.221167860300408,131.01309989918204,131.5401679419017,-0.0033875783179678,-2.2349833936256367e-05,0.4294595250237035,-9.735878178852516e-05,-0.1266706884759317,0.0,24.471355864201428,0.8218980843286808,-82.4981199355491,0.0723545841368123,113.7217183102612,362.1872803668806,15.288,1.0,4.018280476370129,0.0720194297164048,1.8752235418163007e-06,-0.0586102430781022,1.7485320829731725e-05,0.0037592030312595,0.0033876520433939,20.192335442396367,24.47135235349772,0.44775099824711045
15.31,31.221167883624087,131.01309981941102,131.2975328661156,-0.0042699008332971,-2.0332067017558303e-05,0.4283857130052975,-9.911350829977935e-05,-0.1316105154735935,0.0,24.47315056271053,0.834275874083557,-82.53169290778362,0.0726027867098205,113.72146901166232,362.2488698446897,15.288,1.0,4.017048446100072,0.0720245138464108,1.8573803973578248e-06,-0.0585779974034427,1.741388979487677e-05,0.0037574981512884,0.004269949228945,20.190976435247347,24.473147368956912,0.4481469142075728
15.32,31.221167907394666,131.0130997384516,131.0548619105981,-0.0052627283204529,-1.8351326676296803e-05,0.4273088274883108,-0.0001008837160244,-0.1365015114415159,0.0,24.474937044090584,0.8466029088395385,-82.56524723313852,0.0728533511001177,113.72121733935477,362.3102238230155,15.288,1.0,4.015816233549363,0.0720295737368493,1.8395878888873928e-06,-0.0585450679447184,1.734401581533458e-05,0.0037557477720728,0.00526276034486,20.189623862262,24.47493416147093,0.4485816612978928
15.33,31.22116793161032,131.0130996563086,130.8121553058759,-0.0063514443357865,-1.6385930734843156e-05,0.4262291638659451,-0.0001026746272989,-0.141345448571736,0.0,24.47671456201581,0.858879467243069,-82.59878249867057,0.0731062968013851,113.72096327397848,362.3713201263286,15.288,1.0,4.014578046435266,0.0720346071916716,1.8218460351300097e-06,-0.0585113739764413,1.7275673665902294e-05,0.0037539465892359,0.0063514654653479,20.188278319778995,24.47671198811983,0.4490543914760071
15.34,31.221167956269223,131.0130995729869,130.5694132794937,-0.0075249331245921,-1.4420004472161976e-05,0.4251469267619838,-0.0001044906673652,-0.1461436443425009,0.0,24.478482581579733,0.8711057602103927,-82.63229824975843,0.0733616432106444,113.72070679627242,362.4321428312909,15.288,1.0,4.013329550678053,0.0720396126370599,1.8041548701855828e-06,-0.0584768540263646,1.7208868039095283e-05,0.0037520905645281,0.0075249469442549,20.18694023745883,24.478480316490728,0.4495641055902557
15.35,31.22116798136956,131.0130994884913,130.32663605700907,-0.0088054951095774,-1.2492615386045251e-05,0.4240608378295713,-0.0001063214365944,-0.1508884154213258,0.0,24.480242417543536,0.8832820495812941,-82.66579399504423,0.0736194096120578,113.72044788709088,362.4927307871828,15.288,1.0,4.0120808737896025,0.0720445939427231,1.786514441260532e-06,-0.058441434173544,1.7143581422820915e-05,0.0037501751430204,0.0088055039776393,20.185608600345777,24.4802404552081,0.45010545363650556
15.36,31.22116800690955,131.01309940282658,130.08382386696204,-0.0101918408386881,-1.06041297920392e-05,0.4229706198330499,-0.0001081663390453,-0.1555780725104505,0.0,24.48199407079271,0.8954086144556263,-82.69926919837886,0.0738796151951709,113.72018652738504,362.55308394396656,15.288,1.0,4.010832016920419,0.0720495511116455,1.768924811638952e-06,-0.0584050349367278,1.7079785389674974e-05,0.0037481952096293,0.0101918463438507,20.18428342394286,24.48199240509989,0.45067581873002494
15.37,31.22116803288739,131.01309931599755,129.8409769249713,-0.0116826414190958,-8.754899424861086e-06,0.4218760000513683,-0.0001100247739441,-0.160210951266806,0.0,24.48373754275688,0.9074857318112652,-82.73272327832403,0.074142279052354,113.71992269820508,362.6132022681192,15.288,1.0,4.009582981209323,0.0720544841484089,1.751386061012237e-06,-0.0583675778145645,1.7017451302280316e-05,0.0037461457104317,0.0116826447075084,20.18296472461824,24.483736167540496,0.4512725567000589
15.38,31.221168059301288,131.013099228009,129.59809546156632,-0.0132765292334816,-6.945261382264536e-06,0.4207767104345103,-0.0001118961359176,-0.1647854129630379,0.0,24.48547283540436,0.9195136764730236,-82.76615560872307,0.0744074201720514,113.71965638070742,362.6730857423199,15.288,1.0,4.008333767818498,0.0720593930591811,1.7338982853174324e-06,-0.0583289853153911,1.6956550323556102e-05,0.0037440216546201,0.0132765310401459,20.181652519531088,24.485471744445253,0.45189300159466056
15.39,31.2211680861495,131.01309913886553,129.355179689385,-0.0149720983998481,-5.175537712855028e-06,0.4196724877593019,-0.0001137798153127,-0.1692998452061595,0.0,24.48719995122212,0.9314927210825842,-82.79956551928622,0.074675057432901,113.7193875561602,362.7327343649824,15.288,1.0,4.007084377851728,0.0720642778516528,1.7164615965682757e-06,-0.058289180986495,1.6897053426803516e-05,0.003741818116426,0.0149720992953736,20.180346826567064,24.48719913825056,0.4525344710790078
15.4,31.22116811343025,131.0130990485719,129.11222983398775,-0.0167679056943129,-3.4460357735435446e-06,0.4185630737699816,-0.00011567519836,-0.1737526625282777,0.0,24.488918893220056,0.9434231360688534,-82.83295229619283,0.0749452095970744,113.71911620595004,362.7921481501895,15.288,1.0,4.005834812465356,0.0720691385350561,1.69907612267919e-06,-0.0582480894429265,1.6838931406262223e-05,0.0037395302370154,0.0167679060484321,20.17904766425328,24.488918351918024,0.4531942716321469
15.41,31.2211681411418,131.01309895713277,128.86924611397785,-0.0186578434141915,-1.749449029233518e-06,0.4174484082342464,-0.0001175836495703,-0.1781435142615551,0.0,24.49062941670969,0.9553051892714686,-82.86631518271288,0.0752178953035306,113.71884231158865,362.85131977264393,15.288,1.0,4.004583078882376,0.0720739743896634,1.6817420072833884e-06,-0.0582056364617298,1.678215499556749e-05,0.0037371531927113,0.0186578434962788,20.177755243186795,24.49062914190688,0.45387035487755484
15.42,31.22116816928239,131.01309886455277,128.6262287429888,-0.0206123158874174,-3.994881833129736e-08,0.4163294625394872,-0.0001195171852859,-0.1824785712465056,0.0,24.492330031324368,0.9671390858266106,-82.89965338269495,0.0754931330534181,113.7185658547274,362.91020498940526,15.288,1.0,4.003317019949968,0.0720787810298333,1.6644594087937046e-06,-0.0581617648056853,1.6726720807687543e-05,0.0037346830590795,0.0206123158888461,20.17647073194776,24.492330025049224,0.4545642579734375
15.43,31.22116819785029,131.01309877083656,128.383177939625,-0.022662716913125,1.6281019116937627e-06,0.4152046607056134,-0.0001214615590271,-0.1867480391960491,0.0,24.49402251663621,0.9789250523306224,-82.93296606904802,0.0757709411837833,113.71828681718408,362.9688564538458,15.288,1.0,4.002050786751122,0.0720835636930873,1.64722849712383e-06,-0.0581164143406423,1.6672618643354744e-05,0.0037321162233915,0.0226627169760667,20.17519277758318,24.49402277237786,0.45526888227523626
15.44,31.22116822684377,131.01309867598872,128.14009391752143,-0.0248074747393738,3.2544324591457124e-06,0.4140737650538557,-0.0001234161340805,-0.1909504415776898,0.0,24.495706877217383,0.9906633506804436,-82.96625237610412,0.0760513378825009,113.71800518092724,363.027274228024,15.288,1.0,4.000784380356556,0.0720883223932472,1.63004945627301e-06,-0.0580695140425003,1.661981834852835e-05,0.0037294481012291,0.0248074749527338,20.173921400319458,24.49570738842244,0.45598154488546194
15.45,31.221168256261137,131.01309858001375,127.8969768893191,-0.0270449837258848,4.838787799319354e-06,0.4129365434770929,-0.0001253802705764,-0.195084331611391,0.0,24.49738311812384,1.002354240436053,-82.9995113978074,0.0763343411877444,113.71772092807696,363.0854583884554,15.288,1.0,3.9995178019138886,0.0720930571455626,1.612922485189003e-06,-0.0580209940802205,1.6568289624584865e-05,0.0037266741833839,0.0270449841622297,20.172656620651303,24.49738387819885,0.45669957422717666
15.46,31.221168286100664,131.01309848291635,127.6538270716364,-0.0293736047838507,6.380928739644445e-06,0.4117927695569334,-0.0001273533258071,-0.1991482929292467,0.0,24.49905124487044,1.0139979787954234,-83.03274218840573,0.0766199689802074,113.71743404091262,363.14340902585786,15.288,1.0,3.9982510525174977,0.0720977679666261,1.595847797553651e-06,-0.057970785841536,1.651800203902748e-05,0.0037237900375593,0.0293736054790874,20.17139845927275,24.499052247184384,0.4574203142131668
15.47,31.221168316360632,131.01309838470095,127.41064467115164,-0.0317916662692036,7.880631051801305e-06,0.4106422226814517,-0.0001293346542334,-0.203140940107481,0.0,24.500711263429533,1.0255948205697112,-83.06594376315395,0.0769082389751951,113.71714450188024,363.2011262446782,15.288,1.0,3.996984133267679,0.0721024548743791,1.578825621561614e-06,-0.057918821958142,1.646892503637619e-05,0.003720791310034,0.0317916672387677,20.170146936989948,24.50071250131617,0.45814112817336855
15.48,31.22116834703941,131.01309828537205,127.16742989852024,-0.0342974647204921,9.337686614811975e-06,0.4094846881460923,-0.0001313236080173,-0.2070609192273255,0.0,24.50236318022064,1.0371450181606212,-83.09911509903395,0.0771991687158063,113.71685229360004,363.2586101630709,15.288,1.0,3.9957170452588073,0.0721071178880754,1.561856199692824e-06,-0.0578650363302871,1.6421027948650986e-05,0.0037176737272929,0.0342974659963021,20.168902074641547,24.502364646981025,0.458859402587827
15.49,31.221168378135268,131.0130981849341,126.92418296340333,-0.0368885721570753,1.0753041067148322e-05,0.408319985082503,-0.0001333198340565,-0.2109070893247654,0.0,24.504006966186765,1.0486488215375362,-83.13225513548761,0.0774927755626396,113.71655739887606,363.3158598473197,15.288,1.0,3.9944494908272654,0.07211175692257,1.5449397884786091e-06,-0.0578093641507659,1.6374280006330537e-05,0.0037144330921706,0.0368885737266078,20.16766392011646,24.504008655270507,0.4595726583679649
15.5,31.22116840964656,131.01309808339167,126.6809040744698,-0.0395267276874931,1.218642399782201e-05,0.4071494160196844,-0.0001353388302541,-0.2146880045102828,0.0,24.505640748836825,1.0601064267710074,-83.16536277725325,0.0777890766824332,113.71625980070768,363.37281969449657,15.288,1.0,3.9931656963127793,0.0721163664677678,1.5280766577097983e-06,-0.057751755245728,1.6328672200489028e-05,0.0037110658674067,0.0395267295644418,20.166433907408,24.50564266307583,0.460284264951971
15.51,31.2211684415716,131.0130979807491,126.43759343839992,-0.0422475683111394,1.3576228170341548e-05,0.405971331658933,-0.0001373645105229,-0.2183930087530983,0.0,24.50726648359585,1.0715180302936715,-83.19843690379695,0.0780880890184954,113.71595948231956,363.4295476137465,15.288,1.0,3.991881734160832,0.0721209522785792,1.5112670869403595e-06,-0.0576921624672107,1.6284198192782856e-05,0.0037075692895243,0.0422475704937172,20.165210582158856,24.507268616144785,0.460986168198317
15.52,31.22116847390875,131.0130978770108,126.19425125392344,-0.0450492850852668,1.4922285697483709e-05,0.4047855412725949,-0.0001393962111043,-0.2220208742847296,0.0,24.5088841781312,1.082883875666322,-83.23147636265001,0.0783898293007973,113.7156564271509,363.4860437619377,15.288,1.0,3.990597605443989,0.0721255143779239,1.4945113676288543e-06,-0.0576305248334521,1.6240826633993766e-05,0.0037039394095688,0.0450492875508725,20.163993964539408,24.50888652211836,0.4616758846558991
15.53,31.221168506656348,131.0130977721812,125.95087773368569,-0.0479300420518725,1.6224443056562357e-05,0.4035918603838539,-0.0001414332662799,-0.2255704068928614,0.0,24.510493840581567,1.09420420353677,-83.26447996675803,0.0786943140460048,113.71535061885568,363.5423083100242,15.288,1.0,3.989313311222828,0.0721300527901136,1.477809804320131e-06,-0.0575667827342494,1.6198526098649308e-05,0.003700172365658,0.0479300447985602,20.162784074319987,24.51049638911112,0.46235096867777853
15.54,31.22116853981277,131.01309766626468,125.70747307641778,-0.0508879762151227,1.7482563142703777e-05,0.4023901108990485,-0.0001434750092085,-0.2290404466046719,0.0,24.51209547949077,1.1054792520312549,-83.29744649526972,0.0790015595482871,113.7150420413116,363.5983414415648,15.288,1.0,3.9880288525878886,0.0721345675406453,1.4611627143832455e-06,-0.0575008779519611,1.6157265096134292e-05,0.0036962643843782,0.0508879792173469,20.16158093083515,24.512098225645367,0.46300901515553067
15.55,31.22116857337637,131.01309755926553,125.46403748581984,-0.0539211982678168,1.8696524229156607e-05,0.401180121196519,-0.0001455207719208,-0.2324298681677255,0.0,24.51368910379473,1.1167092567366608,-83.33037469434161,0.0793115818696379,113.71473067862968,363.6541433518215,15.288,1.0,3.9867442306117336,0.072139058656175,1.4445704277437516e-06,-0.0574327536819647,1.6117012081510348e-05,0.003692211782143,0.0539212015118842,20.160384552906542,24.51369204063789,0.46364766195465174
15.56,31.22116860734556,131.01309745118812,125.22057116360602,-0.0570277934531708,1.986622127290101e-05,0.3999617261760501,-0.0001475698859219,-0.2357375814820456,0.0,24.515274722813345,1.1278944506834876,-83.36326327795139,0.0796243968297976,113.7144165151644,363.7097142481624,15.288,1.0,3.985459446354944,0.0721435261644797,1.42803328661017e-06,-0.0573623545524701,1.6077735466470964e-05,0.0036880109665242,0.0570277969116904,20.15919495876574,24.515277843392084,0.46426459212996307
15.57,31.22116864171868,131.01309734203676,124.97707430353783,-0.0602040765372724,2.0994430001608345e-05,0.3987348347276067,-0.0001496224303951,-0.2389629880796755,0.0,24.516852258957936,1.1390350643300675,-83.3961109287251,0.0799400199973591,113.7140995355226,363.7650517590101,15.288,1.0,3.9841737487200986,0.0721479698375886,1.4115516451950022e-06,-0.0572896266436756,1.6039403630548693e-05,0.0036836584244115,0.0602040801972876,20.15801222983183,24.51685555675529,0.4648578282486922
15.58,31.22116867649416,131.01309723181566,124.73354710931838,-0.063413172515729,2.21383642199188e-05,0.3975006868045281,-0.0001516932599834,-0.2421145357937285,0.0,24.51841998735512,1.1501312704808246,-83.42891630109726,0.0802584666749142,113.71377972457816,363.8201046254546,15.288,1.0,3.982872042364933,0.0721523845999278,1.3951258687782187e-06,-0.0572145318073188,1.6002008386965988e-05,0.0036791514088203,0.0634131763766999,20.156837645575383,24.51842346484124,0.46543127039717613
15.59,31.22116871167037,131.01309712052915,124.4899897786861,-0.0666899988430458,2.32374070321526e-05,0.3962577593403318,-0.0001537664637895,-0.2451819546231356,0.0,24.51997977209089,1.1611832481328843,-83.46167803080066,0.0805797518707625,113.71345706750029,363.8749280909168,15.288,1.0,3.981570174801045,0.0721567759374765,1.3787563301368448e-06,-0.0571370335298162,1.5965541759997266e-05,0.0036744878165381,0.0666900028950976,20.155669859711264,24.51998342221425,0.46597685173661474
15.6,31.22116874724575,131.0130970081815,124.24640250441088,-0.0700325621232546,2.4291494206222795e-05,0.3950059132337648,-0.0001558413639597,-0.2481642937770156,0.0,24.521531623523725,1.172191220834777,-83.49439472788883,0.0809038903070683,113.71313154974553,363.92952239505206,15.288,1.0,3.9802681470905776,0.0721611438810687,1.3624434118683575e-06,-0.0570570821616027,1.5929971751771826e-05,0.0036696644200997,0.0700325663407114,20.154508887452494,24.521535439222717,0.46649245704728837
15.61,31.22116878321867,131.01309689477682,124.0027854862209,-0.0734388483485685,2.530057628424657e-05,0.3937450160688186,-0.000157917282471,-0.2510606391371211,0.0,24.523075552402368,1.1831554092409085,-83.52706497435663,0.0812308964166753,113.7128031570604,363.9838877895809,15.288,1.0,3.9789659602713927,0.0721654884626831,1.346187507438799e-06,-0.0569746295639436,1.589526635788855e-05,0.0036646780884612,0.0734388527052488,20.15335474304081,24.5230795266076,0.46697602416060086
15.62,31.221168819587582,131.0130967803194,123.75913891390442,-0.0769068232029002,2.626462013499922e-05,0.3924749422037218,-0.0001599935418049,-0.2538701137493784,0.0,24.524611569819992,1.194076031378084,-83.55968732501023,0.0815607843310109,113.71247187549388,364.038024536657,15.288,1.0,3.9776636153813567,0.0721698097153145,1.3299890208802082e-06,-0.0568896291248411,1.586139357817497e-05,0.0036595257880645,0.0769068276864832,20.152207439705727,24.52461569545688,0.46742554541966413
15.63,31.22116885635092,131.0130966648134,123.51546298222092,-0.0804344329311791,2.71836085946528e-05,0.3911955727897811,-0.000162069465155,-0.2565918781563623,0.0,24.526139687205685,1.2049533026344754,-83.59226030834641,0.0818935678705229,113.71213769140655,364.0919329091325,15.288,1.0,3.976361113446192,0.0721741076729364,1.31384836648302e-06,-0.0568020357743136,1.5828321427772184e-05,0.0036542045838748,0.0804344375255269,20.151066989596085,24.526143957196936,0.4678390688822877
15.64,31.221168893507123,131.01309654826304,123.27175788394185,-0.0840196053275518,2.805754121630461e-05,0.3899067958168598,-0.0001641443768865,-0.2592251306835179,0.0,24.52765991632092,1.215787435749858,-83.62478242743924,0.082229260532883,113.7118005914826,364.14561318962245,15.288,1.0,3.9750584555159,0.0721783823705107,1.2977659684839098e-06,-0.0567118059989804,1.5796017948331365e-05,0.003648711640361,0.0840196100107425,20.149933403712183,24.52766432358919,0.4682146994119618
15.65,31.221168931054628,131.0130964306724,123.02802380885724,-0.0876523641713158,2.889937019653572e-05,0.3886087997261988,-0.0001662209968518,-0.2617711778615642,0.0,24.529171888772364,1.2265786392081084,-83.6572521608362,0.0825678754806974,113.71146056274196,364.19905437278857,15.288,1.0,3.9737522433746406,0.072182632724296,1.2817422607522552e-06,-0.0566188981612223,1.576445171932682e-05,0.0036430441855818,0.0876523689374751,20.148806959286183,24.52917642827482,0.468551999689562
15.66,31.221168968991886,131.01309631204555,122.78426094874555,-0.0913074788391572,2.9747058497650658e-05,0.3873024021680173,-0.0001683092987988,-0.2642357914212482,0.0,24.5306745131418,1.2373270513834245,-83.68966796717686,0.0829094255254563,113.71111759255616,364.2522239772654,15.288,1.0,3.9724324450852335,0.0721868555229134,1.2657776853235709e-06,-0.0565232903932715,1.5733621182016652e-05,0.0036372006123304,0.091307483686967,20.14768843172999,24.53067918579882,0.46885363656598644
15.67,31.221169007317368,131.0130961923867,122.54046949041604,-0.0950140885497974,3.0549368301514966e-05,0.3859863846901606,-0.0001703956158853,-0.2666103619237453,0.0,24.532169317221182,1.2480328452483265,-83.72202829342493,0.0832539231019729,113.71077166867428,364.3051673023265,15.288,1.0,3.971112491847189,0.0721910552625883,1.2498726891317145e-06,-0.0564249542879053,1.5703511478499632e-05,0.0036311792812282,0.0950140934596044,20.146576757215,24.53217411590473,0.46911256995092027
15.68,31.221169046029523,131.0130960716999,122.29664961968476,-0.0987700714349756,3.130633824598548e-05,0.384660661992299,-0.0001724792693175,-0.268894236000762,0.0,24.53365631364121,1.2586962234943944,-83.75433156664772,0.0836013802757306,113.71042277921516,364.3578846585865,15.288,1.0,3.9697923846994825,0.0721952319808251,1.2340277269530867e-06,-0.056323852490622,1.5674090510450235e-05,0.0036249777513604,0.0987700763995416,20.145471941733582,24.53366123122932,0.4693271404765396
15.69,31.221169085126828,131.01309594998924,122.05280152932492,-0.1025732914478113,3.2018022932452524e-05,0.3833251556312583,-0.0001745595821698,-0.2710867991365474,0.0,24.53513551532636,1.2693173861399094,-83.78657619292296,0.0839518087330669,113.71007091267718,364.41037636532366,15.288,1.0,3.9684721246257584,0.072199385716002,1.218243261919012e-06,-0.0562199492545906,1.5645326241967194e-05,0.003618593684841,0.1025732964441621,20.144373989861187,24.53514054470564,0.46949574873141814
15.7,31.22116912460777,131.01309582725872,121.80892540018364,-0.1064215995473802,3.268449312365201e-05,0.381979793989125,-0.0001766358797227,-0.2731874758095977,0.0,24.53660693550018,1.2798965305254364,-83.81876055826508,0.0843052197700265,113.70971605794936,364.4626427514775,15.288,1.0,3.9671517126649904,0.0722035165073665,1.2025197651807307e-06,-0.0561132104511506,1.5617186710351176e-05,0.0036120248475461,0.1064216045696577,20.14328290469692,24.53661206956836,0.4696168556977357
15.71,31.221169164470822,131.01309570351245,121.56502142006585,-0.1103128343459308,3.33058357108012e-05,0.3806245122916135,-0.0001787074897158,-0.2751957297586877,0.0,24.538070587665324,1.2904338513096905,-83.85088302955266,0.0846616242795044,113.7093582043244,364.5146841545389,15.288,1.0,3.965831149788528,0.0722076243949889,1.1868577155703264e-06,-0.0560036035795964,1.558964003727889e-05,0.0036052691097861,0.1103128393751524,20.142198687822116,24.538075819333763,0.4696889832335992
15.72,31.22116920471448,131.0130955787544,121.3210897708129,-0.1142448233150087,3.38821533369455e-05,0.3792592525916018,-0.0001807737425651,-0.2771110640866884,0.0,24.53952648560996,1.3009295404668944,-83.88294195546509,0.0850210327377383,113.70899734151172,364.5665009206249,15.288,1.0,3.9645104370169033,0.072211709419784,1.1712575992582688e-06,-0.0558910977762734,1.5562654439489028e-05,0.0035983244469389,0.1142448283391777,20.1411213392452,24.539531807806163,0.4697107143708169
15.73,31.22116924533725,131.01309545298855,121.07713063526091,-0.1181961787705615,3.4445059882739073e-05,0.3778846575472458,-0.0001828423256599,-0.2789381187329788,0.0,24.54097374964645,1.311383775416329,-83.9149356675773,0.0853834551922522,113.70863345964972,364.6180668469995,15.288,1.0,3.963181289181648,0.0722157689934586,1.155719909377647e-06,-0.0557756666301982,1.5536202840509466e-05,0.0035911889900051,0.1181961837906389,20.1400514553286,24.54097916026381,0.4696842789823912
15.74,31.22116928633763,131.0130953262189,120.83314419525232,-0.1221637563671792,3.49962476976841e-05,0.3765007861858711,-0.0001849138603349,-0.2806772648262918,0.0,24.542412363947086,1.321796663699548,-83.94686248805773,0.0857489012388202,113.70826654932873,364.6693813940097,15.288,1.0,3.9618432150831766,0.0722198030697946,1.14024514337378e-06,-0.0556573047626643,1.551029003255716e-05,0.0035838623513017,0.1221637613781932,20.13898904042673,24.54241786114482,0.46960898967341236
15.75,31.221169327714147,131.01309519844946,120.58913063064225,-0.1261657717127953,3.550238376538958e-05,0.3751068873830096,-0.0001869791067126,-0.2823228912978356,0.0,24.543843297180125,1.3321683764646046,-83.97872073297815,0.0861173800087683,113.70789660160382,364.72047328136495,15.288,1.0,3.960504992142289,0.0722238144995939,1.124833801427694e-06,-0.0555359908071968,1.548489199413283e-05,0.003576343257337,0.1261657767068881,20.13793344695656,24.54384887388153,0.4694799536445893
15.76,31.221169369465294,131.01309506968414,120.34509012327383,-0.1302000319409009,3.5963608401135475e-05,0.373702929523092,-0.0001890373984028,-0.2838746544244835,0.0,24.545266563812024,1.342499095577032,-84.01050870453129,0.0864889001657095,113.70752360799762,364.77134287730576,15.288,1.0,3.959166621317971,0.0722278033257573,1.1094863894086e-06,-0.0554117003182649,1.5459977062981357e-05,0.0035686300962859,0.1302000369073988,20.136884668572197,24.545272212962423,0.4692959990175699
15.77,31.221169411589617,131.01309493992687,120.10102284902716,-0.1342643375933165,3.638007779704756e-05,0.3722888876522844,-0.0001910880725806,-0.285332250190694,0.0,24.54668217856719,1.352789000228846,-84.0422246913332,0.0868634698971423,113.707147560509,364.82199055824174,15.288,1.0,3.9578281036128047,0.072231769591941,1.0942034188011652e-06,-0.0552844105104272,1.5435513706347375e-05,0.0035607213631055,0.1342643425230987,20.13584269719201,24.546687893136447,0.4690560151867914
15.78,31.22116945408564,131.0130948091816,119.85692898676452,-0.1383564834019315,3.675196420654082e-05,0.3708647434591672,-0.000193130470366,-0.2866954144024198,0.0,24.548090156414457,1.3630382669408023,-84.07386696937218,0.0872410968970329,113.70676845163018,364.87241670803496,15.288,1.0,3.956489440004456,0.0722357133425235,1.0789854063471022e-06,-0.0551541002632051,1.5411470531795403e-05,0.0035526156598906,0.1383564882842368,20.134807522974825,24.54809592939949,0.46875895285294306
15.79,31.221169496951862,131.0130946774522,119.6128087163424,-0.1424742592452565,3.7079454975690175e-05,0.3694304852295512,-0.0001951639368025,-0.2879639227387154,0.0,24.54949051256257,1.3732470695653023,-84.10543380296609,0.0876217883550061,113.70638627435775,364.9226217181428,15.288,1.0,3.9551506314519136,0.072239634622586,1.0638328736844416e-06,-0.055020750125269,1.5387816297568016e-05,0.0035443116961914,0.1424742640702141,20.13377913429235,24.549496336989737,0.46840382396493385
15.8,31.22116954018688,131.0130945447426,119.3686622096662,-0.1466154511467271,3.736275305402214e-05,0.3679861078059072,-0.0001971878212966,-0.2891375907739387,0.0,24.550883262456647,1.3834155792908915,-84.13692344572048,0.0880055509407476,113.7060010222078,364.97260598743776,15.288,1.0,3.953811678920396,0.0722435334779041,1.0487463469843446e-06,-0.0548843423178651,1.536451992307162e-05,0.003535808289279,0.1466154559073285,20.132757517706047,24.55088913138417,0.46798970161717796
15.81,31.221169583789205,131.01309441105664,119.1244896465936,-0.150742058950382,3.766074389714245e-05,0.3665328724252661,-0.0001992172723555,-0.2902259158931962,0.0,24.552266815980857,1.3935439228394984,-84.16833414290838,0.0883923907887518,113.7056126892316,365.0223221749737,15.288,1.0,3.9524571233241192,0.0722474052297336,1.0337263561527711e-06,-0.0547448714588087,1.5341568063356172e-05,0.0035271048244326,0.1507420636553866,20.13174367065059,24.55227273171668,0.4675226930448217
15.82,31.2211696277574,131.01309427639816,118.88029119406067,-0.1548836350298618,3.792156704232321e-05,0.3650697575732216,-0.00020123875429,-0.2912209282682151,0.0,24.553642632286444,1.4036322024543526,-84.19966414189717,0.0887823134771576,113.70522127003628,365.07181359997713,15.288,1.0,3.95110058578442,0.0722512541721197,1.0187734309634691e-06,-0.0546023421500553,1.5318961147720896e-05,0.0035182017697672,0.154883639673337,20.130736648391988,24.553648588992264,0.46699635700185915
15.83,31.221169672090035,131.01309414077105,118.63606702993825,-0.1590422413689597,3.8138451006891806e-05,0.3635966316085395,-0.0002032498017285,-0.2921214472073741,0.0,24.555010919573416,1.4136805819106264,-84.23091168707849,0.0891753240219085,113.7048267597911,365.1210863937986,15.288,1.0,3.949743905319988,0.0722550809180325,1.0038881026728068e-06,-0.054456741781128,1.529666883758198e-05,0.0035090983038116,0.1590422459406924,20.129736310041668,24.55501691034729,0.4664091462933468
15.84,31.22116971678565,131.01309400417912,118.39181732513885,-0.1632156734509726,3.8311633655771245e-05,0.3621135143202788,-0.0002052497731764,-0.2929274418519677,0.0,24.55637169380657,1.42368922245581,-84.26207501587224,0.0895714268662227,113.7044291542373,365.1701409724122,15.288,1.0,3.948387082876968,0.0722588855147742,9.890709056256774e-07,-0.0543080590685243,1.527466041976533e-05,0.0034997936629985,0.1632156779492777,20.12874263522366,24.556377711783917,0.46576037355145405
15.85,31.221169761842816,131.01309386662615,118.14754224958251,-0.1674017274295309,3.844136823169366e-05,0.3606204317499807,-0.000207238032309,-0.2936389208957809,0.0,24.55772497116295,1.4336582827193622,-84.2931523596648,0.0899706258678673,113.70402844970144,365.2189777587674,15.288,1.0,3.947030119401504,0.0722626680102636,9.74322376896426e-07,-0.0541562843960202,1.5252905374322616e-05,0.0034902871913524,0.1674017318421992,20.12775560171577,24.557731009518957,0.4650494109317667
15.86,31.22116980726012,131.013093728116,117.90324197517668,-0.1715982010856557,3.852792272484408e-05,0.3591174161456687,-0.0002092139480831,-0.2942559325142932,0.0,24.559070768028008,1.443587918721764,-84.32414194476166,0.09037292428482,113.70362464310908,365.2675971821204,15.288,1.0,3.945673015852359,0.0722664284530381,9.596430559177211e-07,-0.0540014098139476,1.5231373384649476e-05,0.0034805783404796,0.1715982054090022,20.12677518544596,24.55907681997996,0.46427568983253237
15.87,31.22116985303613,131.01309358865245,117.65891666985384,-0.1758028946498196,3.857158019705215e-05,0.3576045058903177,-0.0002111768951092,-0.2947785643097654,0.0,24.56040910098579,1.4534782838848597,-84.35504199334414,0.0907783247598922,113.70321773200048,365.3159996782194,15.288,1.0,3.9443157731567537,0.0722701668922132,9.4503348410849e-07,-0.0538434290376981,1.5210034347637366e-05,0.0034706666695173,0.175802898880875,20.12580136049568,24.56041515979544,0.4634387005907748
15.88,31.22116989916944,131.01309344823923,117.41456650254058,-0.1799963826975358,3.86008786246549e-05,0.3560823193742581,-0.0002131337445792,-0.2952115169707757,0.0,24.561739237595383,1.4633295198209937,-84.38585072451566,0.0911868293069717,113.70280771454406,365.3641633990029,15.288,1.0,3.9429509592399694,0.0722738811728723,9.304942044807916e-07,-0.0536823395796402,1.5188861878562676e-05,0.0034605518770422,0.1799963868359387,20.1248345442047,24.561745301007218,0.46254135312329725
15.89,31.22116994565861,131.01309330688017,117.17019164415233,-0.1841704702937558,3.8625967245208336e-05,0.3545511747074767,-0.0002150873523386,-0.2955570795500308,0.0,24.56306094698999,1.4731416941113369,-84.41656636155011,0.0915984392932585,113.70239458955444,365.4120814134192,15.288,1.0,3.9415759050066272,0.0722775706160146,9.160257590680924e-07,-0.0535181609565231,1.5167863137650484e-05,0.0034502351522392,0.1841704743448736,20.123874840368728,24.56306701434273,0.46158484487812645
15.9,31.22116999250227,131.01309316457892,116.92579225765232,-0.1883464694716706,3.860865347053931e-05,0.3530103731745714,-0.000217027242944,-0.295809434166889,0.0,24.564375272636063,1.4829149356654248,-84.44718713656572,0.0920131554269733,113.70197835650424,365.4597847065005,15.288,1.0,3.940200712659744,0.0722812382924055,9.016286868988156e-07,-0.0533508976756961,1.5147018214426296e-05,0.0034397168962133,0.1883464734284899,20.122921602511788,24.564381337269168,0.4605644276448295
15.91,31.221170039698983,131.01309302133933,116.6813685089869,-0.192522215655132,3.8549252325107565e-05,0.3514599762396426,-0.0002189528051238,-0.2959688188326373,0.0,24.56568223151425,1.4926493882885588,-84.47771128213807,0.0924309777480561,113.70155901553376,365.50727372755136,15.288,1.0,3.938825383144912,0.0722848842523222,8.873035271542233e-07,-0.053180549870874,1.5126297579907653e-05,0.0034289970834268,0.1925222195148153,20.121974797956465,24.565688286816645,0.4594798195349688
15.92,31.221170087247376,131.01309287716506,116.4369205641024,-0.1966955511494195,3.84480925608829e-05,0.3499000511171852,-0.0002208634337302,-0.2960355100439721,0.0,24.566981840784155,1.5023451932626233,-84.50813703134023,0.0928519056150339,113.70113656746383,365.5545489314214,15.288,1.0,3.937449917382159,0.0722885085465705,8.730508191720551e-07,-0.0530071193110559,1.5105671947593752e-05,0.0034180757941398,0.1966955549064663,20.12103439225529,24.56698788019641,0.4583307951245038
15.93,31.221170135146057,131.01309273205985,116.1924485879516,-0.2008643260952452,3.830551754706061e-05,0.348330670687501,-0.0002227585302536,-0.2960098225877959,0.0,24.56827411778165,1.5120024893613182,-84.53846261868152,0.0932759376902727,113.7007110138102,365.6016107786722,15.288,1.0,3.9360743162915215,0.072292111226472,8.58871102073962e-07,-0.052830609394969,1.508511228317784e-05,0.0034069532140928,0.2008643297486399,20.120100349210656,24.56828013479828,0.4571171850099551
15.94,31.221170183393607,131.0130925860274,115.94795273952364,-0.2050263994040489,3.812188425301252e-05,0.3467519134165238,-0.0002246375028118,-0.2958921093342595,0.0,24.56955908001642,1.5216214128654335,-84.56868628103594,0.0937030719256862,113.70028235679844,365.64845973550064,15.288,1.0,3.9346985808122033,0.0722956923438559,8.447649143930229e-07,-0.0526510251448747,1.506458981387352e-05,0.0033956296341445,0.2050264029491481,20.119172630895587,24.569565068187995,0.45583887535652934
15.95,31.22117023198868,131.01309243907133,115.70343318377267,-0.2091765971139008,3.790254941397234e-05,0.3451639595362776,-0.0002265010753926,-0.2956835603783839,0.0,24.570836616995244,1.5312020975797984,-84.59880625857296,0.0941333055486378,113.69985059937775,365.6950924580756,15.288,1.0,3.933321400856897,0.072299251573909,8.307327937015502e-07,-0.0524683731996461,1.5044076037892229e-05,0.0033841054322063,0.2091766005474905,20.118251268862515,24.570842570713783,0.45449640058369617
15.96,31.221170280929872,131.01309229119542,115.45889008167616,-0.2132777804023452,3.770528081657112e-05,0.3435680563920558,-0.0002283643783653,-0.2953942007409351,0.0,24.572105281389,1.5407446125163768,-84.62882079841016,0.0945666350486789,113.69941574523372,365.7414658057546,15.288,1.0,3.931927624449045,0.0723027846582152,8.167752753230386e-07,-0.0522826780871984,1.5023569385929297e-05,0.0033723819573034,0.2132777837340735,20.117337024705314,24.57211120412066,0.4530968940024639
15.97,31.2211703302158,131.01309214240325,115.214323598189,-0.2173661650371953,3.746766871849543e-05,0.341963132751647,-0.000230210936743,-0.2950147863743634,0.0,24.57336671345764,1.550249040358981,-84.65872816466067,0.095003056165721,113.69897779880058,365.78762854619134,15.288,1.0,3.930533714679904,0.072306296423527,8.028928884439511e-07,-0.0520939643188668,1.5003065910585012e-05,0.0033604609833062,0.2173661682658669,20.116428945563445,24.57337259886528,0.4516332154945064
15.98,31.221170379845127,131.01309199269855,114.96973388435,-0.2214396693144829,3.7190098800207485e-05,0.3403492878681692,-0.0002320401774042,-0.2945458142743976,0.0,24.574620930971257,1.5597155084013317,-84.68852663058045,0.0954425638800002,113.69853676527104,365.8335811549446,15.288,1.0,3.9291396724360905,0.0723097869224375,7.890861589284301e-07,-0.0519022431222879,1.498253760071498e-05,0.0033483432036628,0.2214396724361874,20.1155269875688,24.57462677277832,0.45010546353225017
15.99,31.22117042981644,131.01309184208492,114.72512110710238,-0.2254962248505481,3.687296908366761e-05,0.338726626100027,-0.0002338515343022,-0.2939878179237223,0.0,24.575867951873903,1.5691441414044984,-84.7182144762625,0.095885152396697,113.69809265061178,365.8793241130903,15.288,1.0,3.9277454986301055,0.0723132562080508,7.753556102407495e-07,-0.0517075272952281,1.4961956732457152e-05,0.0033360294136645,0.2254962278646652,20.11463110529696,24.575873743866342,0.44851378908925343
16.0,31.2211704801284,131.013091690566,114.48048541847992,-0.2295337770046356,3.651669128947668e-05,0.3370952568401762,-0.0002356444490741,-0.2933413671119655,0.0,24.577107794257607,1.578535061760585,-84.74778998953633,0.0963308151346009,113.6976454615744,365.9248579066889,15.288,1.0,3.926351194161512,0.0723167043339007,7.617017630800891e-07,-0.0515098311954329,1.4941295878132728e-05,0.0033235205098229,0.2295337799091842,20.1137412518214,24.577113530286063,0.4468583952121384
16.01,31.22117053077965,131.01309153814546,114.2358269794626,-0.2335502857612607,3.612168960808501e-05,0.3354552944423896,-0.0002374183709908,-0.2926070676191361,0.0,24.578340476360587,1.5878883895134852,-84.77725146685786,0.0967795447117714,113.69719520570986,365.9701830260527,15.288,1.0,3.924956759936336,0.0723201313539606,7.481251350168372e-07,-0.0513091707298577,1.4920527915024368e-05,0.0033108174892014,0.2335502885544537,20.112857378753603,24.578346150342323,0.4451395365024128
16.02,31.221170581768817,131.01309138482682,113.991145944073,-0.2375437264839738,3.5688401276867645e-05,0.3338068581057115,-0.0002391727573579,-0.29178556091569,0.0,24.579566016559667,1.5972042423806962,-84.80659721419332,0.0972313329326639,113.6967418913815,366.0152999665602,15.288,1.0,3.923562196834727,0.0723235373225974,7.346262401301298e-07,-0.0511055633432827,1.489962603393614e-05,0.0032979214487213,0.2375437291644426,20.111979436291552,24.579571622480632,0.44335751857941724
16.03,31.221170633094555,131.01309123061372,113.74644247130392,-0.2414770192132528,3.527473549822742e-05,0.3321511677706988,-0.0002409225620491,-0.2908869875290451,0.0,24.580783010472643,1.6064826971246855,-84.83582554911933,0.0976861707770623,113.69628552777584,366.0601668477865,15.288,1.0,3.922152353157293,0.0723269181078341,7.212055882415285e-07,-0.050899037876436,1.4878579902626777e-05,0.0032848340312438,0.2414770217903326,20.11110809774549,24.58078855141514,0.44151975698584844
16.04,31.22117068475553,131.0130910755098,113.50171670822056,-0.245376861768929,3.483414807181055e-05,0.3304875458005015,-0.0002426557366397,-0.2899050249651443,0.0,24.58199265704721,1.61572379642285,-84.86493481145823,0.0981440483955926,113.69582612490696,366.10481932135406,15.288,1.0,3.920739517053229,0.0723302772377973,7.078636808947456e-07,-0.0506896356944016,1.4857397526593454e-05,0.0032715580383774,0.2453768642414916,20.110242691137284,24.58199812878239,0.4396214284029909
16.05,31.221170736750384,131.01309091951865,113.2569688177928,-0.2492479447102131,3.435619567915564e-05,0.328815924961434,-0.0002443689184406,-0.2888386820423357,0.0,24.58319524585701,1.62492765084742,-84.89392335885843,0.0986049550983415,113.69536369362808,366.1492659604064,15.288,1.0,3.9193265530824792,0.0723336155648343,6.946010128137462e-07,-0.0504773792556875,1.4836053837162814e-05,0.0032580949293748,0.2492479470771835,20.10938302379345,24.583200642515607,0.4376616917990027
16.06,31.22117078907776,131.01309076264377,113.01219894708623,-0.2530883296081754,3.384133780845634e-05,0.3271364421638591,-0.0002460615873249,-0.2876887329786496,0.0,24.58439079545633,1.634094369729143,-84.9227895618731,0.0990688793401629,113.69489824564609,366.19350726705767,15.288,1.0,3.91791346215622,0.0723369331438342,6.814180738235216e-07,-0.0502622918036216,1.4814522965056331e-05,0.0032444461784806,0.2530883318709828,20.108529041535824,24.58439611124124,0.43564104423343014
16.07,31.22117084173633,131.0130906048888,112.76740724913164,-0.2568960971560322,3.3290046484142275e-05,0.3254492386731366,-0.0002477332317672,-0.286455985600471,0.0,24.58557932451816,1.643224060204101,-84.95153180474958,0.0995358087096783,113.69442979353217,366.2375437472911,15.288,1.0,3.9165002451135273,0.0723402300300343,6.683153485235133e-07,-0.0500443980406851,1.4792779375696755e-05,0.0032306133548542,0.2568960993131048,20.10768068905884,24.58558455370644,0.4335600304583156
16.08,31.22117089472476,131.01309044625728,112.5225938789476,-0.2606693482855493,3.270280550526487e-05,0.3237544600023526,-0.0002493833488767,-0.2851412808467456,0.0,24.586760851844847,1.6523168272398308,-84.98014848626208,0.1000057299176857,113.6939583507341,366.28137591131576,15.288,1.0,3.9150869028721313,0.0723435062790516,6.552933159415898e-07,-0.0498237241135746,1.4770797877587063e-05,0.0032165981216341,0.2606693503361938,20.10683790998078,24.586765988789523,0.43141924227645695
16.09,31.221170948041703,131.01309028675274,112.27775898558934,-0.2644062045595934,3.208011004313464e-05,0.322052255827431,-0.0002510114445338,-0.2837454924453542,0.0,24.58793539635027,1.6613727736615207,-85.00863802053473,0.100478628787096,113.6934839315854,366.3250042729944,15.288,1.0,3.9136734362711074,0.0723467619468302,6.4235244919045e-07,-0.0496002975976101,1.4748553629857184e-05,0.0032024022349565,0.264406206505488,20.10600064691055,24.58794043548217,0.4292193180337285
16.1,31.221171001685864,131.01309012637876,112.03290271811235,-0.2680742179375363,3.147257534156938e-05,0.3203436950294437,-0.0002526304984892,-0.2822777555357894,0.0,24.589101775738303,1.6703919713114124,-85.03699883858839,0.1009544902443834,113.69300655131468,366.3683935514016,15.288,1.0,3.9122466335737847,0.0723499935549205,6.294932148826489e-07,-0.0493741547315661,1.4726034015019836e-05,0.0031880278553715,0.2680742197852364,20.105169404016728,24.58910671943888,0.4269670690318035
16.11,31.22117105565589,131.0130899651388,111.78802522358444,-0.2716906904260928,3.084937050115026e-05,0.3186284485497151,-0.0002542327022948,-0.2807345322426682,0.0,24.590260775820912,1.6793744398100976,-85.06522939852769,0.1014332983237903,113.69252622604058,366.41156710810696,15.288,1.0,3.910814658891744,0.0723532034157783,6.167160692854258e-07,-0.0491453488685681,1.4703252489604116e-05,0.0031734785063421,0.2716906921779478,20.104343745953283,24.5902656216287,0.4246598997468151
16.12,31.22117110995047,131.01308980303648,111.54312665503788,-0.2752655489730468,3.0191796548887623e-05,0.3169063405435538,-0.0002558125963164,-0.2791137414623914,0.0,24.59141287832448,1.6883202725765116,-85.09332818345058,0.1019150361605509,113.69204297277916,366.4545392487453,15.288,1.0,3.909382560873039,0.0723563929471085,6.040214589087361e-07,-0.0489139132524673,1.4680187707265963e-05,0.003158756373073,0.2752655506296362,20.10352339400424,24.591417620840787,0.4222963115987707
16.13,31.221171164568272,131.01308964007526,111.2982071575535,-0.2787970223205531,2.9500365952609035e-05,0.3151775355620032,-0.0002573697121933,-0.2774163768883629,0.0,24.5925581022568,1.6972295648390487,-85.12129369503508,0.1023996859723658,113.6915568094618,366.4973104917107,15.288,1.0,3.907950340380861,0.0723595622051241,5.91409822984117e-07,-0.0486798807775306,1.4656815903362382e-05,0.0031438635587705,0.2787970238811791,20.102708288237054,24.592562736163448,0.41987711455611954
16.14,31.221171219507976,131.01308947625867,111.05326687621212,-0.2822833634659837,2.8775602553464072e-05,0.3134422017905683,-0.0002589035909445,-0.2756434623727044,0.0,24.593696466730208,1.7061024098382875,-85.14912445415138,0.102887229053031,113.69106775494213,366.5398813587535,15.288,1.0,3.90651799827176,0.0723627112463469,5.788815932082186e-07,-0.0484432856678833,1.4633113680837308e-05,0.0031288022533745,0.2822833649321924,20.1018983680522,24.593700986791287,0.4174031615155798
16.15,31.22117127476827,131.01308931159022,110.80830595907706,-0.2857228503772449,2.801804029613292e-05,0.3117005109474856,-0.0002604137828658,-0.273796051423503,0.0,24.5948279909597,1.7149388988563157,-85.17681900161713,0.1033776457634068,113.69057582900469,366.5822523750488,15.288,1.0,3.905085535408928,0.0723658401275996,5.66437193422816e-07,-0.0482041634587426,1.4609058017558252e-05,0.00311357473237,0.2857228517513306,20.10109357225021,24.59483239202318,0.4148753476833293
16.16,31.22117133034784,131.01308914607336,110.56332455222416,-0.2891137865863942,2.722822372203845e-05,0.3099526381874327,-0.0002618998478423,-0.2718752267188494,0.0,24.595952694256663,1.7237391212472604,-85.2043758989438,0.1038709155270586,113.690081052369,366.6244240690467,15.288,1.0,3.9036529526289936,0.0723689489059856,5.540770392987296e-07,-0.0479625509771391,1.4584626273038528e-05,0.0030981833555625,0.2891137878678599,20.1002938391037,24.595956971256044,0.41229460997484024
16.17,31.221171386245373,131.01308897971165,110.31832279874736,-0.2924236863869398,2.6457173068393568e-05,0.3081996485778942,-0.0002633749255258,-0.2698903949373346,0.0,24.597069425143136,1.7325031355735672,-85.23179372979847,0.1043670168231413,113.68958344669744,366.6663620637286,15.288,1.0,3.9022069407304096,0.0723720341937928,5.418015377748602e-07,-0.0477184935772887,1.4559808064765102e-05,0.0030826308877646,0.292423687582828,20.0994996071052,24.59707358102616,0.4096680583464121
16.18,31.2211714424596,131.01308881250847,110.07330084174136,-0.2956699247309196,2.5674304144073e-05,0.3064412635416398,-0.0002648313244695,-0.2678382563860418,0.0,24.598178940690147,1.7412309470775336,-85.25907111021817,0.1048659272081097,113.6890830345726,366.70808887806,15.288,1.0,3.9007556118580142,0.0723750982188559,5.296110831745824e-07,-0.0474720539659784,1.453461973299328e-05,0.0030669214568473,0.2956699258451517,20.098710481787467,24.59818297360041,0.40699342712203873
16.19,31.221171498989143,131.01308864446744,109.82825882529448,-0.2988629711329117,2.4860399067633986e-05,0.3046773344383779,-0.0002662634909439,-0.2657168352490962,0.0,24.599281721211128,1.74992263620597,-85.28620668648942,0.1053676233051655,113.68857983950828,366.74961878486704,15.288,1.0,3.899304164081951,0.0723781423946894,5.175060578360867e-07,-0.0472232742700377,1.450904232295434e-05,0.0030510578261424,0.2988629721666243,20.097926201275808,24.59928562627348,0.4042694467202748
16.2,31.221171555832743,131.01308847559196,109.58319689349626,-0.3020012548409772,2.401601415117583e-05,0.3029080484301365,-0.0002676710130781,-0.2635273188611871,0.0,24.600377786039,1.7585782856222982,-85.31319912850147,0.1058720807911372,113.68807388596218,366.79095231488793,15.288,1.0,3.897852598242932,0.0723811667784537,5.054868346848117e-07,-0.0469721960482713,1.4483054379631676e-05,0.0030350426651571,0.3020012557961333,20.09714670338823,24.60038155846568,0.40149720452039384
16.21,31.221171612989103,131.01308830588545,109.33811518248396,-0.3050832337090809,2.3141715138327423e-05,0.3011335955950163,-0.000269053488804,-0.261270920711091,0.0,24.601467154593937,1.76719797623545,-85.34004713025696,0.1063792743902761,113.68756519934288,366.8320900016564,15.288,1.0,3.8964009151749455,0.072384171427568,4.935537770122533e-07,-0.04671886203469,1.4456634841987016e-05,0.0030188787202722,0.3050832345869718,20.09637192578819,24.60147078968605,0.3986778258130038
16.22,31.22117167045691,131.0130881353514,109.09301383833532,-0.3081073948479888,2.223807688619049e-05,0.2993541688237013,-0.0002704105259893,-0.2589488798537594,0.0,24.60254984638248,1.775781787232175,-85.36674941054423,0.1068891778750899,113.68705380600804,366.8730323817156,15.288,1.0,3.8949491157321554,0.072387156399702,4.817072381903183e-07,-0.0464633161164522,1.4429763049247296e-05,0.0030025688133353,0.3081073956502155,20.095601806056788,24.60255333953143,0.3958124731378464
16.23,31.22117172823488,131.01308796399329,108.84789299818272,-0.3110722550403663,2.130568327751173e-05,0.2975699637320907,-0.0002717417426076,-0.2565624603697353,0.0,24.60362588098904,1.7843297961113944,-85.3933047135869,0.1074017640618158,113.68653973326953,366.913779994204,15.288,1.0,3.8934972007216446,0.0723901217527551,4.699475613905834e-07,-0.046205603311316,1.4402418746944572e-05,0.0029861158402174,0.3110722557706496,20.094836281768146,24.603629227677946,0.39290234566627935
16.24,31.22117178632172,131.0130877918145,108.60275280412873,-0.31394051357169,2.040382270502872e-05,0.2957821756463031,-0.0002730626203146,-0.2541226442025756,0.0,24.6046939606746,1.7928420399244815,-85.41971181088456,0.1079170048177996,113.68602300938583,366.9542940855387,15.288,1.0,3.892029681116549,0.0723930636687346,4.582750788830267e-07,-0.0459457796444198,1.437459828496868e-05,0.00296952325018,0.3139405142344048,20.094075801889893,24.604697165699573,0.38995575170750324
16.25,31.221171844716125,131.0130876188186,108.3575933913178,-0.3167392899394083,1.9486360569351702e-05,0.2939903052353623,-0.0002743613654973,-0.2516237594204216,0.0,24.60575516968831,1.8013185182331728,-85.445969511991,0.1084348710923668,113.68550366353082,366.99460694658165,15.288,1.0,3.8905587790338174,0.0723959853380669,4.466901078887445e-07,-0.0456839144199697,1.4346318362216602e-05,0.0029527956413794,0.3167392905391026,20.093319874504747,24.60575823059867,0.38696885036318696
16.26,31.221171903416817,131.01308744500886,108.11241489887126,-0.3194747939059027,1.85414616448532e-05,0.2921943532245588,-0.0002756343777553,-0.2490651555309385,0.0,24.60680980771613,1.8097593031011805,-85.47207665992633,0.1089553329118682,113.68498172579903,367.0347274720687,15.288,1.0,3.889087762404333,0.072398887642775,4.351929522035432e-07,-0.0454200565025557,1.4317560922033404e-05,0.0029359361956129,0.3194747944439627,20.092568328217517,24.606812720202115,0.3839414899828866
16.27,31.22117196242249,131.0130872703888,107.8672174649169,-0.3221456838059702,1.756971587689439e-05,0.29039452441981,-0.0002768813050492,-0.2464481837708473,0.0,24.60785789430521,1.818164466339422,-85.49803212556408,0.1094783593626588,113.6844572272227,367.07465620146337,15.288,1.0,3.8876166320456056,0.0724017706406456,4.237839043793829e-07,-0.0451542549608277,1.4288306975791464e-05,0.0029189480748603,0.3221456842844683,20.09182110230792,24.607860654149725,0.3808749975519712
16.28,31.221172021731867,131.01308709496186,107.62200122460015,-0.3247506502187444,1.6571720856827884e-05,0.2885910258310522,-0.0002781018054678,-0.2437742170251107,0.0,24.60889944907465,1.826534078258284,-85.52383480815193,0.1100039185969265,113.68393019976573,367.11439367703855,15.288,1.0,3.8861453887683353,0.0724046343896682,4.1246324550048746e-07,-0.0448865598622776,1.425853794835331e-05,0.0029018345066728,0.3247506506418624,20.09107813641977,24.608902052154477,0.3777707326104538
16.29,31.22117208134368,131.01308691873143,107.3767663160496,-0.3272884164771607,1.5548082437959715e-05,0.2867840665985553,-0.0002792955475966,-0.2410446491858864,0.0,24.609934491713847,1.834868207704016,-85.5494836358755,0.1105319778354759,113.68340067632064,367.15394044311057,15.288,1.0,3.884674033390029,0.0724074789480466,4.0123124493914345e-07,-0.0446170222484344,1.42282356836494e-05,0.0028845987825756,0.3272884168467113,20.090339370632154,24.609936934000924,0.3746300865680099
16.3,31.221172141256627,131.01308674170087,107.13151287043556,-0.3297559098810689,1.4502408188160106e-05,0.284973905335015,-0.0002804629997716,-0.2382613771794211,0.0,24.610962976624368,1.8431669220947071,-85.57497756641072,0.1110625033760821,113.682868690701,367.19329509643774,15.288,1.0,3.883201778279729,0.0724103041818871,3.900881601176488e-07,-0.0443456941096326,1.419738244957662e-05,0.0028672442488377,0.3297559102003025,20.08960476880778,24.61096525465732,0.37145482798964763
16.31,31.221172201469432,131.01308656387369,106.88624102688068,-0.3321116248294836,1.3501284564022104e-05,0.2831618510841048,-0.0002816218914078,-0.2354368683963938,0.0,24.61198349300098,1.8514302246259613,-85.60031559011482,0.1115954606102778,113.6823342776238,367.2324154931627,15.288,1.0,3.881711191683024,0.0724131059406066,3.790342352965682e-07,-0.0440726447637006,1.4165987768310988e-05,0.0028497752152571,0.3321116251043034,20.08887477279006,24.6119856137778,0.3682543037366533
16.32,31.221172261980847,131.0130863852532,106.6409509135744,-0.3343967957854915,1.2475907985728664e-05,0.2813470723473026,-0.0002827542910942,-0.2325617987417265,0.0,24.612997583595654,1.8596581262921867,-85.6254967405658,0.1121308140758516,113.68179747265717,367.2713476240316,15.288,1.0,3.880220493979999,0.0724158887635603,3.680696974572856e-07,-0.0437979448466982,1.413406226498462e-05,0.0028321964221452,0.3343967960188527,20.088148774409422,24.612999543306696,0.365022253160509
16.33,31.22117232278956,131.01308620584288,106.39564266963998,-0.3366102980774717,1.1426886155349848e-05,0.2795297851788839,-0.0002838598987469,-0.2296376331509248,0.0,24.614005267981057,1.8678506915090587,-85.6505200860544,0.1126685274364605,113.68125831224071,367.3100920314293,15.288,1.0,3.8787296859987217,0.0724186527086016,3.571947595072245e-07,-0.0435216488092742,1.4101589101889692e-05,0.0028145113858748,0.3366102982709868,20.08742671724388,24.614007062912137,0.36176017461538496
16.34,31.22117238389429,131.01308602564606,106.15031642127929,-0.3387510424977646,1.0354831818702268e-05,0.2777102072206865,-0.0002849384241888,-0.2266658537881017,0.0,24.61500656582505,1.8760079830832523,-85.67538472628526,0.1132085634790449,113.68071683368817,367.3486492611137,15.288,1.0,3.877238768539663,0.0724213978338583,3.464096215681641e-07,-0.0432438119336555,1.406855186332502e-05,0.0027967236776276,0.3387510426556938,20.086708545636967,24.615008192358232,0.35846959377044985
16.35,31.2211724452938,131.01308584466622,105.9049723056286,-0.3408179749365224,9.260364747843136e-06,0.2758885576642448,-0.0002859895878422,-0.2236479595657334,0.0,24.61600149685454,1.8841300625924888,-85.70008979284611,0.1137508841251868,113.68017307517611,367.3870198607793,15.288,1.0,3.875747742396389,0.0724241241976338,3.357144707735353e-07,-0.0429644903069104,1.403493456005938e-05,0.002778836921665,0.3408179750632072,20.085994204777293,24.616002951469238,0.35515206300684443
16.36,31.221172506986782,131.01308566290666,105.6596104488904,-0.3428100767614766,8.144110499533884e-06,0.2740650571580984,-0.0002870131205766,-0.2205854654586972,0.0,24.616990080854183,1.892216990422972,-85.72463444966304,0.1142954504448656,113.67962707572998,367.4252043802173,15.288,1.0,3.8742566083624665,0.0724268318583992,3.251094810719822e-07,-0.0426837407939335,1.400072163345512e-05,0.002760854793589,0.3428100768578643,20.085283640759677,24.61699136012807,0.35180916063006834
16.37,31.221172568971987,131.0130854803708,105.41423098223692,-0.3447101055591728,7.033314965588925e-06,0.2722403387495884,-0.0002880158508835,-0.2174842359663505,0.0,24.61797177624201,1.9002688184078789,-85.7490178934932,0.1148422226713264,113.67907887520931,367.4631866109333,15.288,1.0,3.8727583510979873,0.0724295192230045,3.145948130191761e-07,-0.0424016226802011,1.396590069051839e-05,0.0027427810640598,0.3447101056313942,20.08457698102164,24.617972881032543,0.34844551638597426
16.38,31.221172631248127,131.013085297062,105.16883403783584,-0.3465051846706574,5.948140333840926e-06,0.2704149994133877,-0.0002890036424859,-0.2143495581680364,0.0,24.618946202572427,1.9082855173391635,-85.77323936058538,0.1153911602490304,113.67852851425998,367.5009551511909,15.288,1.0,3.8712477388136817,0.0724321851724032,3.0417061122611777e-07,-0.0421182184990958,1.3930496601357237e-05,0.0027246210281948,0.3465051847224873,20.08387429188222,24.61894713690413,0.34506533949048007
16.39,31.221172693813955,131.01308511298367,104.92341974288432,-0.3482228877370601,4.842607162299562e-06,0.2685885777349093,-0.0002899642721274,-0.2111756626173439,0.0,24.61991436791472,1.9162671214557807,-85.79729813249767,0.1159422218849233,113.67797603426185,367.5385400534691,15.288,1.0,3.869737019635509,0.0724348326727435,2.9383700201593334e-07,-0.041833595041389,1.3894507781582625e-05,0.002706379117922,0.3482228877709477,20.083175200996543,24.619915128589675,0.3416651411116077
16.4,31.2211727566682,131.0130849281391,104.67798822259184,-0.3498623588819175,3.717335492320568e-06,0.2667612986477302,-0.0002908975019648,-0.2079641146848716,0.0,24.6208762919302,1.9242136874936413,-85.82119352593618,0.1164953655187062,113.67742147736008,367.57594186545526,15.288,1.0,3.868226194367288,0.0724374617821247,2.835940973526836e-07,-0.0415478117686192,1.3857920015543867e-05,0.0026880591812843,0.3498623589018795,20.082479659769632,24.62087687584789,0.3382465788064124
16.41,31.22117281980957,131.0130847425318,104.43253960912664,-0.3514227790097899,2.572951000110081e-06,0.2649333880925655,-0.0002918031047235,-0.2047164920342053,0.0,24.621831994327703,1.9321252712024093,-85.8449248918387,0.1170505483365446,113.67686488645,367.6131611363399,15.288,1.0,3.8667152637709,0.0724400725587902,2.734419951951799e-07,-0.0412609287681368,1.3820719516136008e-05,0.0026696651078419,0.3514227790191315,20.08178762080304,24.6218323984859,0.3348113310299529
16.42,31.22117288323684,131.013084556165,104.187074026705,-0.3529033662597214,1.4100845400354548e-06,0.263105072925787,-0.0002926808637038,-0.201434383862794,0.0,24.622781494868168,1.9400019273839848,-85.86849161572728,0.1176077267939827,113.67630630515524,367.6501984171495,15.288,1.0,3.8652042286501618,0.0724426650611357,2.6338077934626684e-07,-0.0409730067247983,1.378289292854936e-05,0.0026512008268451,0.3529033662627124,20.0810990379439,24.62278171636373,0.3313610961829332
16.43,31.22117294694873,131.0130843690422,103.94159160252543,-0.3543033760847628,2.2937166915674441e-07,0.2612765808346999,-0.0002935305728064,-0.1981193902336655,0.0,24.623724813357608,1.9478437099314028,-85.89189311804013,0.1181668566369644,113.67574577780609,367.68705426082187,15.288,1.0,3.863693089780933,0.0724452393476828,2.5341051930896175e-07,-0.0406841068924773,1.3744427333557052e-05,0.0026326703053935,0.354303376085074,20.08041386633488,24.623724849387223,0.3278975916950719
16.44,31.221173010943986,131.0130841811666,103.69609246179874,-0.3555863163133653,-9.099844328551432e-07,0.2594490303090595,-0.0002943678699473,-0.1947828071868404,0.0,24.62466077597776,1.9556506347924512,-85.91512885552366,0.1187278929343943,113.6751833494072,367.72369357111495,15.288,1.0,3.862166384306064,0.0724477919652181,2.4353126974877893e-07,-0.0403943004909661,1.3705325660019474e-05,0.0026140780298277,0.3555863163145925,20.079732408759693,24.624660633037735,0.32442908001031595
16.45,31.221173075221344,131.0130839925416,103.4505767277484,-0.3567781723460518,-2.0509625142788696e-06,0.2576220845308334,-0.000295181997869,-0.1914197924422833,0.0,24.625590306534143,1.9634226737177105,-85.93819833200749,0.1192907901692754,113.67461906554604,367.7601438958119,15.288,1.0,3.860635517078239,0.0724503256319233,2.3374306630330826e-07,-0.0401036735117864,1.3665614577124608e-05,0.0025954296683716,0.3567781723524545,20.079054349173493,24.625589984369704,0.320952897648659
16.46,31.221173139779523,131.0130838031706,103.2050445275736,-0.3578877497805393,-3.2083572739722303e-06,0.2557957496819757,-0.0002959687461196,-0.1880295058999452,0.0,24.626513740578968,1.9711598768051344,-85.96110109399186,0.1198555022458262,113.67405297238616,367.7964152181667,15.288,1.0,3.8591045470910528,0.0724528413352778,2.240459272337533e-07,-0.0398122896208609,1.3625283897558444e-05,0.0025767293813842,0.3578877497946137,20.078379554910143,24.626513236611387,0.3174691295887526
16.47,31.22117320461731,131.01308361305692,102.95949598350433,-0.3589144733462096,-4.381544685000272e-06,0.2539702553100551,-0.0002967279394414,-0.1846135766504807,0.0,24.62743109775968,1.978862295450914,-85.98383672401933,0.1204219824802983,113.67348511667612,367.83250808766496,15.288,1.0,3.857573475116228,0.0724553391333334,2.144398560230323e-07,-0.0395202118105323,1.3584322039128304e-05,0.0025579812528767,0.3589144733727309,20.07770798784875,24.62743040950825,0.31397953964137143
16.48,31.221173269733427,131.01308342220392,102.71393121777076,-0.3598578059334424,-5.569896956945665e-06,0.2521458313673935,-0.0002974594129812,-0.1811736407186791,0.0,24.62834239776572,1.98652998035089,-86.0064048408316,0.120990183627748,113.6729155457226,367.86842305532,15.288,1.0,3.8560423019254846,0.0724578190842649,2.0492484130872683e-07,-0.0392275034838749,1.354271784823388e-05,0.0025391893944534,0.359857805977214,20.077039611371248,24.628341522848352,0.3104859044293596
16.49,31.221173335126604,131.0130832306149,102.46835035459112,-0.3607172486804478,-6.772782502811768e-06,0.2503227081395705,-0.0002981630123879,-0.1777113403536936,0.0,24.629247660325014,1.994162981538852,-86.02880509959918,0.1215600579147902,113.6723443073586,367.90416067344313,15.288,1.0,3.8545110282693056,0.0724602812463623,1.9550085678769213e-07,-0.0389342284254896,1.3500460602467108e-05,0.0025203579434179,0.3607172487440049,20.076374390397056,24.629246596458827,0.30699001221834055
16.5,31.221173400795607,131.0130830382933,102.22275351221998,-0.3614775175631286,-7.965310856736864e-06,0.2485014639352004,-0.0002988450520039,-0.1742322740209597,0.0,24.63014642500516,2.001761342562796,-86.05103719216135,0.122131557073902,113.67177144990788,367.93970714893857,15.288,1.0,3.852973258627578,0.0724627242652636,1.861678611163928e-07,-0.0386404520617915,1.3457542121301031e-05,0.0025014910955902,0.3614775176504141,20.07571241980077,24.63014517381706,0.3034962144686777
16.51,31.221173466739177,131.0130828452423,101.97714081288846,-0.3621221857277743,-9.120657426304126e-06,0.2466827774692606,-0.0002995132818244,-0.1707429210399982,0.0,24.631038204146616,2.00932502399217,-86.0731008531229,0.1227046324190786,113.67119702210984,367.97504787206367,15.288,1.0,3.851422003154694,0.0724651467065177,1.7692579555432677e-07,-0.038346263163528,1.3413992287167453e-05,0.002482594557883,0.3621221858423691,20.075053795974217,24.6310367714771,0.30000937900909996
16.52,31.221173532956044,131.01308265146537,101.73151237982184,-0.3626820003268175,-1.0289119954642023e-05,0.2448661867945039,-0.0003001544849727,-0.1672369300507381,0.0,24.63192403090932,2.0168540474385592,-86.09499586646633,0.1232792349375483,113.67062107302787,368.0102136729016,15.288,1.0,3.8498706482134586,0.0724675516099691,1.677745813394039e-07,-0.0380517354580066,1.33698163300503e-05,0.0024636732182558,0.3626820004720857,20.07439821475937,24.63192241469814,0.29652610391125966
16.53,31.221173599445,131.01308245696575,101.48586833028172,-0.3631566347600241,-1.1470084137574678e-05,0.2430519220966186,-0.0003007685370001,-0.1637159537036423,0.0,24.63280392484082,2.0243484614314293,-86.11672205476015,0.1238553152545942,113.670043652084,368.0452050998149,15.288,1.0,3.848319194578392,0.0724699390333695,1.5871412390832377e-07,-0.037756933714842,1.3325004842986308e-05,0.0024447312820537,0.3631566349405765,20.07374564863088,24.63280212312422,0.29304818851797526
16.54,31.221173666204752,131.01308226174683,101.24020878351764,-0.3635458008866393,-1.266293251102592e-05,0.2412402134856851,-0.0003013553237417,-0.1601816469334665,0.0,24.633677905521488,2.031808314045929,-86.13827927773748,0.1244328236583728,113.66946480903492,368.0800227022478,15.288,1.0,3.8467676429881545,0.0724723090345703,1.4974431345772532e-07,-0.0374619229241641,1.3279548838805516e-05,0.0024257729698677,0.3635458011067078,20.073096071726557,24.6336759164327,0.2895774359855543
16.55,31.221173733234064,131.01308206581191,100.99453385679172,-0.3638492491525177,-1.386704508907916e-05,0.2394312909078648,-0.0003019147411989,-0.156635666209343,0.0,24.63454599256644,2.0392336529412165,-86.15966743242124,0.1250117101426055,113.66888459392858,368.1146670313056,15.288,1.0,3.845215994188581,0.072474661671516,1.40865024898779e-07,-0.0371667682671055,1.323343975217046e-05,0.0024068025156212,0.3638492494166281,20.072449459864227,24.63454381433609,0.2861156516990328
16.56,31.22117380053169,131.01308186916432,100.74884367034862,-0.3640667685837089,-1.508180001512512e-05,0.237625384087838,-0.0003024466954988,-0.1530796688183341,0.0,24.635408205623825,2.0466245253988764,-86.1808864532216,0.1255919244476001,113.66830305706398,368.1491386391791,15.288,1.0,3.843664248925504,0.0724769970022516,1.3207611781935493e-07,-0.0368715350863368,1.3186669441243956e-05,0.0023878241646518,0.3640667688958406,20.07180579055601,24.63540583658022,0.28266464165584454
16.57,31.2211738680964,131.01308167180736,100.50313833946286,-0.3641538627844942,-1.6234058049129953e-05,0.235823760528706,-0.0003029708449536,-0.1495273923184999,0.0,24.63626317834869,2.053980922519424,-86.2019363141325,0.1261734161207472,113.66772024892958,368.1833966516488,15.288,1.0,3.842093242235834,0.0724793110072611,1.23377435638955e-07,-0.0365763033405355,1.3139253861970517e-05,0.0023688429765704,0.3641538631464591,20.0711653832012,24.63626062830881,0.27923355614038214
16.58,31.22117393592693,131.0130814737443,100.25741798040332,-0.3641529795813272,-1.7392860732998712e-05,0.2340257618205571,-0.0003034695205594,-0.1459697328882189,0.0,24.63711227770463,2.0613028237287447,-86.22281703976307,0.1267561346566376,113.66713622006402,368.21748188718885,15.288,1.0,3.8405212587517457,0.0724816077083817,1.147688012847047e-07,-0.0362811591103032,1.3091219217323998e-05,0.0023498646736366,0.3641529799961989,20.070527879872397,24.637109545640456,0.27581753426658717
16.59,31.221174004022032,131.0130812749786,100.01168271043328,-0.3640660836843102,-1.8560950401499283e-05,0.2322315707981534,-0.0003039417703105,-0.1424078024298149,0.0,24.637955587307346,2.068590276511059,-86.24352869719787,0.1273400294868684,113.6665510210658,368.25139681093367,15.288,1.0,3.8389491797954105,0.0724838873518436,1.0625002037231388e-07,-0.0359861679554753,1.3042558467783096e-05,0.0023308935245916,0.3640660841579452,20.06989324838692,24.637952671760075,0.27241801895041134
16.6,31.221174072380464,131.0130810755134,99.76593264482808,-0.3638931363432127,-1.973772755589017e-05,0.2304414149095955,-0.0003043875286319,-0.1388432468053202,0.0,24.63879312660041,2.075843327791957,-86.26407139101372,0.1279250499817288,113.66596470259168,368.2851419700638,15.288,1.0,3.837377006107767,0.0724861499950888,9.78208831805584e-08,-0.035691395310454,1.2993264726707968e-05,0.002311933784743,0.3638931368783572,20.06926147422989,24.638790026205417,0.2690367735844804
16.61,31.221174141001,131.01308087535213,99.52016789588156,-0.3636341370084425,-2.0922591556379687e-05,0.2286555209770348,-0.0003048067396411,-0.1352777087867116,0.0,24.63962491505709,2.083062024322319,-86.28444526327824,0.1285111455006743,113.66537731530696,368.3187179132602,15.288,1.0,3.835804738429756,0.0724883956956374,8.948116465974339e-08,-0.0353969066102028,1.2943331515007669e-05,0.0022929897103417,0.3636341376112175,20.06863254460208,24.63962162854409,0.26567555151916045
16.62,31.221174209882367,131.01308067449804,99.27438858085776,-0.3632891231694902,-2.21149402362272e-05,0.2268741151428606,-0.0003051993573555,-0.1317128273667159,0.0,24.640450972176268,2.090246412714987,-86.30465049354602,0.1290982654397553,113.66478890983704,368.3521251900992,15.288,1.0,3.8342323774732585,0.0724906245110871,8.123062444389384e-08,-0.0351027672610734,1.2892752762257848e-05,0.0022740655566782,0.3632891238422194,20.06800644841905,24.64044749836958,0.2623360938975764
16.63,31.221174279023355,131.01308047295447,99.02859481105703,-0.3628257973366912,-2.3261214595736427e-05,0.2250981462594356,-0.0003055796394462,-0.1281589837637474,0.0,24.641270335074942,2.0973965104244865,-86.32468729951545,0.129686359290666,113.66419953670908,368.3853349772776,15.288,1.0,3.83264593727708,0.0724928336089396,7.306900660537254e-08,-0.0348090498832993,1.2841534691663773e-05,0.0022551659573812,0.3628257980822516,20.06738340402986,24.6412666812119,0.2590250836264835
16.64,31.2211743484227,131.01308027072463,98.7827866997676,-0.3622622595759254,-2.4390236126673663e-05,0.2233275334961215,-0.0003059408173935,-0.1246136870995175,0.0,24.642083582687096,2.104512273884233,-86.34455594722225,0.1302753767919707,113.66360924620017,368.41836454773295,15.288,1.0,3.8310530782064367,0.0724950246926312,6.499603566393865e-08,-0.034515845842903,1.2789714702138138e-05,0.0022362969045476,0.3622622603969367,20.066763268975865,24.64207975147777,0.2557417678631738
16.65,31.221174418079183,131.01308006781196,98.53696436226672,-0.3616133646373114,-2.5525452977412297e-05,0.2215621897269461,-0.0003062766012045,-0.1210747232010944,0.0,24.64289118248177,2.111593744776073,-86.36425674862609,0.1308652679734456,113.66301808829328,368.4512278457048,15.288,1.0,3.829460126874463,0.0724971991376503,5.701141753569568e-08,-0.0342232223563068,1.2737291308327107e-05,0.0022174628150113,0.3616133655388226,20.0661459334246,24.642887172952992,0.25248561606590053
16.66,31.221174487991554,131.01307986421963,98.29112790488507,-0.3608793195610616,-2.6666290451062075e-05,0.219802337031538,-0.0003065869711809,-0.1175437013342777,0.0,24.643693153738017,2.1186409703101385,-86.38379005305858,0.1314559831261764,113.6624261127074,368.48392541525504,15.288,1.0,3.8278670839801614,0.0724993570009465,4.911484292066079e-08,-0.033931244165721,1.2684259628039036e-05,0.0021986679047939,0.3608793205470235,20.06553139414436,24.64368896500691,0.24925826582775265
16.67,31.221174558158584,131.013079659951,98.04527744091216,-0.3600603687095571,-2.781217354598456e-05,0.2180481964184491,-0.0003068719168763,-0.1140222231298003,0.0,24.64448951576385,2.1256539977545,-86.40315624690238,0.1320474728601244,113.66183336883977,368.516457801752,15.288,1.0,3.826273950274045,0.0725014983395497,4.130598744813608e-08,-0.0336399758264183,1.2630615168060285e-05,0.0021799163786385,0.3600603697840447,20.06491964954781,24.644485147037848,0.2460613287356912
16.68,31.221174628579025,131.01307945500935,97.7994130836379,-0.35915679327908,-2.896252706589264e-05,0.2162999877692882,-0.000307131437142,-0.110511881981231,0.0,24.64528028788653,2.1326328744703686,-86.42235575347105,0.1326396881529214,113.66123990571728,368.54882555142007,15.288,1.0,3.8246807264330425,0.0725036232105446,3.3584511738460495e-08,-0.0333494816784002,1.2576353824610823e-05,0.0021612124281587,0.3591567944474405,20.064310699674703,24.64527573846341,0.24289638757657026
16.69,31.221174699251648,131.01307924939795,97.55353493939371,-0.3581441692761505,-3.0076307887980967e-05,0.2145584603893886,-0.0003073764064053,-0.1070209119282438,0.0,24.64606476103482,2.1395776314138124,-86.44138903312908,0.1332325804158578,113.66064577192996,368.5810074242551,15.288,1.0,3.823076728695743,0.0725057295281584,2.5950061374976672e-08,-0.0330598297952296,1.2521478382947853e-05,0.0021425604244194,0.3581441705395215,20.06370470868824,24.646060036659424,0.23976843619390975
16.7,31.221174770175217,131.01307904312014,97.30764311948182,-0.3570249053438498,-3.115630299677199e-05,0.2128238760271817,-0.000307607032976,-0.1035510095922688,0.0,24.646843027187728,2.146488220510897,-86.46025659177359,0.1338261016438727,113.660051015482,368.6130061365132,15.288,1.0,3.821462743591428,0.0725078175632236,1.8402263578491272e-08,-0.0327711111391959,1.246602985673359e-05,0.0021239662940438,0.3570249067033191,20.063101660884406,24.646838133167098,0.23667891417888937
16.71,31.221174841348496,131.01307883617912,97.06173772824668,-0.3558223989985001,-3.223956790186308e-05,0.2110959855162231,-0.000307813584645,-0.1000977694181077,0.0,24.64761578615332,2.153364676251833,-86.47895898269162,0.1344202045101761,113.6594556836958,368.6448425873634,15.288,1.0,3.8198486693492577,0.0725098893747182,1.0940726491654245e-08,-0.0324833940970586,1.2410013227144475e-05,0.0021054345532658,0.3558224004596097,20.06250140920885,24.64761072197384,0.23362614000310203
16.72,31.221174912770262,131.01307862857823,96.8158188789789,-0.3545370959883584,-3.3325559301323005e-05,0.2093750029274706,-0.0003079960841609,-0.0966627373321359,0.0,24.64838305703103,2.1602070475074475,-86.49749679601011,0.1350148423132988,113.65885982326576,368.67651731726966,15.288,1.0,3.818234506692173,0.0725119450190547,3.565043370755416e-09,-0.0321967416061314,1.2353425492258255e-05,0.0020869693062321,0.3545370975554483,20.061903961002724,24.64837782226441,0.23061151641019076
16.73,31.22117498443928,131.0130784203207,96.56988667602305,-0.3531694775892793,-3.441373453525528e-05,0.2076611408306666,-0.0003081545629285,-0.093247447351211,0.0,24.649144858940648,2.1670153834274983,-86.51587065782041,0.135609969028793,113.6582634802068,368.70803086761487,15.288,1.0,3.816620256313304,0.0725139845527031,-3.725207046954554e-09,-0.0319112162351712,1.2296264016471444e-05,0.00206857463395,0.353169479266069,20.06130932508024,24.64913945324387,0.22763640044563496
16.74,31.22117505635431,131.01307821140986,96.3239412286947,-0.3517200604311596,-3.5503551586982864e-05,0.2059546102277014,-0.0003082890610395,-0.0898534209098747,0.0,24.649901211024176,2.1737897334729284,-86.53408122996467,0.1362055393715612,113.65766669979176,368.7393837807589,15.288,1.0,3.815005918928136,0.072516008032196,-1.093046043390886e-08,-0.0316268801573177,1.223852653028452e-05,0.0020502545925186,0.3517200622231888,20.06071751169476,24.64989563413933,0.22470210004669885
16.75,31.221175128514137,131.01307800184892,96.07798264034496,-0.350167851733117,-3.655923623615565e-05,0.2042560666737923,-0.0003084090699536,-0.0864879450848754,0.0,24.65065151729756,2.180530135158512,-86.5521292099406,0.1368015088550014,113.65706952649202,368.7705581948348,15.288,1.0,3.813382193342471,0.0725180137044705,-1.8051166812525653e-08,-0.0313437980091008,1.2180215845694632e-05,0.002032013347753,0.3501678536418209,20.06012866767729,24.650645774586163,0.22181253466431408
16.76,31.22117520091751,131.01307779164122,95.8320110183014,-0.348508447235292,-3.757208906994417e-05,0.2025659067419742,-0.0003085178873703,-0.08315450205935,0.0,24.65139566590848,2.187236542051836,-86.57001533848931,0.1373978339524532,113.65647200381676,368.80155073015504,15.288,1.0,3.8117468281926223,0.0725200012407116,-2.5087793535510385e-08,-0.0310620582166231,1.2121374739753417e-05,0.0020138566499431,0.3485084492605049,20.05954283410786,24.65138976409853,0.21896966221425163
16.77,31.221175273563222,131.01307758078994,95.58602647088624,-0.3467693238895184,-3.858549339228401e-05,0.2008838133575137,-0.0003086042135724,-0.0798476183883337,0.0,24.652134446533765,2.1939089862756207,-86.58774040324109,0.1379944722200495,113.65587417418884,368.83238498286056,15.288,1.0,3.8101113770187975,0.0725219729642379,-3.2040826695034095e-08,-0.0307817280818515,1.2062012592753892e-05,0.0019957889541852,0.3467693260369798,20.058959856516516,24.652128385538635,0.21617132989345744
16.78,31.22117534645005,131.01307736929843,95.34002909548695,-0.3449511551958026,-3.95989428734127e-05,0.1992099899925045,-0.0003086681098216,-0.0765687512623964,0.0,24.652867878073863,2.200547519659673,-86.60530522737837,0.1385913822241176,113.65527607901905,368.8630614891328,15.288,1.0,3.80847584050798,0.0725239289308686,-3.891076660440888e-08,-0.0305028676652413,1.2002128132945948e-05,0.0019778141826916,0.3449511574687304,20.058379751515155,24.65286165788646,0.2134185771171256
16.79,31.22117541957676,131.0130771571699,95.09401900142056,-0.3430546481052588,-4.0611933039082e-05,0.1975446381824959,-0.000308709645246,-0.0733193418660637,0.0,24.65359597944985,2.2071521945182746,-86.62271066835987,0.1391885235929505,113.65467775865282,368.8935807861508,15.288,1.0,3.8068402193622553,0.0725258691964791,-4.569812726337973e-08,-0.0302255364856722,1.1941720428472066e-05,0.001959936223217,0.3430546505097075,20.057802536926864,24.653589600142325,0.21071237568773935
16.8,31.221175492942127,131.01307694440763,94.84799629005116,-0.3410805425449603,-4.16239611836302e-05,0.1958879574730718,-0.0003087288968918,-0.0701008148102116,0.0,24.65431876959989,2.21372306367993,-86.63995761759973,0.1397858570758863,113.65407925231256,368.9239434116653,15.288,1.0,3.8052045142610553,0.0725277938169984,-5.24034362038426e-08,-0.0299497934951071,1.1880788886519128e-05,0.0019421589273961,0.3410805450846519,20.057228231739597,24.65431223132336,0.2080536263408051
16.81,31.22117556654492,131.01307673101485,94.6019610627436,-0.3390067244850484,-4.25971019225873e-05,0.1942406060615986,-0.0003087359920299,-0.0669207236213002,0.0,24.655035633935256,2.2202601667935915,-86.6570470003085,0.1403833446095129,113.65348059803082,368.95413094282446,15.288,1.0,3.803558843354871,0.0725297009846531,-5.902723439868327e-08,-0.0296757003017646,1.1819338560084176e-05,0.0019244862703013,0.3390067271605447,20.056656996729064,24.655028942798133,0.2054455928246901
16.82,31.22117564038393,131.0130765169948,94.35591342583317,-0.3368310657494224,-4.352606240173239e-05,0.1926029269177678,-0.0003087333948991,-0.0637819142011143,0.0,24.655746521744128,2.2267634596209382,-86.67397978337523,0.1409809494947618,113.65288183247294,368.9841418301007,15.288,1.0,3.801901840620274,0.0725315905504931,-6.557007936616667e-08,-0.0294033423009404,1.175741470588332e-05,0.0019069238157688,0.336831068561179,20.056088869735717,24.655739684686235,0.20288941656172813
16.83,31.221175714457928,131.01307630235075,94.10985347869722,-0.3345805488467262,-4.445309992089792e-05,0.1909746193406156,-0.0003087101283105,-0.0606789800001112,0.0,24.656452179233792,2.2332329795483794,-86.69075697840934,0.141578636520218,113.65228299081394,369.01399837779593,15.288,1.0,3.800244754917968,0.0725334647099111,-7.20325463330555e-08,-0.0291327826722828,1.1695027644857746e-05,0.0018894757490086,0.3345805518000772,20.05552371264394,24.656445196557183,0.20038298118375786
16.84,31.221175788765706,131.01307608708595,93.86378131872485,-0.3322560608546968,-4.537775111058021e-05,0.1893558736268363,-0.0003086662872964,-0.0576132656985064,0.0,24.657152625094827,2.2396687825664108,-86.70737963031797,0.1421763718741565,113.65168410682676,369.0437011174994,15.288,1.0,3.7985875869055774,0.0725353235180994,-7.841522366044242e-08,-0.0288640775842251,1.1632177661674577e-05,0.0018721457438287,0.3322560639537515,20.054961549524357,24.65714549717435,0.19792683126930014
16.85,31.221175863306023,131.01307587120368,93.6176970532462,-0.3298585196925083,-4.6299554878219806e-05,0.1877468777166173,-0.0003086019740653,-0.0545860961925743,0.0,24.65784787803876,2.2460709253374085,-86.72384881600559,0.1427741231933936,113.65108521283328,369.07325058143607,15.288,1.0,3.7969303373019,0.0725371670303154,-8.471871230078851e-08,-0.0285972825018222,1.1568865351065973e-05,0.0018549374289721,0.3298585229423493,20.054402405325757,24.657840605321685,0.19552142395415859
16.86,31.22117593807769,131.0130756547071,93.37160077865704,-0.3273888733109214,-4.7218052417004406e-05,0.1861478171274718,-0.0003085172980053,-0.0515987761519309,0.0,24.658537956788265,2.252439465222506,-86.74016564397232,0.1433718596246565,113.65048633964312,369.10264730253823,15.288,1.0,3.795273006741621,0.0725389953018453,-9.094362560240096e-08,-0.0283324521635088,1.15050916165678e-05,0.0018378543865924,0.327388876716467,20.053846305820205,24.658530539793936,0.19316712635596908
16.87,31.22117601307948,131.01307543759947,93.12549259334163,-0.3248192303977623,-4.808558631043263e-05,0.1845594438466714,-0.0003084250968733,-0.0486603758102675,0.0,24.65922210553735,2.2587744385060127,-86.75633125428355,0.1439695518911019,113.64988751648724,369.1318686256864,15.288,1.0,3.7936031249767215,0.0725408061095176,-9.709058927623602e-08,-0.0280696458973517,1.1440866392774905e-05,0.0018209004399099,0.3248192339574237,20.05329345589402,24.659214552271116,0.19086674831680214
16.88,31.221176088310184,131.0130752198841,92.8793725976726,-0.3221590258565014,-4.891548482590421e-05,0.1829818697779663,-0.0003083229681438,-0.0457706168127581,0.0,24.659900581398247,2.2650758052528444,-86.7723468278711,0.144567172504052,113.64928877080564,369.1609222181763,15.288,1.0,3.791924223494087,0.0725426002099106,-1.0316024505703309e-07,-0.0278089451708312,1.137623734356946e-05,0.001804080925224,0.3221590295704024,20.052743831308256,24.659892897771854,0.18861974735937284
16.89,31.22117616376857,131.0130750015641,92.63324089202244,-0.3194300698490017,-4.974126394547026e-05,0.1814148891916201,-0.0003082021999276,-0.0429253292844238,0.0,24.660573962991297,2.2713436149403656,-86.78821358647798,0.1451646958441952,113.64869012816644,369.1898253753747,15.288,1.0,3.7902452420616486,0.0725443793053818,-1.0915325062426265e-07,-0.0275504062669106,1.1311212567979456e-05,0.0017873995684236,0.3194300737210823,20.05219733264296,24.660566149651828,0.1864243570544902
16.9,31.221176239453445,131.01307478264275,92.38709756980592,-0.316633445780483,-5.056250759899368e-05,0.1798586766493107,-0.0003080629160266,-0.0401257236352152,0.0,24.661242268789334,2.2775779288078257,-86.80393278200789,0.1457620980676639,113.64809161236036,369.2185786238177,15.288,1.0,3.7885661813300353,0.0725461434504769,-1.1507027534075101e-07,-0.0272940805186465,1.1245793712230802e-05,0.0017708597330217,0.3166334498172627,20.05165398922339,24.66123432644921,0.18428052573739637
16.91,31.2211763153636,131.0130745631232,92.14094272940824,-0.3137702645855517,-5.137880276677133e-05,0.1783134039292904,-0.000307905246557,-0.0373729871453573,0.0,24.661905517281863,2.283778808933629,-86.81950569556129,0.1463593571554323,113.6474932453507,369.247182490704,15.288,1.0,3.7868870419653673,0.0725478926997905,-1.2091199982649408e-07,-0.0270400184074886,1.11799826999887e-05,0.0017544647277315,0.3137702687915059,20.051113830869465,24.661897446718395,0.18218810332910923
16.92,31.2211763914978,131.01307434300884,91.89477646623313,-0.3108416641091161,-5.2189738993410334e-05,0.1767792399601935,-0.0003077293280585,-0.0346682835205116,0.0,24.662563726971666,2.289946318257989,-86.83493363693623,0.1469564529709094,113.64689504721603,369.2756375040325,15.288,1.0,3.785207824618271,0.0725496271079514,-1.266791157266041e-07,-0.0267882695425537,1.1113781730755085e-05,0.0017382178051022,0.3108416684905034,20.050576887835252,24.662555529026637,0.18014684082853522
16.93,31.221176467854864,131.01307412230273,91.6485988806536,-0.3078092226026908,-5.293019287143858e-05,0.1752571204128094,-0.0003075528766149,-0.0320235097135829,0.0,24.663215887392585,2.296080479650703,-86.8502179453034,0.1475533673353019,113.64629703607542,369.3039133762946,15.288,1.0,3.7835114174587767,0.0725513437026972,-1.3237232595102665e-07,-0.0265388930645492,1.104721030904222e-05,0.0017221227647639,0.30780922715252,20.05004344240948,24.66320757313733,0.17815908065136007
16.94,31.22117654443357,131.01307390100808,91.40241006509156,-0.3047034115273159,-5.364763309903022e-05,0.1737467515487489,-0.0003073644050721,-0.0294326640329064,0.0,24.663862791805307,2.3021812680603726,-86.86536000035214,0.1481500842868622,113.64569922782816,369.3320338346897,15.288,1.0,3.78181035242684,0.0725530448177658,-1.3799234909190596e-07,-0.0262919632407615,1.0980314400515655e-05,0.0017061845159526,0.3047034162498512,20.04951334226612,24.663854364854807,0.17622233076058813
16.95,31.221176621232743,131.0130736791282,91.15621011495124,-0.3015360926197762,-5.4359064453517135e-05,0.1722480996068419,-0.0003071594998455,-0.0268940411391832,0.0,24.66450473631803,2.308248747593685,-86.88036121660042,0.1487465900640501,113.64510163617096,369.36000772106337,15.288,1.0,3.780109210405751,0.0725547313244155,-1.4353991708283245e-07,-0.0260475279561427,1.0913098646191056e-05,0.0016904062203964,0.3015360975199995,20.04898655210217,24.664496197616156,0.17433528505131413
16.96,31.22117669825115,131.01307345666615,90.90999912265433,-0.2983085254620725,-5.506412222217065e-05,0.1707613208648276,-0.0003069383080127,-0.0244086977845684,0.0,24.665141739178672,2.314282985699053,-86.8952230351237,0.1493428730263662,113.64450427267762,369.3878355567051,15.288,1.0,3.778407992023165,0.0725564032765222,-1.490157718690824e-07,-0.0258056328505517,1.0845565840948795e-05,0.0016747908749139,0.298308530544448,20.04846310403571,24.66513308972658,0.17249726792666578
16.97,31.2211767754876,131.01307323362528,90.66377718360576,-0.2950219935638777,-5.5762444685292033e-05,0.1692865684015096,-0.0003067009822313,-0.0219776646330459,0.0,24.66577381865075,2.32028405080792,-86.90994692289632,0.1499389237084893,113.64390714674478,369.4155178634047,15.288,1.0,3.776706697938113,0.072558060728011,-1.5442066510785573e-07,-0.0255663225797376,1.077771902235127e-05,0.0016593414127992,0.295021998833563,20.04794303027024,24.66576505950642,0.17070751023131386
16.98,31.22117685294088,131.01307301000867,90.417544392216,-0.2916734568746232,-5.644656837663401e-05,0.1678240706772527,-0.0003064495652525,-0.0196030994687909,0.0,24.66640088290972,2.326252012353632,-86.92453437221779,0.1505347348673787,113.6433102655446,369.4430518655996,15.288,1.0,3.775003454229844,0.072559703408963,-1.5975535790459168e-07,-0.0253296407974299,1.0709561468579116e-05,0.001644060695302,0.2916734623366626,20.04742639183593,24.66639201630349,0.1689653636660569
16.99,31.221176930609804,131.01307278581956,90.1713008409079,-0.2882221605623457,-5.704734583665348e-05,0.16637480388035,-0.0003062032945886,-0.0172976578388237,0.0,24.66702189272356,2.33218686172158,-86.93898690366144,0.1511303015996862,113.64271363390772,369.4704064060998,15.288,1.0,3.7732800318513657,0.0725613282625379,-1.6502062197023924e-07,-0.0250956509006185,1.0641130615011296e-05,0.0016289528032205,0.2882221662078957,20.04691350245366,24.667012931747436,0.16727186880462466
17.0,31.221177008493186,131.0130725610611,89.92504661812832,-0.2847162194295071,-5.764087123447151e-05,0.1649381246842773,-0.0003059427770397,-0.0150503202291895,0.0,24.667638057271898,2.338088614721483,-86.95330607677846,0.1517256216097358,113.6421172540549,369.49761767985495,15.288,1.0,3.7715565347474738,0.0725629388459134,-1.7021724385113645e-07,-0.0248644123285302,1.0572459339592233e-05,0.0016140217106791,0.284716225264455,20.04640408725472,24.667629003065016,0.1656236417736012
17.01,31.2211770865898,131.01307233573647,89.6787818212708,-0.281157025972746,-5.8226829858166974e-05,0.1635141721353896,-0.0003056681727941,-0.0128620012432183,0.0,24.668249394553342,2.343957344842899,-86.96749347839176,0.1523206950602753,113.64152112574628,369.5246862018087,15.288,1.0,3.769832963545976,0.0725645352122278,-1.753460201847789e-07,-0.024635965351486,1.050355115038906e-05,0.0015992700678005,0.2811570320019711,20.045898178847597,24.668240248304297,0.1640195384645812
17.02,31.221177164898485,131.01307210984885,89.43250653778857,-0.277545993479418,-5.880491132478297e-05,0.1621030817194058,-0.0003053796464554,-0.0107335871767917,0.0,24.668855922588623,2.349793126562705,-86.9815507181194,0.1529155245508123,113.6409252463036,369.55161248775465,15.288,1.0,3.768109318898527,0.0725661174146835,-1.8040775588202586e-07,-0.0244103491560311,1.0434409763377093e-05,0.0015847004546067,0.2775459997090978,20.0453958095732,24.668846685534756,0.16245834005473098
17.03,31.221177243418044,131.01307188340144,89.18622085911146,-0.2738845550064208,-5.937480859841559e-05,0.1607049853143238,-0.0003050773672888,-0.0086659357944588,0.0,24.669457659408952,2.3555960354599192,-86.99547942774727,0.1535101151580225,113.64032961056976,369.5783970539876,15.288,1.0,3.766385601424988,0.0725676855065137,-1.8540326384056642e-07,-0.0241876018296567,1.036503910047849e-05,0.0015703153800058,0.2738845614420948,20.044897011447333,24.669448332835827,0.16093875798039062
17.04,31.22117732214728,131.01307165639736,88.9399248756753,-0.2701499145026575,-5.989658443743876e-05,0.1593204501787909,-0.0003047721643325,-0.0066663985370815,0.0,24.670054028404724,2.361366133595105,-87.00928126078303,0.1541044744811852,113.639734210863,369.6050225993317,15.288,1.0,3.764651339423629,0.0725692377917579,-1.903333647321508e-07,-0.0239677638149119,1.0295448954562024e-05,0.0015561174685223,0.2701499211432264,20.044401986962335,24.67004461987124,0.1594601505100881
17.05,31.221177401085,131.0130714288398,88.69361867393994,-0.2663407229688312,-6.036533280285524e-05,0.1579497474634044,-0.000304466602774,-0.0047372413999612,0.0,24.67064498958132,2.367103395206572,-87.02295790052668,0.1546986128662649,113.63913903675343,369.63148789914015,15.288,1.0,3.762905209801017,0.0725707741529747,-1.951988902240405e-07,-0.0237509001571056,1.022569134664128e-05,0.0015421109772454,0.2663407298091373,20.043910792465542,24.670635507417018,0.15802106467097016
17.06,31.221177480230025,131.01307120073184,88.44730234632986,-0.2624858817558526,-6.082556586042358e-05,0.1565925362560546,-0.0003041492337061,-0.0028721167231275,0.0,24.6712312365763,2.3728078813666604,-87.03651106295008,0.1552925435255751,113.6385440749425,369.6578137131818,15.288,1.0,3.76115900832738,0.0725722966307585,-2.000006840508433e-07,-0.0235370519101874,1.0155781148115364e-05,0.0015282986515612,0.2624858888043332,20.043423268022185,24.67122168211876,0.15661916859800848
17.07,31.221177559581182,131.01307097207675,88.20097598129372,-0.258586916786988,-6.127702569871874e-05,0.1552489327586178,-0.0003038202296406,-0.0010717567785927,0.0,24.671812787163145,2.3784796730645024,-87.0499424843815,0.1558862823491729,113.63794930945215,369.6840005511213,15.288,1.0,3.7594127356064417,0.0725738052775758,-2.0473959704504562e-07,-0.0233262523383108,1.008572258665724e-05,0.0015146826882541,0.2585869240466596,20.04293944432907,24.671803161790457,0.15525292941524238
17.08,31.22117763913728,131.0130707428776,87.95463966529188,-0.2546453703092795,-6.171945823730823e-05,0.1539190492338447,-0.0003034797667819,0.0006631364839772,0.0,24.67238965912984,2.384118852473823,-87.06325391990721,0.1564798479243594,113.63735472160604,369.71004892299226,15.288,1.0,3.757666392282171,0.0725753001459404,-2.0941648646262482e-07,-0.0231185335227889,1.0015520059997308e-05,0.0015012652074449,0.2546453777893694,20.04245935142481,24.672379964260013,0.15392077691791947
17.09,31.22117771889713,131.0130705131375,87.70829348478519,-0.2506628000758028,-6.215261368481233e-05,0.1526029939447963,-0.0003031280248715,0.0023318916399728,0.0,24.67296187027525,2.389725502963222,-87.0764471426859,0.1570732615669778,113.63676028999753,369.7359593394534,15.288,1.0,3.7559199789904896,0.0725767812883952,-2.140322156752044e-07,-0.0229139263501774,9.945178134049866e-06,0.0014880482517978,0.2506628077806031,20.04198301863468,24.67295210736552,0.15262111048651025
17.1,31.221177798859568,131.01307028285967,87.46193752722876,-0.2465916259892412,-6.249591293614177e-05,0.1513017696777763,-0.0003027871448181,0.0039204249522648,0.0,24.673528271682347,2.395299647934433,-87.08952394552878,0.1576665474039943,113.63616599040716,369.76169734221344,15.288,1.0,3.754152235237882,0.0725782453255352,-2.1858765478649658e-07,-0.022712476368171,9.874727460301393e-06,0.0014750347464922,0.2465916339089442,20.041510847018618,24.673518454847297,0.1513528556700807
17.11,31.221177879023426,131.01307005204714,87.21557188107205,-0.2424799132068224,-6.282507949262123e-05,0.1500147558371272,-0.0003024380913878,0.0054398882764339,0.0,24.674089998727005,2.400841295659559,-87.10248615262458,0.1582597326843458,113.635571795492,369.7872969353642,15.288,1.0,3.752383122295832,0.0725796955973223,-2.2308368530262585e-07,-0.0225142356321563,9.80421145358825e-06,0.0014622281774495,0.2424799213459914,20.041042521027368,24.6740801301866,0.15011365967869844
17.12,31.221177959387514,131.01306982070307,86.96919663078828,-0.2383322948586467,-6.314483245098295e-05,0.1487419966938237,-0.0003020797429235,0.0068905057327674,0.0,24.674647140875702,2.406350534311977,-87.11533560985646,0.1588528476271997,113.63497767493708,369.8127607781513,15.288,1.0,3.7506139403252656,0.0725811323671109,-2.2752119616712655e-07,-0.0223192313273137,9.733635055797322e-06,0.0014496303518429,0.2383323032241782,20.04057804545916,24.67463722210861,0.14890181967286312
17.13,31.22117803995066,131.0130695888306,86.72281186184507,-0.2341504040650388,-6.34549722163703e-05,0.1474835832849321,-0.0003017122781372,0.0082717387398483,0.0,24.67519971566964,2.4118274530167234,-87.1280741782437,0.1594459253237756,113.63438359555444,369.8380893744842,15.288,1.0,3.748844689954016,0.0725825556866791,-2.319010811075074e-07,-0.0221274891563456,9.663002967265648e-06,0.001437242976278,0.2341504126638614,20.04011744672269,24.67518974818591,0.14771567293500912
17.14,31.22117812071172,131.0130693564328,86.47641765672851,-0.2299358855219522,-6.375530224329265e-05,0.1462396023423335,-0.0003013358787202,0.0095830805196515,0.0,24.67574774065749,2.417272142153397,-87.14070373320834,0.1600390017628357,113.63378952125684,369.8632832286689,15.288,1.0,3.7470753717528313,0.0725839656078266,-2.362242383087372e-07,-0.0219390335603934,9.59232001998202e-06,0.0014250676754572,0.2299358943599144,20.039660750221135,24.67573772599803,0.14655356539095785
17.15,31.22117820166952,131.0130691235128,86.23001410190035,-0.2256639279965778,-6.400237764642013e-05,0.1450105946052093,-0.0003009623763437,0.0108169258994256,0.0,24.67629062177816,2.422684676437298,-87.15322616407664,0.160632115856934,113.63319541303252,369.8883245094156,15.288,1.0,3.74529455402594,0.0725853603833045,-2.4049157018752736e-07,-0.0217538917570062,9.521597785900164e-06,0.0014131062194348,0.2256639370731531,20.039208194851483,24.67628056830819,0.1454137854951242
17.16,31.22117828282288,131.01306889007364,85.98360127885256,-0.2213364721167054,-6.419646114443898e-05,0.1437967346977838,-0.0003005930442691,0.0119721619013362,0.0,24.67682839407893,2.428065042009031,-87.1656433827271,0.1612253096920974,113.63260122869433,369.9132142434432,15.288,1.0,3.7435022446977646,0.0725867401163995,-2.447039868649776e-07,-0.0215721158630347,9.4508907162375e-06,0.0014013620327176,0.2213364814269655,20.038759809535044,24.6768183101224,0.14429457344791208
17.17,31.22117836417064,131.01306865611846,85.73717927504205,-0.2169817404250454,-6.438075380695089e-05,0.1425976699969355,-0.0003002167872737,0.0130552843148042,0.0,24.677361691643384,2.4334133169880614,-87.17795732564812,0.1618186286273522,113.63200692278096,369.937971418121,15.288,1.0,3.7417098685134498,0.0725881066724516,-2.488624069095589e-07,-0.0213937322811484,9.38021346086506e-06,0.0013898369033195,0.2169817499754342,20.0383154043186,24.677351578738225,0.14319436464894367
17.18,31.22117844571166,131.01306842165033,85.49074816897902,-0.2126014378539521,-6.455511002832614e-05,0.1414134688248891,-0.0002998337824772,0.0140659236637956,0.0,24.67789053176296,2.4387295977139165,-87.19016994145042,0.1624121210466308,113.63141244680509,369.9625965308261,15.288,1.0,3.7399174260511217,0.0725894601025009,-2.529677522853551e-07,-0.0212187600338268,9.309570845354947e-06,0.0013785321042035,0.2126014476549262,20.0378750005091,24.677880391469987,0.1421116085121153
17.19,31.221178527444778,131.0130681866723,85.24430804513847,-0.2081972772566838,-6.471938834926387e-05,0.140244194909654,-0.0002994442088019,0.0150037432867196,0.0,24.678414931743216,2.4440139818207425,-87.20228318930627,0.1630058383560423,113.63081774925622,369.9870900795189,15.288,1.0,3.738124917954976,0.0725908004576287,-2.5702094769952904e-07,-0.0210472168298468,9.238967790543751e-06,0.0013674488229366,0.2081972873155513,20.037438618154024,24.678404765645467,0.14104480204993375
17.2,31.221178609368827,131.0130679511875,84.99785898700114,-0.2037633446858324,-6.48609769482218e-05,0.1390900333937924,-0.0002990515677616,0.0158664065398323,0.0,24.6789347371955,2.44926656733438,-87.21429903819386,0.1635998350009619,113.6302227755833,370.01144741394046,15.288,1.0,3.7363290513795953,0.0725921272838825,-2.610229202708141e-07,-0.0208791192320279,9.168409593388104e-06,0.0013565881631307,0.2037633550083771,20.03700634234335,24.678924548857065,0.13999239149973008
17.21,31.22117869148268,131.01306771519893,84.75140106910204,-0.1992631615730667,-6.491731343464634e-05,0.1379517466647867,-0.0002986735784978,0.0166429033089218,0.0,24.67944911466141,2.454487364712085,-87.22621947055435,0.1641941685881013,113.62962746807338,370.0356435196928,15.288,1.0,3.7345132569013386,0.0725934381298607,-2.64974601004788e-07,-0.0207145061867564,9.097940365000184e-06,0.0013459526459878,0.1992631721466344,20.03657852914731,24.67943891747366,0.1389523653786509
17.22,31.22117877378516,131.01306747870964,84.5049343779046,-0.1947446494902876,-6.496374880666599e-05,0.1368286819055025,-0.0002982910419736,0.0173448577646325,0.0,24.679959126177856,2.459676424234047,-87.23804649268118,0.1647889001965026,113.62903176553937,370.0597102212601,15.288,1.0,3.732697397706573,0.0725947361196875,-2.6887692892316536e-07,-0.0205534080817027,9.027592471725143e-06,0.0013355443407573,0.19474466032615,20.03615479866667,24.679948921696056,0.13792396912943827
17.23,31.221178856275152,131.01306724172267,84.25845899192035,-0.1902095658618078,-6.500019211931223e-05,0.1357208833622121,-0.0002979041291813,0.017972073491758,0.0,24.6804647887908,2.4648338496212454,-87.24978212166398,0.1653840940872544,113.62843560361163,370.08364800965205,15.288,1.0,3.7308814744143537,0.0725960213036756,-2.7273084574901845e-07,-0.020395837030716,8.957370685143604e-06,0.0013253640713979,0.1902095769675633,20.0357351658652,24.6804545785845,0.1369059617149031
17.24,31.221178938951496,131.01306700424115,84.0119749916489,-0.185659671702403,-6.502655634660584e-05,0.1346283904389778,-0.000297513012052,0.0185243873622049,0.0,24.68096611955324,2.469959745909951,-87.26142838118815,0.1659798176330365,113.62783891480808,370.10745737637,15.288,1.0,3.729065487576813,0.0725972937321554,-2.7653729419946333e-07,-0.0202418037969148,8.887279835809974e-06,0.0013154125739645,0.1856596830900233,20.035319644252606,24.680955905205654,0.13589718522959632
17.25,31.22117902181305,131.01306676626805,83.76548245162574,-0.1810967310977449,-6.504275821640732e-05,0.1335512376719948,-0.0002971178634668,0.0190016695889099,0.0,24.68146313552972,2.475054219450059,-87.27298730075526,0.1665761413219096,113.62724162853024,370.1311388131728,15.288,1.0,3.7272494377879104,0.072598553455496,-2.802972176497201e-07,-0.0200913177904657,8.817324811260252e-06,0.0013056904964434,0.1810967427778993,20.03490824585896,24.681452918637152,0.13489657078633446
17.26,31.22117910485869,131.0130665278064,83.51898145334512,-0.1764754709322159,-6.497185748327195e-05,0.1324902577244738,-0.0002967398344721,0.0193909798544338,0.0,24.681954830753888,2.4801173241027743,-87.28446091668883,0.1671731388129286,113.62664367100837,370.1546621277234,15.288,1.0,3.7254129815412926,0.0725997975148996,-2.840115605322957e-07,-0.0199444009110762,8.747533167402849e-06,0.0012961992446428,0.1764754828918711,20.034501424997774,24.68194462499838,0.1339020781994884
17.27,31.221179188087287,131.01306628885916,83.27247207830129,-0.1718378232584723,-6.487940807754032e-05,0.1314449191715224,-0.0002963627307713,0.0197022704946563,0.0,24.682442111718967,2.485149079782698,-87.29585142834652,0.1677709247530115,113.62604492568067,370.1780544866082,15.288,1.0,3.723573346721429,0.072601028576931,-2.876812693662168e-07,-0.0198010866521432,8.677953644616126e-06,0.0012869410791212,0.1718378355064454,20.034098822088023,24.682431920485374,0.1329136338737334
17.28,31.22117927149768,131.0130660494294,83.02595440202435,-0.1671928036511635,-6.477717973200862e-05,0.1304151281402815,-0.0002959836027356,0.0199374239223212,0.0,24.682925150855265,2.490149596449568,-87.30716075486625,0.1683695415538048,113.62544535187357,370.2013210424288,15.288,1.0,3.7217336498741216,0.0726022471489432,-2.913073009632619e-07,-0.0196613807536877,8.608591907490338e-06,0.0012779164173192,0.1671928162015768,20.03370037934084,24.682914975679665,0.13193064134914784
17.29,31.22117935508876,131.0130658095201,82.77942850004494,-0.1625422016909477,-6.466513947184573e-05,0.1294009013455805,-0.0002956026106442,0.020096452245578,0.0,24.68340395785697,2.4951189851548268,-87.31839054040239,0.168968962577997,113.62484498137492,370.2244620667303,15.288,1.0,3.7198938915925295,0.0726034532596198,-2.9489061869662444e-07,-0.0195252868950162,8.539452523586156e-06,0.0012691255339352,0.1625422145549943,20.03330610814077,24.683393800280616,0.1309524648214415
17.3,31.2211794388594,131.01306556913423,82.53289444988151,-0.1578878058097094,-6.454325738558677e-05,0.1284022420883558,-0.0002952199158554,0.0201794010215192,0.0,24.68387856387772,2.5000573625926648,-87.32954370754638,0.1695694963490282,113.62424349494908,370.24747847501646,15.288,1.0,3.7180540724443896,0.0726046470007625,-2.984321508555156e-07,-0.0193928073838886,8.470540061756585e-06,0.0012605686154,0.157887819002839,20.032916002246974,24.68386842544656,0.12997857959565004
17.31,31.22117952280848,131.01306532827488,82.28635232905322,-0.1531943587348051,-6.435098350771226e-05,0.1274197678699289,-0.0002948520935132,0.0201762989421497,0.0,24.684348194856646,2.5049648097471486,-87.34062190038878,0.1701711216757579,113.62364091900292,370.2703470264088,15.288,1.0,3.7161981814111247,0.0726058260957341,-3.019328587285331e-07,-0.0192639513254413,8.401872471593937e-06,0.001252246248903,0.1531943722514987,20.03253044413023,24.684338086627797,0.12900762466143853
17.32,31.22117960693489,131.0130650869449,82.03980221110261,-0.148483043051253,-6.411999172049133e-05,0.1264532789103271,-0.0002944921086407,0.0200916574296379,0.0,24.684813283235364,2.50984133537928,-87.35162679084729,0.170773824734044,113.62303727230476,370.2930806729669,15.288,1.0,3.7143344743717246,0.0726069918166905,-3.053937063713625e-07,-0.0191387490832582,8.333504664056868e-06,0.001244160465281,0.1484830568942591,20.0321492556703,24.684803211290617,0.1280398108833536
17.33,31.22117969123749,131.01306484514728,81.79324417056709,-0.1437736575343514,-6.387970235349148e-05,0.1255024893441825,-0.0002941324095177,0.0199303424267116,0.0,24.6852742424675,2.514687053662492,-87.36256130232033,0.1713779182711317,113.62243223181004,370.3156917997868,15.288,1.0,3.7124707073875673,0.0726081453799128,-3.088156272320586e-07,-0.0190172015406102,8.265445605987974e-06,0.0012363113774028,0.1437736717259325,20.03177224671059,24.68526420826732,0.12707548896111695
17.34,31.2211797757152,131.01306460288504,81.54667828496598,-0.1390680002319509,-6.363013481132314e-05,0.1245673894728356,-0.000293773140965,0.0196925410334396,0.0,24.685731082176428,2.519502083094402,-87.3734271120328,0.1719833943428578,113.6218258104657,370.33818067694943,15.288,1.0,3.710606881042304,0.0726092868138771,-3.121995851128476e-07,-0.0188993052304842,8.19769941723271e-06,0.0012286987944502,0.1390680147864059,20.03139942048519,24.685721087178223,0.1261146977758309
17.35,31.22117986036688,131.01306436016105,81.30010462784291,-0.1343678639916583,-6.337131199965685e-05,0.1236479642243485,-0.0002934144470009,0.0193784734646615,0.0,24.68618381234469,2.5242865435177664,-87.38422590814552,0.1725902515743826,113.62121801440514,370.360547586029,15.288,1.0,3.7087429958938416,0.0726104161481015,-3.155465404254313e-07,-0.0187850553112203,8.130270204146225e-06,0.001221322435967,0.1343678789339817,20.03103077830761,24.68617385800228,0.12515762215176535
17.36,31.22117994519144,131.01306411697828,81.05352327174698,-0.1296438058501658,-6.305223839600806e-05,0.1227446862468709,-0.0002930702602274,0.0189799507368184,0.0,24.686631820352968,2.5290405373455096,-87.39496058703885,0.1731988070081371,113.62060851666328,370.3827741260863,15.288,1.0,3.706865558410807,0.0726115315808346,-3.188574191505036e-07,-0.0186744511215753,8.063171105962316e-06,0.0012141822623792,0.1296438211834723,20.03066664200911,24.68662191613052,0.12420379391142713
17.37,31.2211800301878,131.0130638733397,80.80693429221054,-0.1249046215540233,-6.268440652886076e-05,0.1218575299647652,-0.0002927389473774,0.0184983402155827,0.0,24.687075271643568,2.533764075342733,-87.4056328385722,0.1738090652858511,113.61999731740958,370.404865241493,15.288,1.0,3.7049774786167218,0.0726126335988693,-3.221331798083152e-07,-0.0185675169425478,7.9964582216355e-06,0.0012072798943813,0.1249046372850789,20.030306945095223,24.68706542520001,0.12325393257797662
17.38,31.221180115354823,131.0130636292482,80.56033775581898,-0.1201766739638146,-6.230802261049582e-05,0.1209861020684818,-0.0002924101656281,0.0179403776726264,0.0,24.687514684811457,2.538457268305013,-87.41624437164124,0.1744210375570215,113.61938441008796,370.42683647516526,15.288,1.0,3.7030893409464753,0.0726137237277303,-3.253747815034944e-07,-0.0184642486593676,7.930143451584497e-06,0.0012006151232565,0.1201766901151331,20.02995142177325,24.687504897490157,0.12230936001985511
17.39,31.221180200691432,131.01306338470667,80.31373374108698,-0.1154617496667468,-6.19231574615877e-05,0.1201303581601261,-0.0002920840408368,0.0173064231419759,0.0,24.687950088968623,2.5431202460357123,-87.42679807426003,0.1750350465783708,113.61876946235276,370.44868868332696,15.288,1.0,3.7012011459390974,0.0726148020531999,-3.285831490138874e-07,-0.0183646356716807,7.86423027460302e-06,0.0011941872940302,0.1154617662706408,20.02960005227163,24.687940362101795,0.1213709213392409
17.4,31.22118028619652,131.01306313971804,80.06712231957037,-0.1107616261545941,-6.152988453213905e-05,0.1192902560512478,-0.0002917606965833,0.0165968691063823,0.0,24.68838149398677,2.547753135639297,-87.43729564155262,0.1756511093151874,113.6181524618794,370.4704221446876,15.288,1.0,3.6993128941510056,0.0726158686044748,-3.317592329691788e-07,-0.0182686660166811,7.798722141170193e-06,0.0011879956618285,0.1107616432469659,20.029252829549264,24.68837182889511,0.12043963789886916
17.41,31.221180371869025,131.01306289428518,79.82050356083765,-0.1060483670817254,-6.107975534986331e-05,0.1184662140310048,-0.0002914533567501,0.0158041182726711,0.0,24.68880831598857,2.552356045273348,-87.4477387715695,0.1762692484195734,113.61753339046432,370.4920193180608,15.288,1.0,3.697411752521341,0.0726169216643596,-3.349039788095465e-07,-0.0181763312605448,7.733630430899593e-06,0.0011820396824814,0.1060483846694799,20.02891008600836,24.688798721603035,0.11951610337638847
17.42,31.221180457707856,131.013062648411,79.57387753644555,-0.1013269571113723,-6.057812317943641e-05,0.1176582329770078,-0.0002911620293981,0.0149286909459646,0.0,24.689230659170207,2.556928994743734,-87.45813032634999,0.1768897926684632,113.61691191003752,370.51348331153537,15.288,1.0,3.6954989954268096,0.0726179615394933,-3.380183017633328e-07,-0.01808764902796,7.669011206963597e-06,0.0011763205395304,0.1013269752184206,20.028571771319506,24.68922114358087,0.11860189870301122
17.43,31.22118054371192,131.01306240209837,79.32724431596264,-0.0966259978735137,-6.006894292234345e-05,0.1168658682007969,-0.0002908753940668,0.0139780773632342,0.0,24.68964907346284,2.5614720994612554,-87.46847200880859,0.1775127713725503,113.61628799577824,370.534830612618,15.288,1.0,3.693586182464871,0.0726189898475411,-3.4110314616619145e-07,-0.0180026089451426,7.604876934141838e-06,0.001170837616548,0.0966260165433103,20.02823756848956,24.68963963785535,0.11769920307968727
17.44,31.22118062988016,131.01306215535013,79.08060396995171,-0.0919472450711592,-5.9552334647739365e-05,0.116089055299472,-0.000290593552129,0.0129528065653494,0.0,24.690063568930967,2.565985492401781,-87.47876552104907,0.178138219117751,113.615661617422,370.5560615065871,15.288,1.0,3.691673314163904,0.0726200066182596,-3.441594503511859e-07,-0.0179211933659911,7.541230316733847e-06,0.0011655897977969,0.0919472643563329,20.02790746361327,24.69005421447212,0.11680979583432104
17.45,31.22118071621147,131.0130619081692,78.83395656798172,-0.087292441534292,-5.902842089459264e-05,0.1153277175208319,-0.0002903166033481,0.0118534391297934,0.0,24.690474173690987,2.570469311477074,-87.48901369713934,0.1787664715080446,113.61503243033135,370.577176820584,15.288,1.0,3.689760391122741,0.0726210119345032,-3.471881178762453e-07,-0.0178433833089722,7.478073963321411e-06,0.0011605758811119,0.0872924614913937,20.027581427746117,24.69046490152832,0.1159356318458596
17.46,31.221180802704804,131.01306166055832,78.5873021786281,-0.0826307488809601,-5.844412686984963e-05,0.114582283078779,-0.0002900590342153,0.010671755929054,0.0,24.690880264800985,2.574923667889724,-87.4992182163799,0.1793975691437203,113.6144003982646,370.5981578382441,15.288,1.0,3.6878333408188646,0.0726220039641911,-3.501900745243522e-07,-0.0177691643651298,7.415420052526314e-06,0.0011557949308338,0.0826307695497916,20.027259840840127,24.690871084419005,0.11507853885237714
17.47,31.2211808893591,131.0130614125204,78.34064087046582,-0.0779721195608054,-5.7813037900339534e-05,0.1138526608645516,-0.0002898186653309,0.0094097658163651,0.0,24.6912820237454,2.579348583716086,-87.50938076401876,0.1800315578219914,113.61376547963764,370.6190099888439,15.288,1.0,3.68589559775132,0.0726229832412849,-3.531662436128512e-07,-0.0176985476228484,7.353324459781389e-06,0.0011512477074416,0.0779721409922664,20.0269425953482,24.69127294249465,0.1142412188026555
17.48,31.221180976173287,131.01306116405823,78.09397271405854,-0.0733429679464107,-5.717565527281084e-05,0.1131384084400705,-0.000289585043615,0.008074577153554,0.0,24.69167996111411,2.583744187672865,-87.51950415244596,0.1806687810464591,113.61312732213769,370.6397485831391,15.288,1.0,3.683957800824236,0.0726239512677083,-3.561175184835187e-07,-0.0176315149111839,7.291797280818115e-06,0.0011469330831122,0.0733429902357056,20.026629360047263,24.691670979983183,0.11342654944966984
17.49,31.221181063146325,131.01306091517463,77.84729777499987,-0.0687449998780116,-5.6532145823601614e-05,0.1124394340430226,-0.0002893582429154,0.006666882420006,0.0,24.692074086807725,2.588110619487934,-87.52959005237015,0.1813092912003051,113.6124858776258,370.6603739022993,15.288,1.0,3.682019950546058,0.072624908072731,-3.5904481303091173e-07,-0.0175680416983603,7.230840263453591e-06,0.0011428494922881,0.0687450231193279,20.026320113213803,24.692065206759025,0.11263728235939537
17.5,31.22118115027712,131.01306066587244,77.60061611888325,-0.0641799044977953,-5.588267820435952e-05,0.1117556405620288,-0.0002891383340882,0.0051874042373556,0.0,24.6924644109208,2.59244802002941,-87.5396401248087,0.1819531450479062,113.61184109346044,370.6808862334983,15.288,1.0,3.6800820474698313,0.0726258536861909,-3.619490330181048e-07,-0.017508102158923,7.170455046757173e-06,0.0011389952847882,0.0641799288234823,20.02601483155966,24.692455632890237,0.11187634227631574
17.51,31.221181237564675,131.0130604161544,77.35392781428467,-0.0596094365256771,-5.516222162451735e-05,0.1110875306725933,-0.0002889430981269,0.0036260490594712,0.0,24.692850207063543,2.596756498869443,-87.54965713298945,0.1826006939328974,113.61119260967952,370.701263750992,15.288,1.0,3.678126836198664,0.0726267859717746,-3.648310492327653e-07,-0.0174516782126534,7.110657885328325e-06,0.0011353692799744,0.0596094620442642,20.02571399145316,24.692841542202032,0.11114707009557204
17.52,31.221181325007905,131.0130601660233,77.1072329277922,-0.0550574910008755,-5.440727869493472e-05,0.1104347834853677,-0.0002887642233876,0.001988721448348,0.0,24.69323191712941,2.601036087785765,-87.55964272055077,0.1832520013862407,113.610540366901,370.7215197048152,15.288,1.0,3.6761637944005856,0.072627706229344,-3.676917568038624e-07,-0.0173987738096798,7.051502973907763e-06,0.0011319717840762,0.0550575178820106,20.02541729280027,24.693223370854056,0.11045306605629321
17.53,31.221181412605787,131.0130599154819,76.86053152400613,-0.0505437714338912,-5.364753663607266e-05,0.1097970324361511,-0.0002885940250475,0.0002809740831744,0.0,24.6936098940312,2.60528692507214,-87.56959852815108,0.1839071353001284,113.60988430127982,370.7416646753754,15.288,1.0,3.6742007006855393,0.0726286154970354,-3.705320461695233e-07,-0.0173493618721338,6.9929957483328925e-06,0.0011288010800453,0.0505437998990693,20.025124477841032,24.693601467095853,0.10979777121932816
17.54,31.22118150035727,131.013059664533,76.61382367150246,-0.0460699156877148,-5.288320615702524e-05,0.1091741520840765,-0.0002884325465376,-0.0014963443226164,0.0,24.69398416459255,2.609509160395932,-87.579527288637,0.1845664564441536,113.609224043587,370.7616994525322,15.288,1.0,3.672237555586608,0.0726295138538926,-3.733527721079916e-07,-0.0173034112128607,6.9351368273662805e-06,0.0011258551679246,0.0460699460435663,20.024835504997498,24.693975857717952,0.1091847870490335
17.55,31.22118158826133,131.01305941317935,76.36710943289387,-0.0416375411888729,-5.211449890851133e-05,0.1085660184483022,-0.0002882798270133,-0.0033423566375311,0.0,24.69435473871064,2.6137029408841044,-87.58943060690123,0.1852300391422792,113.60855952356836,370.7816243184704,15.288,1.0,3.670274359618804,0.0726304013291644,-3.761548067311255e-07,-0.0172608894065562,6.8779267093732485e-06,0.0011231319658951,0.0416375738066207,20.024550344105247,24.69434655258429,0.10861783838241398
17.56,31.22118167631695,131.01305916142363,76.12038886979852,-0.0371963996450526,-5.12569484424376e-05,0.1079732960894825,-0.000288159066594,-0.0052703432256887,0.0,24.69472067572047,2.6178683541854504,-87.5993100723127,0.1858979613461049,113.60789066726149,370.8014110090581,15.288,1.0,3.668288686406264,0.0726312751563438,-3.7893901316395323e-07,-0.0172217784071809,6.821391235066562e-06,0.0011206302841374,0.0371964349574373,20.02426966562812,24.69471262429784,0.10810223042005784
17.57,31.22118176452308,131.0130589092686,75.87366205377553,-0.0327934890734466,-5.038496021747352e-05,0.1073952932000846,-0.0002880516903126,-0.0072679837149282,0.0,24.69508284834225,2.6220054579357512,-87.60916837691401,0.1865705938201898,113.60721709556988,370.8210857153383,15.288,1.0,3.6663000288905807,0.0726321379024085,-3.817062249269089e-07,-0.0171860718990661,6.765577199022164e-06,0.0011183497782561,0.0327935277875482,20.023992822871666,24.69507493389121,0.10764132832044061
17.58,31.22118185287872,131.01305865671696,75.6269290434614,-0.0284371866936329,-4.9509894760614406e-05,0.1068317745563831,-0.0002879547768613,-0.0093325127966197,0.0,24.695441391841456,2.6261144028083394,-87.6190070936735,0.1872480220287465,113.60653872703628,370.84065248472746,15.288,1.0,3.6643113213864607,0.0726329899653347,-3.8445729459714274e-07,-0.0171537341153055,6.710485103726508e-06,0.0011162881533638,0.0284372297932627,20.023719690566185,24.69543361484537,0.10723901700369344
17.59,31.221181941382845,131.01305840377145,75.38018990047513,-0.0241290450534925,-4.863200356651279e-05,0.1062825949972053,-0.0002878683344974,-0.0114629343315067,0.0,24.695796316047243,2.6301953407969094,-87.62882777409278,0.1879303346103082,113.60585547696743,370.8601115975612,15.288,1.0,3.6623225644338686,0.0726338313741764,-3.8719306407054404e-07,-0.0171247275103621,6.656114323699781e-06,0.0011144429925662,0.0241290940678925,20.023450233584743,24.695788676949988,0.10689935327683892
17.6,31.22118203003443,131.0130581504347,75.13344469041185,-0.019861463275363,-4.773662683422061e-05,0.105747726825147,-0.000287796348178,-0.0136606626549117,0.0,24.696147483603603,2.6342484270380395,-87.63863305472377,0.1886179127695828,113.60516695592544,370.8794589138231,15.288,1.0,3.6603298187532927,0.0726346617250887,-3.899143384929118e-07,-0.0170990136124136,6.6024644530298e-06,0.0011128118114902,0.0198615206332898,20.02318453190133,24.696139985151795,0.10662681773172844
17.61,31.22118211883249,131.0130578967094,74.88669347588493,-0.0155948963549898,-4.675697405128961e-05,0.1052276823937572,-0.0002877577449736,-0.015936242712597,0.0,24.69649417681616,2.638273714371851,-87.64842444824033,0.1893108521646987,113.60447307221216,370.89867286139815,15.288,1.0,3.658315272876876,0.0726354789073872,-3.926219400164205e-07,-0.0170765795019947,6.549578545916379e-06,0.001111393762133,0.0155949664400171,20.022923133341543,24.69648683224785,0.10642796520781572
17.62,31.221182207776028,131.01305764259828,74.63993631751937,-0.011381394087859,-4.577589026439389e-05,0.1047216550361927,-0.0002877312543101,-0.0182755826504316,0.0,24.69683731735748,2.6422713020399544,-87.65820345938438,0.1900092519432407,113.60377373059566,370.9177811077872,15.288,1.0,3.6563006784057377,0.07263628563198,-3.9531668641387387e-07,-0.0170574022289989,6.497484937611305e-06,0.0011101874171597,0.0113814861379628,20.022665294667775,24.696830126897453,0.10630477291263458
17.63,31.221182296864026,131.01305738810393,74.39317327693468,-0.0072224338413722,-4.479366451537865e-05,0.1042294727974252,-0.0002877168522506,-0.0206775738801133,0.0,24.697176931137395,2.646241350023093,-87.66797268407842,0.1907135053929806,113.6030685296256,370.9367844171136,15.288,1.0,3.654286035877555,0.0726370819752083,-3.979993595765204e-07,-0.0170414393583398,6.44618177595366e-06,0.0011091900401664,0.0072225727861622,20.022410964483097,24.697169894965025,0.10626113043904536
17.64,31.221182386095496,131.01305713322904,74.14640441972686,-0.0031194665377802,-4.381058455714443e-05,0.103750965374269,-0.0002877145096942,-0.0231410830612483,0.0,24.69751302774292,2.650184015642855,-87.6777335829847,0.1914237189161419,113.6023573668266,370.9556830632855,15.288,1.0,3.652271345792921,0.0726378679654064,-4.006707552328131e-07,-0.0170286473458058,6.395667038005588e-06,0.0011083988212265,0.0031197741865258,20.02216010281343,24.697506145992392,0.10630077761229899
17.65,31.22118247546945,131.01305687797617,73.89962979856902,0.000955915757957,-4.277821783592323e-05,0.1032863836265234,-0.000287737349101,-0.0256730090011411,0.0,24.69784509794067,2.654099438074077,-87.6874875880366,0.1921400013574486,113.60164013725527,370.9744617345548,15.288,1.0,3.6502437198021296,0.0726386421050061,-4.033316570251832e-07,-0.0170189860848071,6.345945907582884e-06,0.0011078111503068,0.0009568723131872,20.021913106234667,24.69783837835393,0.1064296163039222
17.66,31.221182564984915,131.013056622348,73.65284947806337,0.0050025998898138,-4.169638932222569e-05,0.1028356632065224,-0.0002877868325021,-0.0282730948781884,0.0,24.698173173114974,2.6579876579860087,-87.69723723613862,0.1928627584560663,113.60091642705343,370.9931213580696,15.288,1.0,3.6482029095733353,0.0726394044864624,-4.059828151438034e-07,-0.0170124443249161,6.297072225303677e-06,0.0011074263194796,0.0050027736502645,20.021669934899204,24.698166623461454,0.10665188391386864
17.67,31.22118265464088,131.01305636634717,73.40606351784176,0.0089886970610431,-4.061522836408502e-05,0.1023982236109745,-0.000287849917727,-0.0309321784193905,0.0,24.698497796670576,2.6618488162565,-87.7069839331926,0.1935921075304204,113.60018612281011,371.0116782442574,15.288,1.0,3.6461620526573872,0.0726401567081129,-4.086249985520377e-07,-0.0170089820685489,6.249054403664547e-06,0.0011072417720987,0.0089887888237959,20.021430102549157,24.698491416845425,0.10696858752936433
17.68,31.221182744436387,131.01305610997616,73.15927198151257,0.0129128435772532,-3.953505702171929e-05,0.1019738752492059,-0.00028792654055,-0.0336490228695941,0.0,24.69881897799124,2.6656830742276645,-87.71672905335866,0.1943281680595905,113.59944910894636,371.030132661278,15.288,1.0,3.6441211495425696,0.0726408987976949,-4.1125896366163113e-07,-0.0170085512096918,6.20188910327792e-06,0.0011072543991414,0.0129129041054302,20.021193566163728,24.698812767839005,0.10738254455502452
17.69,31.221182834370463,131.01305585323766,72.91247491976135,0.0167737049907471,-3.8456196145805496e-05,0.1015624178097543,-0.0002880166322175,-0.0364223691741907,0.0,24.699136742655185,2.669490597428032,-87.72647507535326,0.1950713594781202,113.59870495792568,371.0484853643091,15.288,1.0,3.642080200735944,0.0726416308305656,-4.1388542823975145e-07,-0.017011102623301,6.15557276249441e-06,0.0011074610253468,0.016773749083712,20.020960270180723,24.69913070197002,0.10789623089433925
17.7,31.22118292444216,131.01305559613422,72.66567239619681,0.0206253591712247,-3.728852193722346e-05,0.1011644593808956,-0.0002881448975349,-0.0392661123277105,0.0,24.699450165535207,2.6732714821207235,-87.73622332102173,0.1958218091316092,113.59795354630556,371.0667085430937,15.288,1.0,3.640015246315069,0.072642350086012,-4.165051232261625e-07,-0.0170166033715088,6.110129689680779e-06,0.0011078594860428,0.0206253928921818,20.02073101313732,24.69944430826788,0.10851800978014309
17.71,31.22118301465048,131.01305533866838,72.41886446846338,0.0244163268670195,-3.6114340421964936e-05,0.1007792184760533,-0.0002882905742055,-0.0421662910526091,0.0,24.69976011626875,2.6770257959208927,-87.74597509302113,0.1965796469291374,113.59719474808873,371.0848283119984,15.288,1.0,3.637947841909438,0.0726430591218278,-4.1911877299539654e-07,-0.017025031269776,6.065603117305385e-06,0.0011084483966612,0.0244163535777616,20.02050499827137,24.69975444344142,0.10924527490574867
17.72,31.221183104994488,131.01305508084263,72.17205119619373,0.0281397666483444,-3.494310798652563e-05,0.100406407265897,-0.0002884511541307,-0.0451200988931962,0.0,24.70006671486521,2.680753707358837,-87.75573282052135,0.1973453076690831,113.59642812036644,371.1028482636587,15.288,1.0,3.635880392667481,0.0726437582911004,-4.2172706554928133e-07,-0.0170363343710693,6.021988995253323e-06,0.0011092244008511,0.0281397883488681,20.020282084148448,24.70006122601464,0.11007884968623763
17.73,31.22118319547324,131.0130548226596,71.92523263206219,0.0317944422433111,-3.377517588597972e-05,0.1000458139531531,-0.0002886265308357,-0.0481261833292675,0.0,24.70036997042709,2.6844553819715795,-87.7654977556635,0.1981189298178291,113.5956535285831,371.12076865886286,15.288,1.0,3.6338128990742766,0.0726444476207259,-4.24330700416007e-07,-0.0170504593587348,5.9792823648918525e-06,0.0011101840474718,0.0317944601865408,20.02006222546633,24.70036466503487,0.11101971769314445
17.74,31.22118328608576,131.01305456412177,71.67840883470751,0.0354034453612674,-3.257121809392615e-05,0.0996975540219753,-0.0002888272731101,-0.0511897129400287,0.0,24.700669491746275,2.688130973868849,-87.77527111097382,0.1989006533651055,113.59487083668556,371.1385777283824,15.288,1.0,3.63173486771982,0.0726451259602883,-4.269303629909311e-07,-0.0170673547397375,5.9374825211561394e-06,0.0011113239854667,0.0354034603433867,20.01984575632842,24.700664375471305,0.1120717288616577
17.75,31.221183376831128,131.01305430523166,71.4315798667453,0.0389785693326783,-3.131040976309873e-05,0.0993616903741878,-0.0002890602781131,-0.0543135974887926,0.0,24.70096510029131,2.6917805301143325,-87.78505524618626,0.1996909289588887,113.59407958588372,371.156270093105,15.288,1.0,3.629640578353309,0.0726457927848596,-4.295267024670468e-07,-0.01708699973791,5.896640131391686e-06,0.0011126428728207,0.0389785819114841,20.01963282893004,24.70096018206365,0.11323778495729649
17.76,31.221183467708403,131.0130540459917,71.18474577488563,0.0424810003236224,-3.0054616463962648e-05,0.0990375344796721,-0.0002893094315051,-0.0574866371152063,0.0,24.70125742953013,2.695404189131346,-87.7948513384459,0.2004899064968905,113.59327963021131,371.17386477608807,15.288,1.0,3.627546245517391,0.0726464499576132,-4.32120385639627e-07,-0.0171093482350269,5.8567656691536444e-06,0.001114137753505,0.0424810109575202,20.01942281218837,24.701252708562016,0.11451301403148384
17.77,31.22118355871665,131.01305378640447,70.93790662373243,0.0459096080349925,-2.8804217438004218e-05,0.0987248580923139,-0.0002895745882173,-0.060707394426011,0.0,24.70154648824263,2.6990021194896485,-87.80466052328968,0.2012977372448474,113.592470822375,371.19136202866497,15.288,1.0,3.625451869674509,0.0726470975044988,-4.3471206515972106e-07,-0.0171343430474428,5.817852695629216e-06,0.0011158049222576,0.0459096170682791,20.019215659959382,24.701541963686736,0.11589680408356794
17.78,31.221183649854936,131.0130535264724,70.6910624619843,0.0492632960294451,-2.7559588748822e-05,0.0984234229476677,-0.0002898555979891,-0.0639744146372037,0.0,24.70183230161833,2.70257449378027,-87.81448509695058,0.2021148894830632,113.5916526858968,371.2087625956392,15.288,1.0,3.623357451287101,0.0726477354997218,-4.37302352819413e-07,-0.0171619261565359,5.779894514156902e-06,0.0011176406195214,0.0492633037351009,20.019011313972424,24.701827972568253,0.11738815923753142
17.79,31.221183741122346,131.01305326619791,70.44421334728683,0.052600182216365,-2.6224467920915788e-05,0.0981338285367959,-0.0002901788269823,-0.0673024710413709,0.0,24.702113933304524,2.706121407251868,-87.82432613411144,0.2029415238968746,113.59082506405606,371.2260383214357,15.288,1.0,3.6212373834172,0.0726483611896172,-4.398918722101522e-07,-0.0171920579987449,5.742915659218895e-06,0.0011196422433929,0.0526001887530704,20.01881067916229,24.702109813974737,0.11899560964722798
17.8,31.221183832517955,131.0130530055835,70.19735933430351,0.0558630072947794,-2.489104533020253e-05,0.0978552015276825,-0.0002905207735297,-0.0706757888254582,0.0,24.702392303364,2.709642937121483,-87.83418468076621,0.2037778031205525,113.58998779823952,371.24321684555696,15.288,1.0,3.6191158250981807,0.0726489772802074,-4.424812389677973e-07,-0.0172247071865528,5.70695503404807e-06,0.0011218078079435,0.0558630128395901,20.018612815405,24.70238839348774,0.12070953564008094
17.81,31.22118392404084,131.01305274463155,69.95050047769784,0.0590473977643926,-2.356520611286e-05,0.0975872495443455,-0.0002908798030356,-0.0740919667444748,0.0,24.702667490795363,2.713139258560339,-87.84406297760044,0.2046242150784579,113.5891403922458,371.26030053032775,15.288,1.0,3.6169942251098175,0.07264958400395,-4.45071029887118e-07,-0.0172598132722808,5.672005061386594e-06,0.0011241333961719,0.0590474024665378,20.018417610643983,24.702663789181443,0.12252744762196972
17.82,31.22118401569009,131.01305248334452,69.7036368301455,0.0621523718474893,-2.224735016721973e-05,0.0973297262189141,-0.000291255724481,-0.0775494764024091,0.0,24.70293950405891,2.716610543042651,-87.85396201132272,0.2054809327423333,113.58828267711328,371.2772896181455,15.288,1.0,3.614872583901007,0.0726501813858493,-4.4766183210204587e-07,-0.0172973148050194,5.638057502093093e-06,0.0011266150218732,0.0621523758278177,20.018225019215176,24.70293600945332,0.12444710412875673
17.83,31.22118410746484,131.0130522217248,69.45676844730437,0.0652130281672878,-2.087901864570905e-05,0.0970828638429589,-0.0002916642892107,-0.0810565426044939,0.0,24.703207789860983,2.720056935612052,-87.86388271941783,0.206348129988334,113.58741448304546,371.2941674650088,15.288,1.0,3.612735324202784,0.0726507677988203,-4.5025421721231473e-07,-0.0173371561388463,5.605114515753022e-06,0.0011292490505958,0.0652130315111663,20.01803558637309,24.703204510192403,0.1264726477108874
17.84,31.22118419936415,131.01305195977477,69.20989537886803,0.0682194627718799,-1.9475290111171e-05,0.0968464124006311,-0.0002921028330274,-0.0846101076699583,0.0,24.70347252434228,2.723478484850886,-87.87382727136125,0.2072263153541438,113.586535293129,371.31093935246383,15.288,1.0,3.6105861940660526,0.0726513437610171,-4.5284871969517894e-07,-0.0173793107453949,5.57322665446944e-06,0.0011320337770729,0.0682194655516332,20.01784911362564,24.703469465170866,0.12860086795531403
17.85,31.221184291387125,131.01305169749682,68.96301768248277,0.0711433235913038,-1.8081418538274488e-05,0.0966197846797166,-0.0002925594060685,-0.0882014131424786,0.0,24.703734146493005,2.7268753488756525,-87.88379656285238,0.2081156748610301,113.58564492540816,371.3276184647394,15.288,1.0,3.608437023580025,0.0726519105636096,-4.554458898900621e-07,-0.0174237204051175,5.542393552560104e-06,0.0011349654434885,0.0711433258926469,20.01766510802848,24.703731306270424,0.1308241478584557
17.86,31.221184383532886,131.01305143489333,68.71613540486054,0.0739837494061058,-1.669782538222081e-05,0.0964027215202273,-0.0002930337759649,-0.0918288665220036,0.0,24.70399266434599,2.7302477011016584,-87.89379143738526,0.2090163953368248,113.58474319720396,371.344205031908,15.288,1.0,3.606287813189512,0.0726524682303402,-4.580462622263306e-07,-0.0174703206040764,5.512605359650463e-06,0.0011380398617194,0.0739837512929245,20.01748352528685,24.70399004145771,0.1331394431114097
17.87,31.22118447580056,131.01305117196665,68.46924859967127,0.0767564785709012,-1.529788397512961e-05,0.0961951651366752,-0.0002935329568932,-0.0954953046337166,0.0,24.704247851222743,2.7335957138191493,-87.90381399334937,0.2099290078471921,113.58382956895515,371.3606922275849,15.288,1.0,3.604131412706887,0.0726530160946867,-4.6065032787482283e-07,-0.0175190472643756,5.4838536737371695e-06,0.0011412528605261,0.0767564800967596,20.017304584790235,24.704245448236748,0.13554685228493993
17.88,31.22118456818925,131.01305090871912,68.2223573265501,0.0794916443594451,-1.3831521596138048e-05,0.095997348620105,-0.0002940714688315,-0.0992081593717011,0.0,24.70449925393404,2.736919441066935,-87.91386501095946,0.210853711223991,113.58290384596236,371.37706641420647,15.288,1.0,3.6019543598807005,0.0726535528239909,-4.632585912037672e-07,-0.0175698673244314,5.456181456341184e-06,0.0011446022779591,0.0794916455615618,20.01712876227052,24.704497081283705,0.13805012244123366
17.89,31.22118466069809,131.01305064515304,67.97546162326235,0.082140590160657,-1.2377365308544105e-05,0.095808458243513,-0.0002946288185549,-0.1029534105382756,0.0,24.70474761325285,2.740219010913864,-87.92394523269812,0.2117907059864777,113.58196583193484,371.39334985114414,15.288,1.0,3.59977726801626,0.0726540805969181,-4.658715475171969e-07,-0.0176227296535132,5.429602805503888e-06,0.0011480848297314,0.0821405910933477,20.016955220111623,24.70474566902085,0.1406369518249113
17.9,31.2211847533262,131.01305038127074,67.7285615484489,0.0847025803491179,-1.093585393715186e-05,0.0956282170984613,-0.0002952047324567,-0.1067294113750692,0.0,24.70499295417141,2.7434946020832447,-87.93405669884403,0.2127405485074162,113.58101496186424,371.4095432785444,15.288,1.0,3.5976001375541093,0.0726545994870901,-4.684896491315196e-07,-0.0176775670591895,5.404106196174536e-06,0.0011516961516234,0.0847025810543547,20.016783903298016,24.70499123637149,0.1433039088920231
17.91,31.22118484607272,131.01305011707453,67.48165715379267,0.0871777620011838,-9.506042204146672e-06,0.0954563632682205,-0.0002957992971664,-0.1105347305539785,0.0,24.705235271857795,2.746746389496864,-87.9442000822691,0.2137034521025389,113.5800510266439,371.4256465403637,15.288,1.0,3.595422604746666,0.0726551094804083,-4.7111335860314e-07,-0.0177343118227752,5.379679842230912e-06,0.001155431843066,0.0871777625187129,20.016614784850773,24.70523377865218,0.14604770263259642
17.92,31.2211849389368,131.01304985256667,67.23474848600603,0.089628767544182,-7.985023104887353e-06,0.0952934760935312,-0.0002964407017645,-0.1143851465200245,0.0,24.705473642903776,2.7499744597205606,-87.95437600059027,0.2146796309209801,113.57907381644344,371.4416318591221,15.288,1.0,3.593217273829024,0.0726556078613657,-4.737431231665657e-07,-0.0177929188082056,5.356349365295112e-06,0.0011592889310583,0.0896287678998025,20.01644889425785,24.70547238861928,0.1488787970380119
17.93,31.22118503191757,131.01304958774952,66.98783559776595,0.0919904154234469,-6.478626305809102e-06,0.0951385716546195,-0.0002971016111997,-0.1182624292871885,0.0,24.70570905584615,2.75317890617199,-87.96458643006481,0.2156696685752527,113.5780827388556,371.4575289470582,15.288,1.0,3.5910119051334988,0.0726560975372513,-4.763793529371317e-07,-0.0178533458849782,5.334145746491356e-06,0.0011632647273815,0.091990415651624,20.01628509235309,24.70570803818591,0.1517808890037076
17.94,31.221185125014184,131.01304932262525,66.74091853578493,0.0942621013946127,-4.987302828470995e-06,0.0949913708197436,-0.000297781709055,-0.1221648880722705,0.0,24.705941517951064,2.7563599054590555,-87.97483193938477,0.2166737944571832,113.57707756878426,371.4733380120491,15.288,1.0,3.5888064991367523,0.0726565785295476,-4.790224709238372e-07,-0.0179155235791686,5.313055778993496e-06,0.0011673547159598,0.0942621015249797,20.01612334008731,24.70594073454737,0.15475047360790423
17.95,31.22118521822579,131.01304905719616,66.49399735075228,0.0964432591448867,-3.511499098711625e-06,0.0948515928471788,-0.0002984806715516,-0.1260908246348855,0.0,24.706171036376304,2.7595176332902054,-87.98511303545118,0.2176922386259842,113.57605808058712,371.48905925889073,15.288,1.0,3.586601056264736,0.0726570508594154,-4.816728830057276e-07,-0.017979381991663,5.293065970166939e-06,0.0011715543523299,0.0964432592105668,20.015963599567872,24.706170484791315,0.15778406070786655
17.96,31.22118531155157,131.01304879146443,66.24707209136896,0.0985882603739171,-1.9620262789686163e-06,0.0947196597868761,-0.0002992226922731,-0.1300535563830088,0.0,24.70639684908752,2.762652208812148,-87.99543161607222,0.2187256135375896,113.57502365283727,371.5046697598504,15.288,1.0,3.5843718299804,0.0726575122859513,-4.843309501045175e-07,-0.0180448663316535,5.274187840802818e-06,0.0011758600392476,0.0985882603923843,20.015806756570047,24.706396540893152,0.16089074246901086
17.97,31.22118540499067,131.0130485254323,66.00014280633619,0.1006522901877506,-4.116869831158779e-07,0.0945948697879189,-0.0002999894820057,-0.1340403840674057,0.0,24.70661961140317,2.765763694277959,-88.00578813248761,0.2197741654805281,113.57397404363816,371.5201892108308,15.288,1.0,3.582137824386169,0.072657964736462,-4.869970511764593e-07,-0.0181119396040784,5.256462281941624e-06,0.0011802694057552,0.1006522901880248,20.015652022109297,24.70661954673553,0.16405823339540224
17.98,31.22118549854226,131.01304825910208,65.7532095423671,0.1026238787299813,1.1210998600797633e-06,0.0944768087584694,-0.00030077593905,-0.1380466786268396,0.0,24.70683948892544,2.768852264180509,-88.01618298078081,0.220838142102222,113.5729090098664,371.53562258159656,15.288,1.0,3.5799037827552325,0.0726584086980711,-4.896715516804635e-07,-0.0181805316396267,5.2398762818099535e-06,0.001184777895599,0.1026238787357871,20.01549917372489,24.706839665027392,0.16728073212193878
17.99,31.2211855922055,131.01304799247583,65.5062723501511,0.1045025933329618,2.6358780276931203e-06,0.0943651822726626,-0.000301581697123,-0.1420707102332622,0.0,24.707056506831208,2.771918098665389,-88.02661800002448,0.2219181885849362,113.57182789717405,371.550970619168,15.288,1.0,3.5776697055190434,0.0726588442449301,-4.923547704833506e-07,-0.0182505707675857,5.22441459282256e-06,0.0011893808473727,0.1045025933690251,20.015348163709817,24.70705692087396,0.1705548746974311
18.0,31.22118568597959,131.01304772555582,65.25933127143144,0.1063359800742625,4.210460756185082e-06,0.0942603040513339,-0.0003024277140814,-0.1461238122238112,0.0,24.70727000222645,2.774961328252578,-88.03709351136169,0.2230145691532831,113.57073044583449,371.56621337542026,15.288,1.0,3.575414864380711,0.0726592694277034,-4.950470381093911e-07,-0.018321996434084,5.210080323871831e-06,0.001194074290264,0.1063359801581818,20.01519978123333,24.70727066360408,0.1738886565627321
18.01,31.22118577986372,131.0130474583442,65.01238636087403,0.1080941796993624,5.796235263079786e-06,0.0941616625229916,-0.0003033022351699,-0.1501972877544228,0.0,24.707480405663908,2.777982002135445,-88.04760978485767,0.2241275500001647,113.56961639429365,371.5813637886637,15.288,1.0,3.5731518570896985,0.0726596855126871,-4.97748674308013e-07,-0.0183947732597765,5.196917810415734e-06,0.0011988559461471,0.1080941798534523,20.015053489861295,24.70748131613441,0.17727305472102775
18.02,31.221185873857056,131.0130471908431,64.76543766121628,0.109757994318545,7.361938619541101e-06,0.0940687470633117,-0.0003041967556003,-0.1542844258836947,0.0,24.70768800777163,2.7809802943980464,-88.0581686039866,0.2252578121803331,113.56848505212191,371.5964305902268,15.288,1.0,3.570888815034172,0.0726600933546703,-5.004599562086105e-07,-0.0184688312318568,5.1849149077974e-06,0.0012037212727811,0.1097579945652794,20.014908921515733,24.707689164182245,0.18070059706594419
18.03,31.221185967958807,131.0130469230547,64.5184852181778,0.1113271269562527,8.907107290213148e-06,0.093981266080582,-0.0003051108645265,-0.1583834751568061,0.0,24.70789281490614,2.7839563808658414,-88.06877017394227,0.2264056408487798,113.56733613877424,371.61141396151487,15.288,1.0,3.5686257386407525,0.0726604929724542,-5.031811727057696e-07,-0.0185440973229387,5.17405462550513e-06,0.001208665517117,0.1113271273136866,20.014766046731378,24.70789421403128,0.18416812066559027
18.04,31.22118606216816,131.0130466549811,64.27152908046055,0.1128463661484109,1.0504821894853428e-05,0.0938994788847881,-0.0003060641558718,-0.1625049415483877,0.0,24.70809422051476,2.7869103975238168,-88.07941463098821,0.2275713223882031,113.56616937263011,371.62629564693657,15.288,1.0,3.566343153928477,0.0726608825824114,-5.059125954785047e-07,-0.0186205081617321,5.1643357517974405e-06,0.0012136845247245,0.1128463666351242,20.01462561156616,24.708095870608325,0.18768340853082133
18.05,31.22118615648432,131.01304638662447,64.0245692898082,0.1142926609027897,1.2117358348862366e-05,0.0938229509141922,-0.0003070477851654,-0.1666419207241618,0.0,24.708292572132848,2.789842392266358,-88.0901036920408,0.228755576217177,113.56498402467244,371.6410860898084,15.288,1.0,3.564050775408276,0.0726612632066816,-5.086544543863572e-07,-0.0186980284513087,5.155802842004283e-06,0.0012187760171029,0.1142926615433032,20.014487181878824,24.708294475523047,0.19123903926559327
18.06,31.221186250906488,131.0130461179869,63.77760589591688,0.1156431676049159,1.3707275906732885e-05,0.0937511407711136,-0.0003080515956363,-0.1707867032059215,0.0,24.70848818603116,2.792752531311507,-88.10083744448198,0.2299587106840483,113.56377979128249,371.6557947941869,15.288,1.0,3.561758363371394,0.0726616357754533,-5.114069969018337e-07,-0.0187765881603361,5.148443669540809e-06,0.0012239354500078,0.1156431684171015,20.01435034252657,24.708490339165024,0.1948267673694204
18.07,31.221186345433903,131.0130458490705,63.53063893953649,0.1168977260320749,1.5274107530233195e-05,0.0936837546842398,-0.0003090751325978,-0.1749375262058371,0.0,24.70868106794581,2.795640989713548,-88.1116159037282,0.2311810357126696,113.56255636742809,371.6704219233028,15.288,1.0,3.5594659182499657,0.0726620003056978,-5.141704529755347e-07,-0.0188561133224446,5.142239467181784e-06,0.0012291580068757,0.116897727030039,20.01421506917447,24.70868346719701,0.1984436431186254
18.08,31.22118644006575,131.01304557987723,63.283668472351465,0.1181025338418263,1.689300542345293e-05,0.0936210469166959,-0.0003101385213543,-0.1791052394181596,0.0,24.70887063021548,2.798507905375043,-88.12244071976245,0.2324233125672501,113.5613129820088,371.6849497877007,15.288,1.0,3.557153415353287,0.0726623550693652,-5.169450038841389e-07,-0.0189365401794036,5.137187954311561e-06,0.0012344395063003,0.1181025350479565,20.014082119156782,24.708873283762564,0.20209820236389256
18.09,31.22118653480127,131.01304531040932,63.03669453014162,0.1192330006950621,1.852350852828352e-05,0.0935625770721814,-0.0003112321573484,-0.1832824937762956,0.0,24.7090572146202,2.801353319711182,-88.13331184733123,0.233685874445742,113.5600493066844,371.6993886595588,15.288,1.0,3.554831291229561,0.0726627010716496,-5.197308505285065e-07,-0.0190178330979225,5.133332562187701e-06,0.0012397776459153,0.119233002133822,20.01395104793293,24.709060124286115,0.20578271360515557
18.1,31.22118662963967,131.0130450406688,62.78971716359737,0.120266818180919,2.012882714726273e-05,0.0935078127609379,-0.0003123460059745,-0.1874616773896725,0.0,24.70924112322052,2.8041773983132736,-88.14422917939382,0.2349690575263354,113.55876501030338,371.7137476166458,15.288,1.0,3.5525091348750304,0.0726630392009454,-5.225281814515915e-07,-0.0190999212580265,5.130659013257837e-06,0.0012451678274104,0.1202668198659369,20.01382145273209,24.70924428504929,0.20948911450744098
18.11,31.22118672458021,131.01304477065764,62.542736413469314,0.1212039631518067,2.170849424536632e-05,0.0934564521441313,-0.0003134795696472,-0.1916410264712478,0.0,24.709422381625053,2.8069803196204948,-88.15519431627501,0.2362736700503045,113.5574592745377,371.7280274207069,15.288,1.0,3.5501869466526768,0.0726633695326551,-5.253371354415519e-07,-0.0191827301721416,5.129146734929177e-06,0.0012506051990306,0.1212039650984517,20.013693299403588,24.70942579158736,0.2132146564937842
18.12,31.22118681962211,131.01304450037796,62.29575232547776,0.1220963032900314,2.3346692436502776e-05,0.0934088156388457,-0.0003146554483075,-0.1958329358850253,0.0,24.709600327358004,2.809762205717527,-88.1662070752576,0.2376000727514717,113.55613174364592,371.7422081294652,15.288,1.0,3.5478423042966214,0.0726636901187358,-5.281578656861393e-07,-0.0192661983292602,5.128796027003349e-06,0.0012560857194534,0.1220963055241499,20.013567456367323,24.709603994647875,0.2169696859573969
18.13,31.22118691476461,131.0130442298317,62.04876493838504,0.1229091692640258,2.4986288362312653e-05,0.0933643546478381,-0.0003158595118873,-0.2000273146544647,0.0,24.70977542476715,2.8125231005382285,-88.17726721386833,0.2389486302930743,113.5547820581322,371.7563037044112,15.288,1.0,3.5454900553607462,0.0726640023248087,-5.309905149453368e-07,-0.0193502890051281,5.12964725880832e-06,0.0012616070198286,0.1229091718013459,20.013443310200444,24.70977934960415,0.22074403523972003
18.14,31.22118701000696,131.01304395902093,61.80177430188819,0.1236250639574692,2.6598127139078527e-05,0.0933225829924084,-0.0003170836697053,-0.2042177738686542,0.0,24.709947927592136,2.8152631764622966,-88.18837628681284,0.2403202025117343,113.5534093478124,371.7703217711892,15.288,1.0,3.5431377754106137,0.0726643068971517,-5.338351801006995e-07,-0.0194349299484298,5.131682349594571e-06,0.0012671644042168,0.1236250668210572,20.013320529522545,24.70995210561618,0.22453085356426483
18.15,31.22118710534841,131.0130436879476,61.554780451767485,0.124244100326566,2.818174544740032e-05,0.093283208801368,-0.0003183273798715,-0.2084025582800125,0.0,24.710117840695418,2.817982605615515,-88.19953398643324,0.2417151821208683,113.55201322510408,371.784262467444,15.288,1.0,3.540785464824711,0.0726646038501623,-5.366919727953035e-07,-0.0195200465655037,5.134878958679395e-06,0.001272753010758,0.1242441035252038,20.013199100853885,24.71012226747364,0.22832758193931454
18.16,31.221187200788204,131.01304341661373,61.307783434738,0.124828169314979,2.9837466207875384e-05,0.0932466665704455,-0.0003196177311178,-0.2125968518246389,0.0,24.710284395617776,2.820681487518335,-88.21073992828798,0.2431339653625455,113.55059329907854,371.7981026595765,15.288,1.0,3.538406414166008,0.0726648909241515,-5.395609881725511e-07,-0.0196055829004006,5.139244670960083e-06,0.0012783691522327,0.1248281728789518,20.013080058886665,24.71028908247601,0.23214750566771408
18.17,31.2211872963256,131.01304314502124,61.060783291550464,0.1253237949343438,3.1477244459238866e-05,0.0932121963813204,-0.0003209321687669,-0.2167854417818285,0.0,24.71044830333976,2.82335988278249,-88.22199561641031,0.2445774680341553,113.54914864332088,371.8118637328342,15.288,1.0,3.5360236562550966,0.0726651702099908,-5.424422780068571e-07,-0.0196914990963997,5.1448127669072496e-06,0.0012840102669043,0.1253237988871255,20.01296246123845,24.71045324777376,0.23597572824387963
18.18,31.22118739195987,131.01304287317217,60.813780064944055,0.1257226603820571,3.3086697224128965e-05,0.0931794198099312,-0.0003222664311581,-0.2209643272184,0.0,24.710609675844573,2.826017961614141,-88.23330061841249,0.2460461188416781,113.54767883439996,371.8255490485852,15.288,1.0,3.533640868517564,0.0726654420370831,-5.453359134621691e-07,-0.0197777214277903,5.151560665350347e-06,0.0012896715535489,0.1257226647353172,20.01284615354617,24.71061487309082,0.2398077188808738
18.19,31.22118748769028,131.0130426010684,60.56677379268724,0.126029993891408,3.467349853546809e-05,0.0931481014314769,-0.0003236221036745,-0.2251331008103105,0.0,24.7107684562038,2.828655893877412,-88.244654420612,0.2475403507810133,113.54618344478192,371.83915688505925,15.288,1.0,3.5312559023116323,0.0726657062381207,-5.482419483115806e-07,-0.0198641756039982,5.159464243946792e-06,0.0012953481647596,0.1260299986594348,20.012731211876545,24.71077390270421,0.2436423333741904
18.2,31.22118758351609,131.01304232871192,60.31976452050156,0.126307207672663,3.633697457965608e-05,0.0931186820486462,-0.0003250263637133,-0.2293070502585978,0.0,24.71092392825171,2.8312737454888555,-88.25605847204957,0.2490611404973213,113.54466148692704,371.85266567987526,15.288,1.0,3.5288422751866486,0.0726659607072146,-5.511603861958154e-07,-0.0199508159551701,5.1685454138651485e-06,0.0013010370841942,0.1263072128996218,20.012618636991785,24.71092963605033,0.24749326836686503
18.21,31.221187679436603,131.0130420561046,60.07275228715008,0.1264880552274553,3.796803090818917e-05,0.0930902659228016,-0.0003264506509055,-0.2334673315008599,0.0,24.7110769164618,2.833871602388334,-88.26751197897401,0.2506088958916039,113.54311256021153,371.86610023689616,15.288,1.0,3.526428619092401,0.0726662078689537,-5.540912600383464e-07,-0.0200375946527235,5.178821857097233e-06,0.0013067352351744,0.1264880609261843,20.01250730217909,24.711082880466147,0.25134219513988854
18.22,31.221187775451067,131.01304178324844,59.825737134378095,0.1265728766294981,3.95662081178258e-05,0.0930625653988435,-0.0003278943443051,-0.2376122253139658,0.0,24.71122743449952,2.8364496353447817,-88.27901522509518,0.2521843358905091,113.54153594388556,371.8794609593493,15.288,1.0,3.524014934417216,0.0726664477636157,-5.570345683239401e-07,-0.0201244378058809,5.19026795319796e-06,0.0013124377986628,0.1265728828153846,20.012397196276734,24.71123364954496,0.2551868300127769
18.23,31.2211878715588,131.01304151014523,59.578719099954704,0.1265850858634705,4.1168657486738464e-05,0.0930355382779307,-0.0003293669334322,-0.2417462208921508,0.0,24.711375219145246,2.8390080042846,-88.29056822836031,0.2537881374133697,113.53993096103336,371.892739916475,15.288,1.0,3.5215912739741606,0.072666679617268,-5.599902958623954e-07,-0.020211273807176,5.202861033869087e-06,0.001318140089199,0.1265850925572911,20.012288693450728,24.711381685902843,0.2590307996761731
18.24,31.221187967759047,131.01304123679697,59.331698226619466,0.1265509239422406,4.281709298734205e-05,0.0930092937756994,-0.0003308805797201,-0.2458754656670117,0.0,24.7115199831802,2.841546737445155,-88.30217097398268,0.2554209958799298,113.53829691624048,371.90592845434577,15.288,1.0,3.5191463532429528,0.0726669025854116,-5.629584139707509e-07,-0.0202980679640761,5.216637859680865e-06,0.0013238398268303,0.1265509311844044,20.01218220846456,24.71152670887344,0.26287940738593857
18.25,31.221188064051145,131.01304096320547,59.08467455214178,0.1264215108152197,4.44305688421494e-05,0.0929830942614689,-0.000332413729444,-0.2499854636282304,0.0,24.71166232993319,2.844065958876332,-88.31382342501722,0.2570836269425424,113.53663309386155,371.91904472413904,15.288,1.0,3.5167014047641163,0.0726671184423014,-5.659388848272506e-07,-0.020384761816346,5.231595511956666e-06,0.0013295332288106,0.1264215186229387,20.01207691454735,24.711669309070626,0.26671838771023276
18.26,31.221188160434355,131.0130406893726,58.83764811627913,0.1261973152954124,4.600863795054753e-05,0.0929566604339941,-0.000333965719313,-0.2540745300804123,0.0,24.71180227035754,2.846565835556558,-88.32552550513299,0.2587767655938579,113.534938758913,371.93208904756096,15.288,1.0,3.51425642889728,0.0726673272202425,-5.689316543230978e-07,-0.020471282467716,5.247706612535705e-06,0.0013352155389207,0.1261973236836256,20.011972807628783,24.71180949737749,0.2705455952103544
18.27,31.221188256908,131.01304041530028,58.59061895878912,0.1259245636381157,4.762548658093824e-05,0.0929302025310781,-0.0003355561753523,-0.2581534285100757,0.0,24.71193928667445,2.849046495906831,-88.33727709710291,0.260501166727193,113.5332131565138,371.94504583056647,15.288,1.0,3.511791662535531,0.0726675273967511,-5.719366514892374e-07,-0.0205575667076343,5.264958663294594e-06,0.0013408826034677,0.1259245726465609,20.011870629794757,24.71194676766839,0.27437078523764297
18.28,31.22118835347139,131.01304014099028,58.34358711843559,0.1255850419231913,4.925007738564388e-05,0.0929033960146192,-0.0003371779143269,-0.2622165205210815,0.0,24.7120736180798,2.8515079602139326,-88.34907805817588,0.2622576074224518,113.53145550959684,371.95792226469206,15.288,1.0,3.5093150488219447,0.0726677196753034,-5.749537949604231e-07,-0.0206435841060665,5.283391685206659e-06,0.0013465324472529,0.1255850515815166,20.01177006389956,24.712081354263866,0.2781881706941865
18.29,31.221188450123822,131.01303986644447,58.096552633982,0.1251518802397363,5.083720050650409e-05,0.0928757107354584,-0.000338818486433,-0.2662549521809786,0.0,24.71220559508527,2.853950380357604,-88.36092821915771,0.2640468877371903,113.52966501811989,371.9707282911294,15.288,1.0,3.506838408561843,0.0726679050278929,-5.779829925242909e-07,-0.0207292677139257,5.302985067196058e-06,0.0013521607179497,0.1251518905649379,20.011670660364853,24.71221358057405,0.28198885084960096
18.3,31.221188546864624,131.0130395916647,57.84951554220424,0.124625672652097,5.238642460474301e-05,0.0928468766086199,-0.0003404771870463,-0.2702670822955575,0.0,24.7123352283634,2.856373919950271,-88.37282737028308,0.2658698301338118,113.52784085963818,371.9834642236689,15.288,1.0,3.5043617421422697,0.0726680834859915,-5.810241352866715e-07,-0.0208145460084693,5.323709694847364e-06,0.0013577627471174,0.1246256836638188,20.011572420124587,24.712343457203733,0.2857708071046531
18.31,31.221188643693093,131.01303931665277,57.60247588385437,0.1240801641905043,5.401666021408026e-05,0.0928174196267583,-0.0003421861710771,-0.2742714244937274,0.0,24.71246170840281,2.858778645569228,-88.384775264718,0.2677272806808109,113.5259821881026,371.99610568381945,15.288,1.0,3.501853407144053,0.0726682526692763,-5.840770991928815e-07,-0.0208993729629513,5.3455769911019855e-06,0.0013633354837391,0.1240801759500925,20.011476510920023,24.712470193319955,0.2895513853728968
18.32,31.221188740608568,131.01303904141048,57.35543369272589,0.123443237421375,5.56087143070638e-05,0.0927864707923788,-0.0003439142646768,-0.2782477128102232,0.0,24.71258587611644,2.8611646163993742,-88.3967716363953,0.2696201119032998,113.52408813100952,372.0086779791694,15.288,1.0,3.499344695919449,0.0726684150505981,-5.871417524769573e-07,-0.0209837095674108,5.36860869459996e-06,0.001368876424902,0.1234432499466672,20.01138176137812,24.712594611112856,0.2933108199900693
18.33,31.221188837610367,131.0130387659396,57.10838901155944,0.1227147595023782,5.716083503989554e-05,0.0927537599242678,-0.0003456603773498,-0.2821941264834468,0.0,24.71270775105848,2.8635319944533686,-88.4088161861747,0.2715492223506824,113.52215778983276,372.021181691157,15.288,1.0,3.496835959350514,0.0726685706875433,-5.902179498480966e-07,-0.0210674855363125,5.392774344146856e-06,0.0013743809821674,0.122714772812813,20.01128816270724,24.71271672986145,0.29704697352934056
18.34,31.221188934697818,131.0130384902419,56.86134187514277,0.1219260585376584,5.872257300222444e-05,0.0927193296821361,-0.0003474372536206,-0.2861173416335018,0.0,24.71282700785165,2.865880923807528,-88.42090857490845,0.2735155368251711,113.52019023979544,372.0336070158432,15.288,1.0,3.494313973468015,0.0726687186234196,-5.933055296555502e-07,-0.0211506347267149,5.4180490653418685e-06,0.0013798448176058,0.1219260726786104,20.011196199580134,24.71283623197185,0.30076590231070377
18.35,31.22118903187025,131.01303821431927,56.614292320251934,0.1210913377641801,6.031548610970188e-05,0.0926831886829725,-0.0003492516887935,-0.2900204164901395,0.0,24.71294351925384,2.868211412830564,-88.43304843525895,0.2755200087439853,113.51818452750774,372.0459501139207,15.288,1.0,3.491772779462683,0.0726688584841654,-5.964043188970194e-07,-0.0212331299717026,5.444470374741266e-06,0.0013852661464635,0.1210913527857089,20.01110607760148,24.71295299358824,0.3044702570404859
18.36,31.221189129127,131.01303793817343,56.36724038167512,0.1201668161471859,6.186646072737531e-05,0.0926446997096104,-0.0003510839680077,-0.2938901819469468,0.0,24.71305778813639,2.870523585692986,-88.44523537966118,0.2775636222510179,113.51613966885418,372.058226118794,15.288,1.0,3.4892315609068687,0.0726689917485727,-5.995141364763658e-07,-0.0213149141386285,5.472025613383699e-06,0.0013906412641161,0.1201668320746461,20.011017102089557,24.713067506097318,0.30814704718534297
18.37,31.22118922646741,131.01303766180604,56.12018610115889,0.1191532874362336,6.33750892646652e-05,0.0926036122803333,-0.0003529333118623,-0.2977250898075269,0.0,24.71316982461154,2.8728175994852645,-88.45746898298158,0.279647391429819,113.51405464978276,372.07043532780006,15.288,1.0,3.4866903182093565,0.0726691184464642,-6.026347859901353e-07,-0.0213959188738562,5.500682534198282e-06,0.0013959657060356,0.1191533042911764,20.010929281520976,24.71317977954728,0.31179445580412246
18.38,31.22118932389083,131.01303738521892,55.87312951150343,0.1181184993302328,6.495019092627599e-05,0.0925603617200361,-0.0003548289122904,-0.3015419808426635,0.0,24.713278927807707,2.875093531843325,-88.46974878372302,0.2817723616201341,113.5119284249862,372.0825566292567,15.288,1.0,3.484120100064814,0.0726692365170183,-6.05766056293634e-07,-0.0214760966209355,5.53044152687867e-06,0.0014012363238521,0.1181185171872473,20.01084364348647,24.71328913015984,0.3154284588869846
18.39,31.221189421396616,131.01303710841384,55.62607064650289,0.1170048888490693,6.649604113197953e-05,0.0925142870517799,-0.0003567460012488,-0.3053246585680479,0.0,24.71338574173358,2.877351413473852,-88.48207430262877,0.2839396129905918,113.50975991433084,372.0946094075218,15.288,1.0,3.4815459824167614,0.0726693478540304,-6.089077292988093e-07,-0.0215554174907814,5.561330453384904e-06,0.0014064511975852,0.11700490774417,20.010759292453137,24.713396186907293,0.3190331764975291
18.4,31.221189518984087,131.01303683139244,55.37900954492199,0.1158043412721001,6.799757703650135e-05,0.0924650671061747,-0.0003586798811945,-0.3090692400678303,0.0,24.71349037251354,2.879591397971005,-88.49444503184115,0.28615026066876,113.50754800272514,372.10659685121584,15.288,1.0,3.478971841427217,0.0726694527696449,-6.120595753831606e-07,-0.0216338155414306,5.593316957954395e-06,0.0014116060244371,0.1158043612343092,20.010676101790487,24.713501053547965,0.3226045759785696
18.41,31.221189616652623,131.0130365541565,55.13194624254333,0.1145493069691117,6.950589742934375e-05,0.0924127597258202,-0.0003606436381084,-0.3127827623270957,0.0,24.713592502634004,2.881813621689851,-88.50686042564662,0.2884054549934085,113.5052915398687,372.1185093917768,15.288,1.0,3.4763840501412866,0.0726695503303065,-6.152213495811883e-07,-0.0217112285235696,5.626373319400211e-06,0.0014166967179159,0.1145493280561811,20.010594552363337,24.71360342059484,0.3261492060897041
18.42,31.221189714401568,131.0130362767077,54.88488077514945,0.1132542567464641,7.104272178981035e-05,0.0923573926035595,-0.0003626440766927,-0.3164684436171946,0.0,24.713692011510567,2.884018081722236,-88.5193199126874,0.2907063845497174,113.50298933721643,372.1303433902225,15.288,1.0,3.473776610876497,0.0726696401815321,-6.183927967587285e-07,-0.0217876342965476,5.6605358378160296e-06,0.0014217218194154,0.1132542790271202,20.01051484410513,24.71370317087521,0.3296699793501736
18.43,31.221189812230296,131.0130359990478,54.63781317454681,0.11187456730455,7.25332982621186e-05,0.0922983659183905,-0.0003646609697414,-0.3201129566089782,0.0,24.713789385782825,2.8862048941180647,-88.53182290411577,0.2930542789123715,113.50064016523548,372.1421134945626,15.288,1.0,3.47116914907116,0.0726697237543528,-6.215736549636326e-07,-0.0218629800080078,5.695789214896928e-06,0.0014266779010604,0.1118745908191403,20.010436307626776,24.71380077928667,0.33315375777224776
18.44,31.22118991013816,131.01303572117845,54.39074347850644,0.1104112133866745,7.397725289070514e-05,0.0922354530526559,-0.0003666934667092,-0.3237148687241324,0.0,24.7138846350004,2.888374208399859,-88.54436877590051,0.2954504080220701,113.49824275402764,372.1538199857762,15.288,1.0,3.4685616650847715,0.0726698010769311,-6.24763648037525e-07,-0.021937201474072,5.732098181700504e-06,0.0014315607679211,0.1104112381717291,20.010358957347385,24.713896255320112,0.3365989148779442
18.45,31.221190008124527,131.01303544310127,54.14367171883463,0.1089423187423337,7.55000748898413e-05,0.0921691879373217,-0.0003687753910942,-0.3272940231986667,0.0,24.713976994717743,2.8905260712845045,-88.55695687143262,0.2978960842215389,113.4957957912966,372.1654398338499,15.288,1.0,3.4659207839718293,0.0726698699015459,-6.279624867777366e-07,-0.0220102617265005,5.769470377053973e-06,0.001436367955731,0.1089423449051412,20.01028391389073,24.713988854241773,0.34002451797169536
18.46,31.22119010618877,131.01303516481804,53.8965979342969,0.1073920082295341,7.69759128862518e-05,0.0920987893835666,-0.0003708736797987,-0.3308293032471352,0.0,24.71406726044957,2.8926605221655524,-88.56958652047511,0.3003926667936588,113.4932979178053,372.1769969902186,15.288,1.0,3.4632795733954493,0.07266993256745,-6.311698768740571e-07,-0.0220821312585746,5.807924057932396e-06,0.0014410975773193,0.1073920358174682,20.01021006890672,24.714079351797693,0.3434098898403916
18.47,31.221190204330263,131.01303488633033,53.649522156699696,0.1057606118197021,7.8403242189016e-05,0.0920240357959149,-0.0003729871422234,-0.334319141569033,0.0,24.714155448663075,2.8947777081779287,-88.58225702466768,0.3029415619720647,113.49074772736816,372.188491944434,15.288,1.0,3.460638341504607,0.0726699891231442,-6.343855127881499e-07,-0.0221527479475458,5.847422690239828e-06,0.0014457455717762,0.1057606408823469,20.010137428384454,24.71416776421556,0.3467532994839865
18.48,31.221190302548383,131.01303460763995,53.402444416855886,0.1040984745430239,7.986212264812123e-05,0.0919451643459124,-0.0003751367741855,-0.3377755933016046,0.0,24.71424108623984,2.89687773365188,-88.59496765106142,0.30554422403433,113.48814376575856,372.1999104398649,15.288,1.0,3.457975789214,0.0726700381775411,-6.376090751051918e-07,-0.022222060434615,5.887945728185092e-06,0.0014503085515738,0.1040985051778049,20.010066695142307,24.714253630952733,0.35006628715779986
18.49,31.221190400842524,131.0130343287484,53.155364752536734,0.1023866673349224,8.131953924761859e-05,0.0918619433251744,-0.0003773147546312,-0.3411930866087544,0.0,24.7143243901598,2.898960585372119,-88.60771764894096,0.3082021599332721,113.48548452607469,372.2112590045832,15.288,1.0,3.4553003963724462,0.0726700803687427,-6.408402376436639e-07,-0.0222900532636848,5.929529591541695e-06,0.0014547855123701,0.1023866996301282,20.009997588851917,24.714337163803155,0.3533432910747148
18.5,31.22119049921204,131.01303404965736,52.908283195549295,0.1005965487592827,8.272660082008966e-05,0.0917739350156684,-0.000379507419497,-0.3445624879248253,0.0,24.714405663361443,2.9010263919820507,-88.62050624911475,0.3109169316282692,113.48276844640976,372.2225467569113,15.288,1.0,3.4526249830353404,0.0726701165875896,-6.440786670789911e-07,-0.0223566719014699,5.972145284792412e-06,0.0014591729045106,0.1005965827741973,20.009929708905823,24.71441865802551,0.3565752476814494
18.51,31.221190597656346,131.0130337703685,52.661199777700496,0.0987539993991147,8.412335732335402e-05,0.0916811492374845,-0.0003817247223986,-0.3478891620319775,0.0,24.714484678634616,2.9030752853159467,-88.63333264889003,0.3136901562139619,113.47999390972387,372.2337668463695,15.288,1.0,3.4499388630111967,0.0726701461660768,-6.473240166764274e-07,-0.0224218592253257,6.015757941491882e-06,0.0014634669778153,0.0987540352293778,20.00986340731601,24.714497892700685,0.35976721348474916
18.52,31.221190696174784,131.0130334908835,52.414114533779646,0.0968903807212082,8.555877389989254e-05,0.0915837743910987,-0.0003839806125882,-0.3511809557407456,0.0,24.714561166216164,2.9051072505117164,-88.64619602205059,0.3165235099946845,113.47715923976926,372.2449111401952,15.288,1.0,3.447228848847923,0.0726701683110782,-6.505759305579872e-07,-0.0224855995474564,6.0603986301078645e-06,0.0014676666835782,0.0968904185003847,20.009799093592907,24.71457460575694,0.36292671277795746
18.53,31.22119079476679,131.01303321120383,52.167027496588005,0.0949514060295622,8.694203143392848e-05,0.0914812179448603,-0.0003862506404706,-0.3544222065873076,0.0,24.71463566913652,2.907122376500906,-88.65909553127558,0.3194187332998133,113.47426269627348,372.2559959893984,15.288,1.0,3.44451881497045,0.0726701846193965,-6.538340488558881e-07,-0.0225478519963881,6.106055606085572e-06,0.0014717693774382,0.0949514458330671,20.00973603066224,24.71464932595888,0.366038335353619
18.54,31.221190893431743,131.01303293133122,51.91993869693876,0.0929419078536383,8.827875573451004e-05,0.0913733215228428,-0.0003885354464857,-0.3576126515589143,0.0,24.71470816222804,2.90912080072638,-88.67203030927729,0.322377630357533,113.47130247506696,372.2670206299945,15.288,1.0,3.441807189885087,0.072670195017102,-6.570979997922723e-07,-0.0226085597719672,6.152689421943038e-06,0.001475771341489,0.0929419497787154,20.00967428541984,24.714722029022564,0.3691016708183633
18.55,31.221190992169017,131.01303265126728,51.67284817160964,0.0909366804007482,8.968870640681001e-05,0.0912605847272838,-0.0003908673952341,-0.3607715017471623,0.0,24.71477797765478,2.911102541583252,-88.68499946146525,0.3254020726863808,113.46827670469196,372.27796493662015,15.288,1.0,3.439062109633656,0.0726701975406006,-6.603674008687381e-07,-0.0226676977992102,6.200310666883688e-06,0.0014796708898942,0.0909367246290285,20.00961482160453,24.71479206592384,0.37213535652365676
18.56,31.22119109097804,131.0130323710135,51.42575594743774,0.0888592158305743,9.10447352622906e-05,0.0911423110047869,-0.0003932128785064,-0.3638775650954623,0.0,24.71484585374637,2.9130676343654245,-88.69800208510382,0.3284940056828688,113.46518343981292,372.28885114530186,15.288,1.0,3.4363170104856,0.0726701943609261,-6.636418669111949e-07,-0.0227252423190636,6.248930301169279e-06,0.0014834665065884,0.088859262474468,20.00955663451947,24.714860155019945,0.37511859171662437
18.57,31.221191189858214,131.01303209057167,51.17866205821844,0.0867107558737027,9.234654035948388e-05,0.0910183254815834,-0.0003955709190369,-0.3669296689421797,0.0,24.714911798920102,2.915016213366577,-88.71103725300621,0.3316554493263546,113.46202066051347,372.2996795038599,15.288,1.0,3.433571892831972,0.072670185502902,-6.669210031626883e-07,-0.0227811389907631,6.2985076126780965e-06,0.0014871546355515,0.0867108050492661,20.0094997443068,24.71492630468074,0.37805009456398897
18.58,31.221191288808903,131.0130318099432,50.931566537747656,0.0845606555166294,9.370493669523568e-05,0.0908890426149498,-0.0003979709967274,-0.3699453376130033,0.0,24.7149752112722,2.9169483357543,-88.72410400942361,0.3348885009642908,113.45878626951033,372.3104318722002,15.288,1.0,3.4307973046731592,0.0726701691968065,-6.70204403628096e-07,-0.0228353536489727,6.349033030096114e-06,0.0014907330007185,0.0845607074369985,20.009445013291685,24.71498993040924,0.38094688510339
18.59,31.22119138782956,131.0130315291297,50.684469412862406,0.0823555202224595,9.50304307164429e-05,0.0907540097235423,-0.0004003899685058,-0.3729098768098399,0.0,24.71503660269258,2.918863990239244,-88.7372013900841,0.3381953428927342,113.45547808457307,372.32112366592247,15.288,1.0,3.428016689777087,0.0726701469478498,-6.734916595304087e-07,-0.0228878760491969,6.400534190823303e-06,0.0014942009544756,0.0823555750521212,20.009391760106084,24.715051530037734,0.38379451118451086
18.6,31.221191486919565,131.0130312481328,50.437370719346895,0.0800827045873306,9.630000112820605e-05,0.0906129622717402,-0.0004028208121845,-0.3758184930027663,0.0,24.715096107472352,2.920763304396218,-88.75032841261843,0.3415782448000127,113.4520938360788,372.33175892532375,15.288,1.0,3.42523605718415,0.0726701191509647,-6.767823552032909e-07,-0.0229386559281665,6.452971609379153e-06,0.0014975552139703,0.0800827624879164,20.009339830527654,24.71511123424116,0.3865881670190344
18.61,31.22119158607833,131.01303096695412,50.19027048503228,0.0777988045994637,9.76035862522613e-05,0.0904661925926633,-0.0004052871131363,-0.3786851812167935,0.0,24.71515325170161,2.9226463579776367,-88.76348406644674,0.3450395661117167,113.44863116467089,372.3423233656226,15.288,1.0,3.4224315060553727,0.0726700844127832,-6.800760638970975e-07,-0.0229876546222993,6.5063229040892645e-06,0.001500793216507,0.0777988658258731,20.009289900778388,24.715168583237087,0.3893414474892863
18.62,31.221191685305268,131.0130306855951,49.94316874371472,0.0754772213191147,9.889536184058416e-05,0.0903134880857121,-0.0004077775557904,-0.381502580917351,0.0,24.7152082992998,2.924513115598083,-88.77666733114873,0.3485817642128649,113.44508761303236,372.3528249323688,15.288,1.0,3.4196149191626963,0.0726700435093918,-6.83372355563043e-07,-0.0230348692977838,6.560622294042927e-06,0.001503914783113,0.0754772861083434,20.009241635707927,24.71522383374691,0.39204707837113517
18.63,31.2211917845998,131.0130304040574,49.69606552421981,0.0730913995739923,0.0001001295616558,0.0901545068676834,-0.0004102791338255,-0.384262316322715,0.0,24.71526150377416,2.92636369161247,-88.78987717391009,0.3522073990395492,113.44146062129704,372.3632712583779,15.288,1.0,3.4167983153670134,0.07266999718625,-6.866707956915625e-07,-0.0230802555740022,6.6158343386448336e-06,0.0015069170217526,0.0730914681554894,20.00919472012093,24.715277232088923,0.3946967585162324
18.64,31.22119188396132,131.0130301223425,49.44896085537333,0.0706888848069781,0.0001013813079007,0.0899894622638196,-0.0004128112801594,-0.3869759225921204,0.0,24.715312481465144,2.9281981771393326,-88.80311253508212,0.3559191352963918,113.4377475248313,372.3736507775408,15.288,1.0,3.4139617312435844,0.0726699443153588,-6.899709392760751e-07,-0.023123773442717,6.671928871241345e-06,0.0015097972868264,0.0706889575033655,20.00914969814928,24.71532840640375,0.397301696947933
18.65,31.22119198338929,131.01302984045205,49.20185476997729,0.0682624294451141,0.0001026363081572,0.0898183045851436,-0.0004153711341309,-0.3896413068467501,0.0,24.715361324764125,2.930016525033851,-88.81637234429346,0.3597197513951432,113.43394554529532,372.3839662674716,15.288,1.0,3.411108710129404,0.0726698851684586,-6.932723376647301e-07,-0.0231654242918095,6.72894137480443e-06,0.0015125556643849,0.0682625066049344,20.009106468677064,24.71537744683771,0.39985978589121957
18.66,31.22119208288308,131.01302955838747,48.954747296857576,0.0657752869383741,0.0001038321283815,0.0896406489162277,-0.0004179413375396,-0.3922475124196348,0.0,24.71540836769181,2.931818835164336,-88.82965552328214,0.3636121462119242,113.4300517838856,372.3942277878557,15.288,1.0,3.4082556729295383,0.0726698207277325,-6.965745396733525e-07,-0.0232051699125766,6.78684082071332e-06,0.0015151896699346,0.0657753688932776,20.00906461277612,24.7154246776044,0.40236020132771033
18.67,31.221192182442127,131.0130292761504,48.70763846682824,0.0632697574363039,0.0001050352947096,0.089456667099302,-0.0004205389141676,-0.394804684087784,0.0,24.71545328102493,2.9336052024410897,-88.84296096885693,0.3675993416402822,113.42606321878309,372.4044254121268,15.288,1.0,3.405384941889764,0.0726697500252502,-6.998770844256919e-07,-0.0232429710469684,6.84559257799946e-06,0.0015176967096774,0.0632698446239646,20.00902459227485,24.715469779930444,0.4048128094800714
18.68,31.221192282065868,131.01302899374227,48.46052830871525,0.0607503066710423,0.0001062505915905,0.0892664063035692,-0.0004231660865508,-0.3973139312254443,0.0,24.71549605821176,2.9353755727998503,-88.85628756720928,0.3716844925367346,113.42197669520525,372.4145589368293,15.288,1.0,3.402495018430425,0.0726696730418257,-7.031795074677991e-07,-0.0232788322682762,6.905231611231671e-06,0.0015200770714547,0.0607503995851523,20.0089864364556,24.71551274801566,0.40721865172129307
18.69,31.22119238175372,131.01302871116482,48.2134168503506,0.0581738118707438,0.0001074051537128,0.0890694671333994,-0.0004258027751571,-0.3997627158997316,0.0,24.715537077010463,2.937130034260979,-88.8696342000066,0.3758708956064615,113.41778891652234,372.42463974061,15.288,1.0,3.3996050797399406,0.0726695908882313,-7.064813432552082e-07,-0.023312720694264,6.965729841643686e-06,0.0015223286210147,0.0581739110190512,20.008949675651717,24.715553948172555,0.40956535535486954
18.7,31.22119248150508,131.01302842841935,47.96630412652488,0.0555812272861297,0.0001085632820933,0.0888660135716654,-0.0004284653587828,-0.4021608747900877,0.0,24.71557602886115,2.93886867969762,-88.88299972599886,0.3801619927179984,113.41349644094264,372.4346585189471,15.288,1.0,3.396698043152385,0.0726695026573009,-7.09782117411508e-07,-0.0233445993982508,7.027050679076962e-06,0.001524448917639,0.0555813333094656,20.008914734326076,24.715593081941623,0.4118625027392172
18.71,31.221192581319418,131.0130281455075,47.71919016009976,0.0529809055490687,0.0001097360791977,0.088656131302703,-0.0004311577322125,-0.4045106293370509,0.0,24.715612876771523,2.940591449273952,-88.89638299459354,0.384561382434752,113.40909566997956,372.4446141513319,15.288,1.0,3.3937707431565847,0.0726694082403404,-7.130813525319614e-07,-0.0233744761622722,7.089228538840148e-06,0.0015264384567365,0.0529810191930362,20.00888167834926,24.715630114074536,0.4141122369131455
18.72,31.22119268119612,131.01302786243076,47.47207498089551,0.0503272568935204,0.0001108466359234,0.0884394309671396,-0.0004338587430874,-0.4067988709617916,0.0,24.71564800750315,2.942298423800471,-88.90978285302297,0.3890728309069319,113.40458283756068,372.4545182885028,15.288,1.0,3.390843428782037,0.0726693087745896,-7.163785711330442e-07,-0.0234023219979307,7.152235894843476e-06,0.0015282953587194,0.0503273789647034,20.008850035414955,24.715665419252005,0.41630162454521935
18.73,31.22119278113467,131.01302757919066,47.22495862072078,0.0476638826061416,0.0001119635530243,0.0882160990225256,-0.0004365859194867,-0.4090362284399582,0.0,24.71568110151201,2.943989689285696,-88.92319812750051,0.3937002764742774,113.39995400542476,372.4643612945098,15.288,1.0,3.387897882529815,0.0726692033205886,-7.19673287711287e-07,-0.0234281035910955,7.216036235880963e-06,0.0015300174177607,0.0476640141133865,20.0088202321886,24.715698688705796,0.4184410435299133
18.74,31.22119288113445,131.0130272957887,46.977841106413706,0.0449950078309849,0.000113091185366,0.0879862078174695,-0.0004393413604356,-0.4112239098475574,0.0,24.71571215562073,2.94566517906764,-88.93662763737427,0.3984478435216894,113.39520504926642,372.47414306803546,15.288,1.0,3.3849327257534214,0.072669091869067,-7.229650147927501e-07,-0.0234518325871157,7.280664450120729e-06,0.0015316053836322,0.0449951499588905,20.0087922882216,24.715729919942586,0.42053165138576903
18.75,31.221192981194903,131.01302701222644,46.730722465806565,0.0422765792402512,0.0001141551218626,0.0877493991077818,-0.0004421045166005,-0.4133492628687317,0.0,24.715741532981784,2.9473249726398434,-88.95007020126815,0.4033198553363729,113.39033164587718,372.48387454922886,15.288,1.0,3.38196755543437,0.0726689754878392,-7.262532654528055e-07,-0.023473482085507,7.346090580800275e-06,0.001533057511533,0.0422767333557475,20.008765771230944,24.715759464426394,0.4225609608261324
18.76,31.221193081315487,131.0130267285053,46.483602727726,0.0395589283079872,0.0001152349339503,0.0875059109564449,-0.0004448959142974,-0.4154248420026082,0.0,24.715768873660974,2.948969143005101,-88.96352461853998,0.4083208405855704,113.38532926667106,372.49354488426144,15.288,1.0,3.378981249048888,0.0726688531186941,-7.295375454931838e-07,-0.0234930240308568,7.412280852255959e-06,0.0015343719363119,0.0395590961479027,20.00874114378686,24.71578697472207,0.42454126034766493
18.77,31.2211931814956,131.01302644462692,46.23648192199255,0.0368339572927391,0.0001163148686512,0.0872557528568868,-0.0004477122817102,-0.4174486502877165,0.0,24.715794268068368,2.950597618057534,-88.9769896853295,0.4134555504939294,113.3801931605042,372.50315679268726,15.288,1.0,3.3759777490216063,0.0726687250275283,-7.328173603033338e-07,-0.0235104738840733,7.479270524551254e-06,0.0015355496628002,0.0368341409438673,20.00871830814471,24.71581253876521,0.4264705646113756
18.78,31.221193281734703,131.0130261605927,45.98936007246241,0.0340632434272521,0.0001173297018776,0.0869986174176134,-0.0004505354004543,-0.4194095503536254,0.0,24.71581802537754,2.9522104807966127,-88.99046419743155,0.418728973545814,113.37491833897272,372.5127195889232,15.288,1.0,3.372974236256556,0.0726685921234306,-7.360922159855338e-07,-0.0235258053215216,7.547024731262275e-06,0.0015365889804545,0.0340634454959848,20.00869690874577,24.715836455484013,0.4283378728790551
18.79,31.221193382032222,131.01302587640413,45.74223720895638,0.0313080215238165,0.0001183767934268,0.0867348227675347,-0.0004533907068069,-0.4213231943296621,0.0,24.715839718180185,2.9538077830736964,-89.003946933212,0.4241463447624023,113.36949956713728,372.5222203842063,15.288,1.0,3.36994487212972,0.0726684531498199,-7.393616121594202e-07,-0.0235389977561787,7.615516030236232e-06,0.0015374885075455,0.0313082453113622,20.00867747152068,24.71585831276341,0.4301585395221149
18.8,31.2211934823876,131.01302559206275,45.49511335831297,0.0285394947893325,0.0001194066282001,0.0864642672941471,-0.0004562658602187,-0.4231821125623183,0.0,24.71585958560199,2.955389452539568,-89.0174366725494,0.4297131673990368,113.36393134182532,372.5316663814887,15.288,1.0,3.3669025360444533,0.0726683088098334,-7.426250500382516e-07,-0.0235500693173382,7.684778181707422e-06,0.0015382494325804,0.0285397445828906,20.008659723178013,24.71587834195129,0.43192519964683185
18.81,31.221193582800247,131.0130253075701,45.247988549358986,0.0257290554901172,0.0001203700058106,0.0861867134147294,-0.0004591467613279,-0.4249777778718231,0.0,24.71587785479281,2.9569555787626207,-89.03093219404411,0.4354352293113918,113.3582078752628,372.5410644233416,15.288,1.0,3.3638601881472106,0.0726681597713921,-7.458820311618813e-07,-0.0235589932403638,7.754769758552542e-06,0.0015388700110649,0.0257293370557922,20.00864341521412,24.71589676246911,0.4336294179017998
18.82,31.221193683269632,131.01302502292762,45.00086280793912,0.0229531026431264,0.000121389033542,0.0859025888474475,-0.000462065752805,-0.4267301639826138,0.0,24.715894006211087,2.9585061802661565,-89.04443226137417,0.4413186165434282,113.35232308148866,372.55039884291017,15.288,1.0,3.3607854206219887,0.0726680045070346,-7.491320516567687e-07,-0.0235657597616277,7.825475140873542e-06,0.001539349562438,0.0229534236338086,20.008629157800144,24.71591307395589,0.43529082362034927
18.83,31.221193783795165,131.0130247381368,44.753736160892,0.0201535884707221,0.0001223664952775,0.0856116303776854,-0.0004649975604937,-0.4284239574371803,0.0,24.715908477971468,2.960041197536423,-89.05793564496935,0.4473697407038596,113.34627054897771,372.5596828425494,15.288,1.0,3.357703749433633,0.0726678443049469,-7.523746114674928e-07,-0.0235703862654004,7.896921043502202e-06,0.001539689239143,0.0201539599564105,20.00861645726714,24.7159276992556,0.43689432908289344
18.84,31.22119388437631,131.0130244531992,44.50660863306823,0.0173184600659491,0.0001232802167759,0.0853137038298903,-0.0004679351503081,-0.4300550467729606,0.0,24.715921372658297,2.9615607259783965,-89.07144111165779,0.4535953569816248,113.3400435226232,372.56891951023226,15.288,1.0,3.354621003197232,0.0726676794668046,-7.556092098778252e-07,-0.0235728456061617,7.969059609192129e-06,0.0015398872640222,0.0173188988408744,20.00860521445745,24.715940737469463,0.43843584511234074
18.85,31.221193985012487,131.01302416811623,44.25948025627724,0.0145362267173171,0.0001242720804288,0.0850093373493465,-0.0004709166404125,-0.4316470339045834,0.0,24.71593210723212,2.963064733100452,-89.08494741746863,0.460002584466412,113.3336348834195,372.5780912637369,15.288,1.0,3.35149950184338,0.0726675082784661,-7.588353425269298e-07,-0.0235731437692801,8.041895111609908e-06,0.0015399439814018,0.0145367579158185,20.008596081792767,24.715951627844863,0.43993859921321044
18.86,31.22119408570316,131.01302388288943,44.012351052387416,0.0117182659208382,0.0001251950210147,0.0846980919160232,-0.0004739029867782,-0.4331762462604941,0.0,24.715941313253392,2.964553196144616,-89.09845332960883,0.466598939849805,113.32703711475764,372.5872171385876,15.288,1.0,3.3483779900341,0.0726673325968585,-7.620525107383559e-07,-0.0235712908626037,8.115436612331856e-06,0.0015398600806914,0.01171893465834,20.00858837037356,24.715960978841306,0.441379260594093
18.87,31.22119418644773,131.01302359752026,43.765221050225946,0.008891408119141,0.0001260903236118,0.0843800579569352,-0.0004769041002448,-0.4346490441830184,0.0,24.71594882852361,2.966026202116095,-89.1119576084187,0.4733923578578436,113.32024228199596,372.59629224006767,15.288,1.0,3.345245515322248,0.0726671519451654,-7.652602137915241e-07,-0.0235672626718506,8.189635281910077e-06,0.0015396339597263,0.0088923021051955,20.00858226826472,24.71596863474533,0.4427640604515548
18.88,31.22119428724567,131.01302331201023,43.51809027563783,0.0060993954185858,0.000127026871071,0.0840555612222165,-0.0004799391282647,-0.4360774862899147,0.0,24.715954389124807,2.9674836675778526,-89.12545901048895,0.4803912218988166,113.31324200180964,372.60530860642206,15.288,1.0,3.3420836604180795,0.0726669655475032,-7.684579503367604e-07,-0.0235610825898848,8.264518049905393e-06,0.0015392671201365,0.0061007180180456,20.00857805740606,24.715974342459056,0.4441048769861454
18.89,31.22119438809641,131.01302302636083,43.27095875247984,0.0032754459709647,0.0001278932650467,0.0837242627853615,-0.0004829779216168,-0.4374434325985874,0.0,24.715958457919463,2.968925619436229,-89.13895630467081,0.487604403368798,113.30602740288508,372.61428018845646,15.288,1.0,3.338921795911289,0.0726667747647948,-7.716452251390409e-07,-0.0235527482302069,8.340067884226525e-06,0.0015387594247941,0.0032779418063133,20.00857525684312,24.71597854734656,0.44538381444576536
18.9,31.22119448899938,131.0130227405736,43.02382650858516,0.0004738117297011,0.000128775558546,0.0833864212728921,-0.0004860426461458,-0.4387608404649096,0.0,24.71596070374844,2.970352109741328,-89.15244825075631,0.4950412875795207,113.29858909999577,372.6231969966776,15.288,1.0,3.335737104378625,0.0726665786234701,-7.74821540008253e-07,-0.0235422459475213,8.41624751747682e-06,0.0015381099515785,0.0004910000205309,20.008574213573095,24.71598093176587,0.44661460636171313
18.91,31.22119458995403,131.01302245464996,42.77669356781084,-0.0023156114513006,0.0001296548377233,0.0830421079019863,-0.0004891291858228,-0.4400275895941977,0.0,24.71596121824936,2.971763037145065,-89.16593361444312,0.5027118185842385,113.29091714916991,372.6320617895494,15.288,1.0,3.332534377280812,0.0726663773930117,-7.779864002326969e-07,-0.0235296081682283,8.493092954184465e-06,0.0015373208147974,0.0023192385127407,20.008574832512764,24.715981584383645,0.4477951658250067
18.92,31.22119469095978,131.01302216859148,42.5295599579902,-0.0051332296900518,0.0001304627765109,0.0826911041348335,-0.0004922183650849,-0.4412323460508651,0.0,24.715960276915546,2.9731584665789947,-89.17941116995885,0.5106265426156243,113.28300100425965,372.64088286956377,15.288,1.0,3.3293316414716734,0.0726661718834489,-7.811393156095569e-07,-0.0235148223920319,8.570565046254113e-06,0.0015363912050541,0.0051348872904805,20.00857684501332,24.71598076996056,0.44891429491998486
18.93,31.22119479201609,131.01302188239956,42.282425702980255,-0.007892760436195,0.0001313377208933,0.0823338729645021,-0.0004953469678192,-0.4423981129128749,0.0,24.71595736464248,2.974538385309991,-89.19287968406675,0.5187966458793664,113.27482947914145,372.6496446999892,15.288,1.0,3.32609219323058,0.0726659605804078,-7.842797936761543e-07,-0.0234978941821251,8.64865227494211e-06,0.0015353214440195,0.0078938530903007,20.0085807519356,24.715977995123435,0.44999466920712083
18.94,31.2211948931224,131.01302159607576,42.03529082862632,-0.0106674022742408,0.0001321578886344,0.0819701672131465,-0.0004984830276834,-0.4435057736946633,0.0,24.71595295951421,2.975902723520231,-89.20633793863385,0.5272340158594867,113.26639068641408,372.6583616924021,15.288,1.0,3.322848068624556,0.0726657448895429,-7.874073493522791e-07,-0.0234788511274849,8.72737719678406e-06,0.0015341133543647,0.0106682208863524,20.008586089426963,24.71597371882681,0.4510174365795429
18.95,31.22119499427812,131.01302130962156,41.788155359779736,-0.0134416605503409,0.0001329461930834,0.0816000356615649,-0.0005016314992382,-0.4445588660117057,0.0,24.715946984956275,2.977251558246421,-89.2197847168768,0.5359512893609398,113.2576719893556,372.6670315335479,15.288,1.0,3.3195931858536225,0.0726655245857803,-7.905214989984759e-07,-0.0234576772820306,8.806689539879578e-06,0.0015327658798384,0.0134423179887498,20.00859293351328,24.71596786809545,0.451986064833578
18.96,31.221195095482724,131.01302102303848,41.54101932029749,-0.0161672431029501,0.0001337790642708,0.0812238271228335,-0.0005048135282443,-0.4455708882217157,0.0,24.715939176177983,2.9785847919043364,-89.23321880262124,0.5449619118566249,113.24865994257527,372.67564623406497,15.288,1.0,3.3163071389291146,0.072665298890688,-7.936217601841412e-07,-0.0234344047309138,8.886615574367456e-06,0.0015312810910181,0.0161677965805977,20.008601520345437,24.71596019014426,0.45291387852423654
18.97,31.221195196735607,131.01302073632797,41.29388273801344,-0.018915140690846,0.000134538383805,0.0808412589847804,-0.0005079971588564,-0.4465228031283116,0.0,24.715929976466644,2.9799024368666505,-89.24663899739981,0.5542802134375925,113.23934021606344,372.6842191574476,15.288,1.0,3.313021084712416,0.0726650691076034,-7.967076589249388e-07,-0.0234090402502309,8.967138480950862e-06,0.0015296594488054,0.0189156191524772,20.0086114465841,24.715951109706552,0.45378208528865777
18.98,31.22119529803624,131.0130204494915,41.04674563380256,-0.0216185520522793,0.0001353308142495,0.0804526526488105,-0.0005112101994453,-0.4474322389941313,0.0,24.71591901561783,2.9812045174790187,-89.26004409891385,0.5639214691474538,113.22969753485836,372.6927391353993,15.288,1.0,3.309706748039221,0.0726648341481749,-7.997787204878226e-07,-0.0233815824746264,9.048226399135484e-06,0.0015279008317765,0.0216189756211953,20.008623034301387,24.71594027333242,0.45460807201962394
18.99,31.221195399384047,131.0130201625307,40.79960803251628,-0.0243092339171822,0.0001361022790084,0.0800580178335469,-0.0005144390984242,-0.4482914978276378,0.0,24.71590650202923,2.982490922512618,-89.27343291855644,0.5739019893980619,113.2197155886289,372.7012124482201,15.288,1.0,3.3063782316246946,0.072664594625157,-8.028344769288381e-07,-0.0233520722357153,9.129914525857604e-06,0.0015260079118626,0.0243096149193732,20.00863609378619,24.715927880925225,0.4553842530122989
19.0,31.22119550077847,131.013019875447,40.55246995900617,-0.0270072159601965,0.0001368178542704,0.0796572668594081,-0.0005176734173296,-0.449094806396976,0.0,24.71589256731848,2.983761717695664,-89.2868042782536,0.5842392069994845,113.2093769446458,372.70964306139706,15.288,1.0,3.303044751205968,0.0726643509255594,-8.058744656578814e-07,-0.023320501152718,9.212156045720442e-06,0.0015239801404998,0.027007562511317,20.00865051301354,24.71591405861677,0.45610491477511544
19.01,31.22119560221892,131.01301958824192,40.30533143812372,-0.0296348314040835,0.0001376019928356,0.0792508481715531,-0.0005209468488087,-0.4498634801112978,0.0,24.715876800080373,2.9850168188811272,-89.30015700025254,0.5949517679876367,113.19866295695284,372.71801856286896,15.288,1.0,3.299673225231832,0.0726641018399186,-8.088982251428071e-07,-0.023286899210176,9.294965005790464e-06,0.0015218194428493,0.0296351508731416,20.0086666154324,24.715898414550864,0.456791110967998
19.02,31.221195703704844,131.0130193009169,40.05819249372654,-0.0322791562124664,0.0001383104624781,0.0788384847595108,-0.0005242207981595,-0.450574535167746,0.0,24.71585970466485,2.986256201087328,-89.31348992875466,0.6060596548511081,113.1875536431401,372.7263541597252,15.288,1.0,3.296301693479821,0.0726638488510694,-8.119053041270292e-07,-0.0232512874357071,9.378339122865805e-06,0.0015195272153967,0.0322794525287073,20.00868398886679,24.715881430421494,0.4574201495652014
19.03,31.22119580523568,131.01301901347355,39.811053149672254,-0.0348780424543807,0.000139042453754,0.0784204587254096,-0.0005275209309036,-0.45124440786736,0.0,24.71584096114276,2.9874798932956264,-89.32680190884902,0.6175842921761042,113.17602757870112,372.7346401986852,15.288,1.0,3.292903872654848,0.0726635910184869,-8.148952525960643e-07,-0.0232136661805872,9.462240718516862e-06,0.0015171034527391,0.0348783196009536,20.00870287332419,24.715862801880323,0.45800825566424075
19.04,31.22119590681084,131.01301872591338,39.563913428824286,-0.0374515372877362,0.0001397631179809,0.0779968606004025,-0.0005308388914439,-0.4518687060419247,0.0,24.715820701123647,2.98868776936072,-89.34009180064247,0.6295486902503242,113.16406175342624,372.74288064519766,15.288,1.0,3.289488777511552,0.072663328729155,-8.178676278818417e-07,-0.0231740829292872,9.5467073171976e-06,0.0015145512577287,0.037451798077272,20.008723154864903,24.71584265506288,0.45855110898726503
19.05,31.22119600842976,131.01301843823785,39.31677335901692,-0.0400251182016891,0.0001404287787739,0.0775676089882251,-0.0005341619417999,-0.4524403647452534,0.0,24.7157990766804,2.9898798834585465,-89.35335847943075,0.6419775946654162,113.15163142180116,372.7510800822748,15.288,1.0,3.286067939054541,0.0726630624302156,-8.208219946620705e-07,-0.023132535656366,9.631694046072853e-06,0.0015118704989345,0.0400253645538657,20.0087447159383,24.71582113518139,0.4590417224435576
19.06,31.221196110091896,131.01301815044852,39.06963295516074,-0.0425222287455222,0.0001411622082948,0.0771331357341953,-0.000537523366269,-0.4529805667395456,0.0,24.715775712380616,2.991056139817996,-89.3666008240202,0.6548976426366219,113.13870994668667,372.7592271817424,15.288,1.0,3.282608718958743,0.0726627910179764,-8.237579200125668e-07,-0.0230890604859212,9.717216642162768e-06,0.0015090635060751,0.0425224630555597,20.008767802997657,24.71579788608844,0.4595010374343446
19.07,31.22119621179664,131.0130178625469,38.82249224807245,-0.045030797412513,0.0001418179300662,0.0766932074114453,-0.0005408841814424,-0.453466203423329,0.0,24.715751080491035,2.992216509765538,-89.37981773814789,0.6683375667831482,113.12526859553958,372.7673361848185,15.288,1.0,3.279149494540031,0.0726625158809287,-8.266749825570321e-07,-0.0230436822944852,9.8032708827839e-06,0.0015061319258226,0.0450310207352504,20.008792080718425,24.7157733571994,0.45990622768768924
19.08,31.221196313543423,131.01301757453453,38.57535125564516,-0.0474777800266764,0.0001425130465788,0.0762481477488698,-0.0005442749909545,-0.4539168532453838,0.0,24.7157248310976,2.9933610003175137,-89.39300812921131,0.6823283849084322,113.11127635063175,372.775396532952,15.288,1.0,3.275659233132833,0.0726622359904024,-8.29572763333549e-07,-0.0229964100482877,9.889825033639785e-06,0.0015030763148969,0.0474779939151798,20.00881776478898,24.715747216994608,0.46027664065276064
19.09,31.221196415331672,131.01301728641295,38.328210006707366,-0.0499026895409009,0.0001431811110023,0.0757979954880718,-0.0005476789404358,-0.4543230235065001,0.0,24.71569718324628,2.994489483490308,-89.40617092484483,0.6969036482564795,113.09669966079348,372.7834148295684,15.288,1.0,3.2721553155988645,0.0726619519904344,-8.324508529605915e-07,-0.0229472951647549,9.97691503340988e-06,0.0014999000395465,0.0499028949534918,20.00884469831006,24.715719674082603,0.46060291549263926
19.1,31.221196517160816,131.01301699818367,38.081068520146566,-0.0523049352888344,0.0001438211175544,0.0753427810964102,-0.0005510946426338,-0.4546847178428236,0.0,24.715668151048984,2.995602007927708,-89.41930506793518,0.7120997003320637,113.08150218259188,372.79139149686,15.288,1.0,3.268637991967112,0.0726616639225616,-8.353088494123615e-07,-0.022896338866627,1.0064493429586363e-05,0.0014966031729059,0.0523051330228236,20.008872860585072,24.7156907424173,0.4608850518388016
19.11,31.22119661903025,131.01301670984827,37.83392681882644,-0.0546409896299,0.0001445021217112,0.0748828338997202,-0.0005545413788552,-0.4550146421664694,0.0,24.715637547667427,2.996698442351516,-89.43240951132513,0.7279559676105386,113.0656444896258,372.7993208946579,15.288,1.0,3.2650888051555755,0.0726613712375555,-8.38146355824298e-07,-0.0228435913343017,1.0152591117303857e-05,0.0014931889761631,0.0546411807037524,20.0089023380594,24.715660246007623,0.46113563179922906
19.12,31.221196720939428,131.01301642140825,37.58678492561107,-0.0569836817566395,0.0001451034402489,0.0744179861360496,-0.0005579863356219,-0.4552935734049449,0.0,24.71560573510132,2.997778788536219,-89.44548323405724,0.7445153123458614,113.04908371971068,372.8072139396701,15.288,1.0,3.2615396155882705,0.0726610749997114,-8.409629874174067e-07,-0.0227890706850962,1.0241185209326988e-05,0.001489658648153,0.0569838665006347,20.008932916799598,24.715628527896413,0.46133565437015595
19.13,31.221196822887745,131.0130161328652,37.339642864358574,-0.0592328169875169,0.0001457866157841,0.0739486787369915,-0.0005614725890656,-0.4555488443334746,0.0,24.715572268916663,2.9988429922969506,-89.4585252209286,0.7618243902815736,113.0317732171741,372.8150572209109,15.288,1.0,3.2579475835406946,0.0726607739024921,-8.437583627268084e-07,-0.0227328049619221,1.0330267568144606e-05,0.0014860139879847,0.0592329963927048,20.00896480714299,24.71559516902472,0.46151215792433825
19.14,31.22119692487461,131.0130158442207,37.09250065693892,-0.061479959294108,0.0001464004815875,0.0734747775311504,-0.0005649602040533,-0.4557569081475728,0.0,24.71553758841372,2.999890960454945,-89.47153448445955,0.7799341079240089,113.01366207557876,372.8228639873922,15.288,1.0,3.254352541730929,0.0726604692374454,-8.465321130735794e-07,-0.0226748400377111,1.0419857694628656e-05,0.0014822580137855,0.0614801336042922,20.008997769862376,24.715560584947596,0.46164187574083804
19.15,31.221197026899464,131.0130155554762,36.845358324227966,-0.0636655310059477,0.0001470404068163,0.0729965272138297,-0.0005684737865452,-0.4559338070990704,0.0,24.715501443412204,3.000922709164155,-89.48451004836005,0.7989000957725165,112.9946946644932,372.830626688124,15.288,1.0,3.250729225800173,0.0726601602691205,-8.492838754003101e-07,-0.0226151866605962,1.0509916417886787e-05,0.0014783914063145,0.0636657008053082,20.009031904271136,24.715524540465296,0.4617406767911808
19.16,31.22119712896169,131.01301526663343,36.59821588710151,-0.0658123455314654,0.0001476674246279,0.0725140631960284,-0.0005720039208561,-0.4560747480181319,0.0,24.715463955528254,3.00193809042896,-89.49745095773287,0.818783283766215,112.97481005404482,372.8383489884313,15.288,1.0,3.247087740734599,0.0726598473551085,-8.52013296738322e-07,-0.022553904732582,1.0600483353333268e-05,0.0014744180821051,0.0658125111994914,20.0090671333649,24.715487151073077,0.46180384616142556
19.17,31.22119723106072,131.01301497769387,36.35107336941803,-0.0679267548937475,0.0001482694529241,0.0720274173662179,-0.0005755463387421,-0.4561781034380887,0.0,24.71542516893457,3.002937136722703,-89.51035627886051,0.8396505476595028,112.95394136854524,372.8460322176618,15.288,1.0,3.243431261326759,0.0726595306253191,-8.547200340447531e-07,-0.0224910037630466,1.0691514590900954e-05,0.0014703386589967,0.0679269167118308,20.00910342085993,24.71544845904577,0.4618297761756023
19.18,31.221197333195924,131.01301468865907,36.10393079503584,-0.0699686477679095,0.0001489102225425,0.0715369049167579,-0.0005791189566934,-0.4562558754885666,0.0,24.715384934441,3.003919702379337,-89.523225092033,0.8615754410919692,112.93201505441964,372.8536718710226,15.288,1.0,3.2397427343747447,0.0726592096412092,-8.574037511909095e-07,-0.0224265414420523,1.0783043486770132e-05,0.001466156893276,0.0699688062267113,20.00914079728511,24.71540832520406,0.4618303671930568
19.19,31.22119743536674,131.01301439953068,35.85678818284272,-0.0720043926739144,0.0001494798504873,0.0710424253213558,-0.0005826917659347,-0.4562906883548262,0.0,24.715343544697088,3.0048857868322494,-89.5360565067877,0.8846390763449663,112.90894999944916,372.861276774756,15.288,1.0,3.2360511728416257,0.0726588852631725,-8.600641254820666e-07,-0.0223605398050151,1.08750439561208e-05,0.001461874236825,0.0720045478325372,20.00917914229127,24.71536702493709,0.46178843424728133
19.2,31.221197537572568,131.01301411031025,35.60964555470906,-0.0739369611005509,0.0001501349671901,0.070544401340398,-0.0005863069380685,-0.4563094492453769,0.0,24.71530062458007,3.0058352890646214,-89.54884964315627,0.9089310877084152,112.88465656940616,372.8688356073615,15.288,1.0,3.232314997536716,0.0726585563884567,-8.627008396253946e-07,-0.0222930428161723,1.096752443400094e-05,0.0014574935357837,0.0739371135314657,20.009218546241485,24.71532420772557,0.4617306247011562
19.21,31.22119763981277,131.0130138209994,35.362502934493186,-0.0758690797827001,0.000150706476116,0.0700427033848612,-0.0005899193520017,-0.4562855505771417,0.0,24.71525660340213,3.006768144112782,-89.56160365332009,0.9345508221129608,112.85903541741898,372.8763613187052,15.288,1.0,3.2285788223004674,0.0726582242792211,-8.653135910729151e-07,-0.0222240925127326,1.1060488974082805e-05,0.0014530175581457,0.0758692294652667,20.009258864688924,24.71528027632004,0.461630622866147
19.22,31.2211977420868,131.01301353159977,35.11536034108327,-0.0777056876155122,0.0001513478771778,0.0695376863765545,-0.000593569661333,-0.4562449977838202,0.0,24.715211126894463,3.007684311527421,-89.57431770174173,0.9616086518358232,112.83197617127053,372.88384321620686,15.288,1.0,3.2248019577486287,0.0726578878940238,-8.679020834553892e-07,-0.0221537172973826,1.1153918214811356e-05,0.0014484481344956,0.0777058350031767,20.009300160810614,24.715234900563416,0.4615141819644387
19.23,31.22119784439401,131.0130132421129,34.8682177953554,-0.0795230485249818,0.0001519333135502,0.0690293540021705,-0.0005972249330367,-0.456168690405637,0.0,24.71516450682678,3.0085836640208514,-89.58699098308014,0.9902275862897127,112.80335582160588,372.89129070380767,15.288,1.0,3.221017520638957,0.0726575481494595,-8.704660343767559e-07,-0.022081976056092,1.1247841331127308e-05,0.0014437891278727,0.0795231936642044,20.00934234169696,24.715188372455867,0.46136241990215404
19.24,31.22119794673381,131.01301295254044,34.62107532017425,-0.0812635535254993,0.0001525552894115,0.0685179275697453,-0.0006009091073327,-0.4560724128473376,0.0,24.71511654393564,3.009466198563861,-89.59962270942356,1.0205451055058576,112.77303688844952,372.8986977655073,15.288,1.0,3.217200994058585,0.0726572044597828,-8.730051698885212e-07,-0.0220088889104874,1.1342223161035713e-05,0.0014390418371003,0.0812636967206079,20.009385418893157,24.71514050726446,0.4611909726464738
19.25,31.221198049105585,131.01301266288402,34.373932934427884,-0.0829622717157487,0.0001531552129184,0.0680035446865772,-0.0006046075278365,-0.4559483022827579,0.0,24.71506738613399,3.010331756433108,-89.61221211908826,1.0527153744239874,112.74086520691768,372.9060688615275,15.288,1.0,3.2133676729582072,0.0726568572598721,-8.755192283879812e-07,-0.0219345229149986,1.1437103972605728e-05,0.0014342106501925,0.0829624130810143,20.00942934375079,24.715091443698576,0.46099208452502866
19.26,31.22119815150872,131.01301237314527,34.1267906609809,-0.0845996254643643,0.0001537636514705,0.0674863239566067,-0.0006083274497361,-0.4558019384252121,0.0,24.715016979938127,3.011180346777599,-89.62475847353558,1.0869118460973914,112.70666732400868,372.9134023746794,15.288,1.0,3.2095094363384287,0.0726565063925464,-8.780079592707081e-07,-0.0218588968674142,1.1532444276689582e-05,0.0014292967884296,0.0845997652007064,20.00947409711297,24.71504113307602,0.4607712893135194
19.27,31.22119825394258,131.01301208332583,33.87964851772752,-0.0861760373437129,0.0001543785998252,0.0669664924213148,-0.0006120694193232,-0.4556348082887619,0.0,24.714965345800184,3.0120117992949447,-89.63726105660248,1.123330374244682,112.6702473860555,372.92069891905743,15.288,1.0,3.205626601145396,0.0726561519179758,-8.804711227337598e-07,-0.0217820804849489,1.162828658537614e-05,0.0014243048070896,0.0861761756263654,20.009519649038857,24.71498959553394,0.46053009050497984
19.28,31.22119835640656,131.01301179342735,33.632506531508845,-0.0877033295350364,0.0001549795069127,0.0664441052628999,-0.000615827078877,-0.4554441692483532,0.0,24.71491254091522,3.012826119117101,-89.64971918004807,1.1621929679063308,112.63138338406856,372.9279602173728,15.288,1.0,3.201724564476456,0.0726557940043512,-8.829084921868847e-07,-0.0217040955904636,1.1724594306204602e-05,0.0014192361321377,0.0877034664660534,20.00956597223401,24.71493688503924,0.4602657815539854
19.29,31.22119845890005,131.01301150345148,33.38536471624269,-0.0891540004452811,0.0001556099915336,0.0659194435761663,-0.0006196131081867,-0.4552389736354205,0.0,24.714858492087647,3.0136231371800872,-89.66213217513558,1.2037522822735325,112.58982266290334,372.93518405791593,15.288,1.0,3.197791576930081,0.0726554324365353,-8.853198507657216e-07,-0.0216250110855667,1.1821406654990388e-05,0.0014140952607365,0.0891541362463036,20.009613036566176,24.71488293524796,0.45998726077841146
19.3,31.221198561422423,131.0130112133999,33.1382230947938,-0.0905644631978362,0.0001562094911253,0.0653925286013851,-0.000623410596184,-0.4550100307856911,0.0,24.714803334727137,3.014402846222017,-89.67449940419078,1.2482971376778556,112.54527640227592,372.94237452390365,15.288,1.0,3.1938436074129486,0.07265506761265,-8.877049964120722e-07,-0.0215448539112469,1.191869348370256e-05,0.0014088839584757,0.0905645979190535,20.00966082259437,24.714827872056624,0.45968543543737594
19.31,31.22119866397303,131.01301092327424,32.89108168903294,-0.0918861948098326,0.0001568559927056,0.0648636706089565,-0.0006272413071996,-0.4547718864102374,0.0,24.714746933114,3.015165082639169,-89.68682024728726,1.296159181826431,112.4974129545251,372.94952751650095,15.288,1.0,3.1898598210419022,0.072654699133757,-8.900637362977609e-07,-0.0214636911508431,1.2016489211809444e-05,0.0014036066006935,0.0918863286894731,20.00970928757561,24.71477157199572,0.45937474665642053
19.32,31.221198766551247,131.01301063307628,32.643940516854485,-0.0931732144107818,0.0001574603152694,0.0643328780530548,-0.0006310808425314,-0.454510779706444,0.0,24.71468947118345,3.015909824537027,-89.69909411720663,1.3477211972946652,112.44584953711716,372.95664858390126,15.288,1.0,3.1858637424316254,0.0726543275406224,-8.923958934745151e-07,-0.0213815551832994,1.211477079468057e-05,0.0013982653118003,0.0931733474612272,20.00975842953521,24.71471420499193,0.45904157364118847
19.33,31.22119886915644,131.0130103428076,32.396799597146895,-0.0943630519202035,0.0001581232785387,0.0638004716198177,-0.0006349569691367,-0.4542449577335815,0.0,24.71463077895364,3.016636914335556,-89.71132044339932,1.4034272824494451,112.39014205172764,372.96373259298895,15.288,1.0,3.181828502411443,0.0726539523335908,-8.947013001814762e-07,-0.0212985113270576,1.2213568079958631e-05,0.0013928643504537,0.0943631844016629,20.009808186959795,24.714655616900156,0.45870402764271323
19.34,31.221198971787963,131.01301005247,32.14965895178102,-0.0955201720051977,0.0001587387618394,0.0632664613057654,-0.0006388408916305,-0.4539579827421298,0.0,24.714571062113063,3.0173463177365805,-89.72349868815388,1.4637957229388636,112.32977221274696,372.9707857487948,15.288,1.0,3.177782094017936,0.0726535741173729,-8.969798051524986e-07,-0.0212145964260797,1.2312863679667428e-05,0.0013874061347384,0.0955203039017291,20.009858578822524,24.714595996739465,0.45834583377526467
19.35,31.221199074445188,131.0130097620651,31.90251859865137,-0.096575410997867,0.0001594185904109,0.0627311670080294,-0.0006427632800908,-0.4536699004253226,0.0,24.714510141709248,3.0180378784716178,-89.73562832941094,1.529435069744029,112.264131469233,372.9778026474642,15.288,1.0,3.173694737099915,0.0726531923659407,-8.992312665752662e-07,-0.0211298756089862,1.2412685577960624e-05,0.0013818949110903,0.0965755425736883,20.00990952465843,24.714535183122877,0.4579868895620765
19.36,31.221199177127456,131.01300947159464,31.6553785645996,-0.0975963441569841,0.000160051666339,0.0621946092789209,-0.000646694078414,-0.4533635168352478,0.0,24.714448221469475,3.0187115547723185,-89.74770887683148,1.6010647835630831,112.19250036052128,372.9847894349946,15.288,1.0,3.1695957332346625,0.0726528076782392,-9.014555595385688e-07,-0.0210443884255941,1.2513019316481252e-05,0.0013763332749019,0.097596475393982,20.00996106204545,24.714473362326437,0.45761016819320427
19.37,31.22119927983412,131.0130091810604,31.408238857578866,-0.098514537347799,0.0001607487175684,0.0616570990801655,-0.0006506636876403,-0.4530587288471408,0.0,24.714385135616155,3.019367186858028,-89.75973985403171,1.679541598137284,112.11402215290715,372.991741104992,15.288,1.0,3.165455587618677,0.0726524195669737,-9.036525690171488e-07,-0.0209582014266124,1.2613893786473788e-05,0.0013707255670573,0.0985146684968111,20.010013097030807,24.714410385965664,0.4572354240594257
19.38,31.22119938256452,131.01300889046408,31.161099504430982,-0.0993931697485707,0.0001614059103401,0.0611186734547958,-0.0006546440003566,-0.4527395522130149,0.0,24.71432106541083,3.020004730538929,-89.77172081325757,1.7658940127457543,112.02766834714262,372.9986631258731,15.288,1.0,3.16130167664238,0.0726520285650383,-9.058221970798344e-07,-0.0208713550668972,1.2715294666733084e-05,0.0013650744413621,0.0993933008031959,20.010065677985853,24.714346418991937,0.45684682656409287
19.39,31.221199485318014,131.01300859980742,30.913960523050488,-0.1001721334539984,0.000162120489047,0.0605796293649236,-0.0006586619017115,-0.452423741760712,0.0,24.71425587712338,3.0206240175839225,-89.78365131752162,1.8613674752617448,111.93219349538252,373.00555145831646,15.288,1.0,3.157108061904892,0.0726516342793522,-9.079643562830914e-07,-0.0207839189689433,1.281725458937772e-05,0.001359384442092,0.1001722646417671,20.010118708190465,24.71428134295025,0.456462010947522
19.4,31.22119958809394,131.0130083090922,30.666821933320428,-0.100902531334896,0.0001628084085205,0.0600400238986824,-0.0006626945263075,-0.4520985402680937,0.0,24.71418971239173,3.021225005732445,-89.79553095227266,1.9674848881214104,111.8260746952226,373.0124103750277,15.288,1.0,3.1528968854263257,0.0726512371263245,-9.100789762636964e-07,-0.0206959328842609,1.2919756893086665e-05,0.0013536581753531,0.1009026626818213,20.01017223394132,24.714215286276737,0.45606834328456813
19.41,31.22119969089161,131.0130080183202,30.41968375412949,-0.1015403513929789,0.0001635407616877,0.0595001366477821,-0.0006667619035061,-0.4517775100711322,0.0,24.714122484985232,3.021807514885273,-89.8073593072459,2.086128260050865,111.70742993795956,373.0192372704312,15.288,1.0,3.1486491123323463,0.0726508368525075,-9.121659979443612e-07,-0.0206074707246706,1.3022840081407093e-05,0.0013479004692898,0.1015404830940185,20.010226171290377,24.714148173908008,0.4556793054754765
19.42,31.22119979371037,131.01300772749315,30.17254600635493,-0.1021167690494595,0.0001642660935578,0.058960047912902,-0.0006708498126971,-0.4514532057744818,0.0,24.714054283260364,3.0223715060021994,-89.8191359825894,2.2196512821322454,111.5739055325368,373.02603480893873,15.288,1.0,3.1443782644337306,0.0726504337176819,-9.142253790598754e-07,-0.0205185708008236,1.3126484097177676e-05,0.0013421138333601,0.1021169011714223,20.01028054699776,24.714080086118003,0.45528752925312976
19.43,31.221199896549567,131.01300743661292,29.925408701926663,-0.1026118069581614,0.000165016403814,0.0584200156060893,-0.0006749679611305,-0.4511328686907302,0.0,24.713985080358963,3.0229167883087995,-89.83086056940641,2.3710367559180208,111.422518677423,373.0328021775776,15.288,1.0,3.1400756349202648,0.0726500276429261,-9.16257089727778e-07,-0.0204293112112097,1.323073329433878e-05,0.0013363033734942,0.1026119396455122,20.01033530975377,24.71401100107506,0.45490022974086514
19.44,31.221199999408498,131.01300714568123,29.678271865698523,-0.1030286925023954,0.0001657859042606,0.057880147966818,-0.000679114311296,-0.4508165335777629,0.0,24.71391490135092,3.023443321901557,-89.84253264515976,2.544121826698118,111.24943222734764,373.03954013021627,15.288,1.0,3.1357426612545938,0.0726496187019849,-9.182611162183152e-07,-0.0203397296249327,1.3335565671530688e-05,0.0013304715542896,0.1030288258881957,20.010390445240755,24.713940942939864,0.45451745804971977
19.45,31.22120010228647,131.01300685469997,29.43113551556532,-0.1033795906087815,0.0001665542835726,0.0573406747452507,-0.0006832846372414,-0.450502903211295,0.0,24.713843786897137,3.023950912671161,-89.85415174886515,2.743927113190575,111.049625563616,373.0462498920809,15.288,1.0,3.1313844681386094,0.0726492070144199,-9.20237458671268e-07,-0.0202499064622546,1.344102853959396e-05,0.0013246236378856,0.1033797247736227,20.01044595843599,24.713869949182826,0.45413795884063857
19.46,31.22120020518283,131.01300656367087,29.183999669422,-0.103631590049781,0.0001673747746706,0.0568017390655967,-0.0006874927691292,-0.4502017507014223,0.0,24.71377169257559,3.024439509521942,-89.86571735476032,2.977150709516274,110.81640059211406,373.05293011957406,15.288,1.0,3.126986865107664,0.0726487924496876,-9.221861322774264e-07,-0.0201598813369405,1.3547102318657596e-05,0.0013187622129208,0.10363172521142,20.010501768886744,24.71379798374372,0.4537714474730747
19.47,31.22120030809687,131.01300627259587,28.93686434615765,-0.1038372773273416,0.0001681612576077,0.056263533745304,-0.000691716788607,-0.4499009316038032,0.0,24.71369873084113,3.024908928695581,-89.87722882839702,3.2529318404777428,110.54061808805876,373.0595842052253,15.288,1.0,3.122572392227226,0.0726483753384,-9.241071679374338e-07,-0.0200697333075517,1.365383141914218e-05,0.001312892456971,0.1038374134925803,20.01055796470675,24.713725145549702,0.45340590199025266
19.48,31.2212004110279,131.0130059814767,28.68972956267315,-0.1039192451196535,0.0001690396115757,0.0557262485545932,-0.0006959902580413,-0.4496223265494243,0.0,24.7136247855343,3.0253590882572388,-89.8886853497983,3.5840726830666703,110.20947587446274,373.0662086398032,15.288,1.0,3.118107606110782,0.072647955339131,-9.26000610327616e-07,-0.0199795091886951,1.376120740159489e-05,0.001307017426516,0.1039193826011995,20.01061437134616,24.713651338214397,0.4530630593108698
19.49,31.221200513975205,131.01300569031542,28.442595339845887,-0.1039665501229447,0.0001698643531691,0.0551900291654893,-0.000700275007081,-0.449343823474003,0.0,24.71355002458535,3.0257898414001083,-89.90008976961404,3.989075975783656,109.80447121098317,373.0728084909583,15.288,1.0,3.1136307829917147,0.0726475329455637,-9.278665177980868e-07,-0.0198892794602388,1.3869260156639594e-05,0.0013011417415218,0.1039666888888085,20.0106711602456,24.713576706815548,0.4527209973025429
19.5,31.221200616938084,131.01300539911367,28.19546169457685,-0.1038859412138997,0.000170787289839,0.0546551131578513,-0.0007046121588273,-0.4490919449462142,0.0,24.71347430913802,3.0262010423084686,-89.91142411083266,4.495698632950544,109.29784719072168,373.0793795639019,15.288,1.0,3.109101554077208,0.0726471077495592,-9.297049804282392e-07,-0.0197991065435414,1.397800624857697e-05,0.0012952694789051,0.1038860815980827,20.0107281220153,24.71350113634277,0.4524060707905735
19.51,31.22120071991585,131.01300510787348,27.94832864177874,-0.1037544509670934,0.0001716826422282,0.0541216118330987,-0.0007089682343449,-0.4488474535306895,0.0,24.71339778860717,3.0265926008428243,-89.92271103717661,5.147574894268139,108.64596956287724,373.0859263677641,15.288,1.0,3.104553031435056,0.0726466801903644,-9.31516068980066e-07,-0.0197090464225605,1.4087451542257013e-05,0.0012894043099466,0.1037545930103437,20.01078540389255,24.71342475645355,0.45209920155244065
19.52,31.221200822907768,131.01300481659675,27.70119620332332,-0.1035264760697536,0.0001726246283268,0.0535897727950682,-0.0007133641886119,-0.4486245031429974,0.0,24.713320407388245,3.026964322196637,-89.93393488359177,6.017364041749794,107.77617905101306,373.0924472213207,15.288,1.0,3.099965317427672,0.0726462501045646,-9.332999014358852e-07,-0.0196191769007259,1.4197637373008648e-05,0.0012835513229384,0.1035266199907376,20.010842896209837,24.713347523201453,0.4518144723855068
19.53,31.221200925913127,131.0130045252853,27.454064399093987,-0.103211535611055,0.0001735976426706,0.0530597216562731,-0.0007177956763725,-0.448421722651041,0.0,24.71324219130236,3.0273161340130046,-89.94506794629837,7.23557918138064,106.55796255452071,373.09894290196166,15.288,1.0,3.0953423954276205,0.0726458175680985,-9.35056612953756e-07,-0.0195295447012849,1.4308554302679732e-05,0.0012777135774434,0.103211681604292,20.01090061437401,24.713269459956305,0.4515505405136853
19.54,31.2212010289312,131.01300423394113,27.20693324201531,-0.102836168142897,0.0001745583810308,0.0525316815573624,-0.0007222523881351,-0.448234086471558,0.0,24.713163203026102,3.0276478373453064,-89.95613323350722,9.061887175977322,104.7316531997882,373.1054153000314,15.288,1.0,3.0906954424867643,0.0726453827652409,-9.367863210746992e-07,-0.0194402328890726,1.4420252064537978e-05,0.0012718965128301,0.1028363162954111,20.010958603085637,24.713190622592474,0.45130244347970067
19.55,31.22120113196125,131.01300394256617,26.95980275197085,-0.1023333483762004,0.0001756161309055,0.0520058099053488,-0.0007267636245647,-0.448080857786625,0.0,24.713083379636817,3.02795933217614,-89.96707959971843,12.094013070480116,101.69952594727592,373.1118625135408,15.288,1.0,3.085995367489067,0.0726449455110605,-9.384891919247718e-07,-0.0193512929839724,1.4532728964365244e-05,0.0012661034985145,0.1023334990666448,20.01101669299599,24.71311096535415,0.45108933434972154
19.56,31.221201235002567,131.0130036511623,26.712672946856,-0.1017823871154861,0.000176641648705,0.0514822948940605,-0.0007312956345957,-0.4479426254080499,0.0,24.713002817351448,3.0282504593954074,-89.97775759020169,18.05552531105829,95.73801235606064,373.1182874455817,15.288,1.0,3.081276121058804,0.0726445060884267,-9.401654090722232e-07,-0.0192627974105586,1.4646017400377353e-05,0.0012603392801251,0.1017825403958124,20.011075079079728,24.713030564156742,0.4508919572783714
19.57,31.22120133805439,131.01300335973167,26.465543843571893,-0.1011159690904429,0.0001777447907894,0.0509613382878772,-0.0007358787110733,-0.447839257991386,0.0,24.712921482642507,3.0285210451248417,-89.98777933128984,34.196633234849784,79.59690307846101,373.12468908183297,15.288,1.0,3.076508375876908,0.0726440643988151,-9.418151381877732e-07,-0.019174818486406,1.4760149634307889e-05,0.0012546085899969,0.1011161253150057,20.01113357370235,24.71294940272896,0.45073007500703133
19.58,31.221201441115976,131.01300306827608,26.218415459019926,-0.1003693020144323,0.0001788683143368,0.0504430822081632,-0.0007404976669794,-0.4477627204741617,0.0,24.712839421586235,3.0287709922843686,-89.99317932621923,96.8925185084486,16.90101645313851,373.1310688116317,15.288,1.0,3.0717070887015256,0.0726436205777001,-9.434385955902672e-07,-0.0190874103956464,1.4875128469382026e-05,0.0012489149784042,0.1003694613978532,20.01119226567233,24.71286751815535,0.45059572426497413
19.59,31.221201544186577,131.0130027767976,25.971287810101245,-0.0995560251437918,0.0001799901901507,0.0499277616183322,-0.0007451479352227,-0.4477114923198259,0.0,24.712756653903448,3.0290000897613187,-89.98639377731116,149.6824088919747,324.111124705753,373.1374272283884,15.288,1.0,3.066877783392429,0.0726431746830866,-9.4503601267554e-07,-0.0190006568993207,1.499100505761888e-05,0.001243263929832,0.099556187850482,20.011251191956724,24.7127849266964,0.45048742155681537
19.6,31.221201647265435,131.01300248529824,25.724160916699688,-0.0986097579548895,0.0001812188916675,0.0494155097338054,-0.0007498588103277,-0.4477048136609114,0.0,24.712673169042034,3.0292082237341464,-89.97638742213623,163.12265263322087,310.67087961693966,373.1437640116485,15.288,1.0,3.0619915453920776,0.0726427266839851,-9.466076060585532e-07,-0.0189146141349513,1.5107785659793126e-05,0.0012376591201546,0.0986099244704303,20.01131016289507,24.71270163483897,0.4504243055893395
19.61,31.2212017503518,131.01300219378,25.477034792734223,-0.0976059305844548,0.0001824317483763,0.048906532173638,-0.0007545983363757,-0.4477243508427184,0.0,24.71258902829529,3.0293952303449747,-89.96590036100922,168.41690281339373,305.3766280912311,373.150081010445,15.288,1.0,3.0570805624113406,0.0726422767605991,-9.481536418063612e-07,-0.0188293547580938,1.522550368185792e-05,0.0012321053099919,0.0976061010723682,20.011369380927533,24.71261768460732,0.450388179957505
19.62,31.221201853444885,131.01300190224498,25.2299094561004,-0.096501176035658,0.0001836998102065,0.0484010334052108,-0.000759386693291,-0.4477837455537733,0.0,24.71250421963878,3.0295609085388686,-89.95528095556837,171.1988556541857,302.59467391190174,373.1563778598213,15.288,1.0,3.052125729942305,0.0726418248776127,-9.496744007570752e-07,-0.0187449572839711,1.5344202323205113e-05,0.0012266076400855,0.096501350881662,20.01142873378489,24.712533075137493,0.45039262814238945
19.63,31.22120195654392,131.0130016106951,24.982784922705527,-0.0952906208495632,0.0001850314187237,0.0478991445134187,-0.0007642263622749,-0.44788577188484,0.0,24.71241877816236,3.0297051515867284,-89.94467148133053,172.90628717651248,300.8872410480277,373.162655617828,15.288,1.0,3.0471246175109927,0.0726413711381982,-9.5117015161226e-07,-0.0186614774220942,1.546388785236491e-05,0.001221169761565,0.0952908004925124,20.011488197437604,24.712447842829647,0.45044042529942746
19.64,31.22120205964816,131.01300131913263,24.735661212433577,-0.0940167513909652,0.0001863577554254,0.0474010967463023,-0.0007691001778179,-0.4480211496922132,0.0,24.7123327311666,3.029827759051654,-89.93407390703541,174.05914972496555,299.73437716002087,373.1689151069104,15.288,1.0,3.042095115187968,0.0726409156226405,-9.526412106278076e-07,-0.0185789962513966,1.5584608224324874e-05,0.0012157969855889,0.0940169360882467,20.01154789252241,24.71236200417437,0.4505223702097026
19.65,31.22120216275676,131.01300102755954,24.48853833721528,-0.0926209346324653,0.0001877748966455,0.0469070565261458,-0.0007740348360625,-0.4482074955802936,0.0,24.71224607853189,3.0299285440195542,-89.92348915739657,174.88931221712264,298.9042133350694,373.1751563219772,15.288,1.0,3.0370114959339256,0.0726404583306113,-9.54087909728696e-07,-0.0184975867501765,1.570639853471124e-05,0.0012104940922602,0.0926211249781654,20.01160766647804,24.71227557414368,0.45065599982273996
19.66,31.221202265868964,131.01300073597793,24.24141631792885,-0.0911336133414858,0.0001892337512247,0.0464171821861318,-0.0007790176965432,-0.4484382852675354,0.0,24.712158863749952,3.0300073812897343,-89.9129528656627,175.51543778932304,298.27808642712614,373.1813805748532,15.288,1.0,3.0318864901101086,0.0726399993899808,-9.555105700619035e-07,-0.0184173103602448,1.5829275427273e-05,0.0012052651092146,0.0911338098067467,20.01166759520684,24.712188588518085,0.45083484488708225
19.67,31.221202368983977,131.01300044438997,23.994295170481703,-0.0895772681818655,0.0001906982552969,0.0459317039303821,-0.0007840404828267,-0.4487096668028959,0.0,24.712071100612302,3.0300640575397737,-89.90245310419702,176.00444370799693,297.7890791745781,373.1875882802776,15.288,1.0,3.0267292930310474,0.0726395388413196,-9.569095592515137e-07,-0.0183382500878395,1.595329113585909e-05,0.0012001154741701,0.0895774711660895,20.011727748432538,24.7121010554242,0.45105509777386715
19.68,31.22120247210099,131.0130001527978,23.747174908793127,-0.0878919206796435,0.0001922668150458,0.0454507677708075,-0.0007891305249206,-0.4490396194922608,0.0,24.711982807506267,3.030098384807865,-89.89198258799793,176.39690426160638,297.3966172936356,373.1937799921584,15.288,1.0,3.0215135427574773,0.0726390767386997,-9.582852613665571e-07,-0.0182604780903762,1.607848065935975e-05,0.0011950499154876,0.0878921309733834,20.011787973593727,24.71201300870695,0.45133465952848734
19.69,31.221202575219177,131.01299986120353,23.50005555175302,-0.0861158206090119,0.0001938777509834,0.0449745491509741,-0.0007942720122201,-0.4494196471103537,0.0,24.711894020103525,3.030110221200998,-89.88156175242116,176.71884561249837,297.0746746124639,373.19995678638674,15.288,1.0,3.0162552660575312,0.072638613187001,-9.596380506147594e-07,-0.0181840597876814,1.620486847395204e-05,0.0011900727217677,0.0861160388517716,20.011848371501653,24.711924474349438,0.4516650973322575
19.7,31.221202678337736,131.01299956960935,23.252937115269,-0.0842650403489791,0.0001955055833888,0.0445032722656283,-0.000799459552635,-0.4498476376919265,0.0,24.711804748865976,3.0300993481920746,-89.87118065110793,176.9877152955176,296.8058036009152,373.20611897740525,15.288,1.0,3.010960834487145,0.0726381482170025,-9.609683472291485e-07,-0.0181090782403294,1.6332508352231348e-05,0.0011851893352458,0.084265267144451,20.011908996955835,24.7118354588112,0.4520443313602458
19.71,31.22120278145584,131.0129992780175,23.005819613260403,-0.0822928310287225,0.000197227285418,0.0440370877565227,-0.0008047149306526,-0.4503381388052865,0.0,24.711715025627264,3.030065562545769,-89.86083225740789,177.21564835908583,296.5778692151037,373.2122675253857,15.288,1.0,3.0056095220060164,0.0726376819222989,-9.622765883415195e-07,-0.0180356092458458,1.6461442780180214e-05,0.001180404724241,0.0822930673703633,20.011969738664597,24.71174600601681,0.4524868527668012
19.72,31.22120288457264,131.01299898643015,22.75870306660554,-0.0802164260869325,0.0001990155729632,0.043576157396541,-0.0008100316363685,-0.4508883274837704,0.0,24.711624884971663,3.030008712109069,-89.85053088376243,177.41134998833752,296.3821662606384,373.218403473419,15.288,1.0,3.000208225472088,0.0726372144045749,-9.635632019611192e-07,-0.0179637190544405,1.6591699244444045e-05,0.0011757232326953,0.0802166729615931,20.01203064423914,24.71165614626476,0.4529898690984289
19.73,31.221202987687324,131.01299869484953,22.51158748524732,-0.0780597431570299,0.0002008323108686,0.04312070620337,-0.0008154009182997,-0.451493997171011,0.0,24.711534332953622,3.029928576683796,-89.84026841358882,177.58121904125932,296.21229588410483,373.2245270032205,15.288,1.0,2.994766642424236,0.0726367456816463,-9.648286620671533e-07,-0.0178934901215984,1.672333228701997e-05,0.0011711502641663,0.0780600015095428,20.01209179159828,24.711565879619243,0.4535492141582783
19.74,31.22120309079901,131.01299840327795,22.26447288807579,-0.0758045010121465,0.0002027081967498,0.0426709159373725,-0.0008208324493905,-0.4521622316067567,0.0,24.711443397090417,3.0298249319816595,-89.83003860182046,177.7300669613924,296.06344664637965,373.23063894460574,15.288,1.0,2.9892762476025685,0.0726362758344219,-9.660734598814925e-07,-0.0178250039385779,1.685639553133851e-05,0.001166691160531,0.0758047720421681,20.01215314940484,24.711475238419503,0.4541719547973505
19.75,31.221203193906888,131.01299811171762,22.01735929298709,-0.0734167736404958,0.0002046994728426,0.042226899062127,-0.0008263422372896,-0.4529039853142516,0.0,24.71135214262016,3.02969760715436,-89.81985229787745,177.86158511253993,295.93192717461386,373.2367412670405,15.288,1.0,2.9837217978864845,0.0726358050546819,-9.672980779928437e-07,-0.0177583286566935,1.6990921520049096e-05,0.0011623503926885,0.073417059008321,20.01221463783894,24.711384296738164,0.45486900725310797
19.76,31.221203297010085,131.01299782017082,21.770246708930006,-0.0709432388778557,0.0002067310319657,0.0417888934935061,-0.0008319115930524,-0.4537089172008127,0.0,24.711260557837864,3.0295463878201985,-89.80970263249976,177.9786461541642,295.8148648137927,373.242833615868,15.288,1.0,2.9781227556185974,0.0726353333080401,-9.685030452024257e-07,-0.0176935443512906,1.7126962967322034e-05,0.0011581332087234,0.0709435400873161,20.012276394641415,24.71129303107243,0.45563009694690293
19.77,31.221203400107694,131.01299752863991,21.523135157777137,-0.0683814606786373,0.0002088078702675,0.0413570951717279,-0.0008375434416164,-0.4545799323371139,0.0,24.71116866269012,3.029371042175177,-89.79958400743212,178.08352165327452,295.7099880012232,373.2489165922776,15.288,1.0,2.972477364045385,0.0726348606531524,-9.696889080884093e-07,-0.0176307342802209,1.726457852471269e-05,0.0011540450669311,0.0683817794820588,20.01233843247274,24.71120146215368,0.4564581313589177
19.78,31.221203503198893,131.0129972371272,21.276024653448143,-0.0657004421050725,0.0002109815805154,0.0409316438925803,-0.0008432530843902,-0.4555275138342225,0.0,24.711076527075207,3.029171346255214,-89.789504988895,178.17803482823635,295.6154735096835,373.254992306892,15.288,1.0,2.966771532600371,0.0726343872954908,-9.708562048899797e-07,-0.0175699783256858,1.7403822103861768e-05,0.0011500912073843,0.0657007808672675,20.012400685701937,24.711109667984378,0.4573635604281359
19.79,31.22120360628275,131.01299694563502,21.028915212845018,-0.0628996434260637,0.0002132541484558,0.0405126982243316,-0.0008490422813324,-0.4565538221548874,0.0,24.710984179757336,3.0289471044147045,-89.7794595517328,178.26366026544477,295.5298467571169,373.26106162763256,15.288,1.0,2.961004319172716,0.0726339133196227,-9.720055199828985e-07,-0.0175113495210299,1.7544737279246525e-05,0.0011462764202926,0.0629000049307882,20.012463179204925,24.711017677640644,0.4583485487207828
19.8,31.22120370935841,131.01299665416576,20.781806845910843,-0.0600051186039281,0.0002155842524482,0.0401004820455357,-0.0008549016367624,-0.4576541610651787,0.0,24.71089161632281,3.0286980787286577,-89.76944257450286,178.34160580872742,295.45189990391407,373.2671244203257,15.288,1.0,2.9551861890338738,0.0726334387125904,-9.731374564052726e-07,-0.0174549314893189,1.7687385728557516e-05,0.0011426061878966,0.060005505872757,20.01252599808376,24.710925480218,0.4594084355531202
19.81,31.22120381242495,131.01299636272185,20.534699574518445,-0.0570143763480283,0.0002179771409042,0.039695177168899,-0.0008608342982473,-0.4588315138160818,0.0,24.710798879320112,3.028424028482824,-89.75946097940455,178.4128731649982,295.3806312344714,373.2731819693312,15.288,1.0,2.949315269320159,0.0726329635994783,-9.742526097692786e-07,-0.017400808748383,1.78318314425237e-05,0.0011390860536064,0.0570147930308129,20.01258914806026,24.710833119089337,0.4605462041933649
19.82,31.221203915481468,131.01299607130565,20.287593410599253,-0.0539153956883933,0.0002204536345791,0.0392969524466641,-0.0008668475820523,-0.4600914059661929,0.0,24.71070600978413,3.0281247054341307,-89.74950932086297,178.47829504966225,295.3152080376258,373.279235513629,15.288,1.0,2.9433855537140783,0.0726324881009155,-9.75351621039675e-07,-0.0173490650352024,1.7978138057682253e-05,0.0011357215100582,0.0539158463895502,20.01265262966888,24.710740638560072,0.4617673697223246
19.83,31.221204018527047,131.01299577991966,20.040488368073014,-0.050678361691369,0.000223063596002,0.0389059262405765,-0.0008729563762682,-0.4614439911924873,0.0,24.710613082380327,3.0277998845921674,-89.73958281788887,178.53857153749803,295.2549302427301,373.285287308242,15.288,1.0,2.9373833642001403,0.0726320124363825,-9.764351506030903e-07,-0.0172997780609471,1.8126360317207e-05,0.0011325176573641,0.0506788525997179,20.012716412897277,24.71064812112805,0.4630820555334922
19.84,31.22120412156075,131.0129954885663,19.7933844678185,-0.0473396894521343,0.0002257489718376,0.0385223280652035,-0.0008791469449799,-0.4628818469152314,0.0,24.710520090008952,3.0274493212763818,-89.72968713966037,178.59429801682873,295.1992024529215,373.29133713802713,15.288,1.0,2.931323542298576,0.0726315365850246,-9.775038527292678e-07,-0.0172530321624939,1.827656470537011e-05,0.0011294800260193,0.0473402277106443,20.01278059180402,24.71055555057453,0.46448288112972447
19.85,31.221204224581644,131.0129951972481,19.54628171580236,-0.04389683672516,0.0002285152468269,0.0381463414014346,-0.0008854227123374,-0.4644080621118398,0.0,24.710427064192626,3.0270727522080287,-89.71981723927928,178.64597955155884,295.1475196084424,373.29738595467086,15.288,1.0,2.925204092508664,0.0726310606395113,-9.785584270525274e-07,-0.0172089142535246,1.842882291083578e-05,0.0011266143174177,0.0438974315168508,20.012845191803407,24.71046295928366,0.4659729342892877
19.86,31.2212043275888,131.01299490596756,19.29918013190933,-0.0403472280292275,0.0002313679962144,0.0377781463552825,-0.0008917871590092,-0.4660257433573688,0.0,24.71033403839792,3.026669911379612,-89.7099685713355,178.69404933980363,295.0994485152356,373.30343476895615,15.288,1.0,2.9190229812454973,0.0726305846982183,-9.79599592825787e-07,-0.0171675112568317,1.858320765111141e-05,0.0011239262340769,0.0403478914083878,20.012910240097924,24.71037038159778,0.46755531982661286
19.87,31.22120443058124,131.01299461472723,19.05207973105342,-0.0366882627966414,0.0002343128724082,0.0374179148481882,-0.0008982438450726,-0.4677380282063821,0.0,24.71024106448718,3.026240530251443,-89.7001458104047,178.73888333879287,295.05461320765687,373.3094851471262,15.288,1.0,2.912778136265429,0.0726301089136009,-9.806280639981422e-07,-0.0171289107172788,1.873979368180989e-05,0.0011214215205143,0.036689011018708,20.01297575357036,24.710277870267117,0.4692331725528213
19.88,31.22120453355801,131.01299432352965,18.804980530137,-0.0328897798669779,0.0002374004845265,0.03706576438894,-0.000904808325147,-0.4695553951830678,0.0,24.71014823702537,3.025784341122399,-89.69034418216873,178.78080535110774,295.0126898871955,373.3155399461987,15.288,1.0,2.9064555822763074,0.0726296335636183,-9.81644600255256e-07,-0.0170931979962374,1.889865328346218e-05,0.0011191057806661,0.0328906366340741,20.013041722279997,24.710185527806274,0.47101694100464014
19.89,31.22120463651815,131.01299403237743,18.557882538109208,-0.0289724769553725,0.0002405985802109,0.0367219069754972,-0.0009114740741159,-0.471474758707103,0.0,24.710055552810022,3.0253010699945686,-89.68055929551798,178.82009755234364,294.9733963822475,373.32159906914177,15.288,1.0,2.9000632501946626,0.0726291586388661,-9.826499817244883e-07,-0.0170604607823357,1.9059863622934368e-05,0.0011169847668358,0.0289734759539961,20.013108221264517,24.710093345946625,0.47290356028986064
19.9,31.221204739460656,131.0129937412732,18.3107857738608,-0.0249404388516004,0.00024390201927,0.0363865255307067,-0.0009182419903363,-0.4734975692567731,0.0,24.709963055410675,3.0247904299316706,-89.67079500808109,178.8570090298659,294.9364835971362,373.3276638321324,15.288,1.0,2.893601867120488,0.0726286842674163,-9.836449841875669e-07,-0.017030789785436,1.9223507893674297e-05,0.0011150644317144,0.0249416314161211,20.013175284681918,24.71000136745027,0.474894483544105
19.91,31.221204842384527,131.01299345021957,18.06369025131179,-0.0207910187959339,0.000247316666972,0.0360597971083231,-0.000925116007683,-0.475627121330235,0.0,24.709870787409123,3.0242521224371925,-89.66104672449896,178.8917567803562,294.9017345391793,373.333735521932,15.288,1.0,2.887069227059716,0.0726282105744287,-9.846304294059744e-07,-0.0170042769779294,1.9389672506704977e-05,0.0011133508110833,0.0207924896989961,20.013242950504,24.709909635820328,0.47699300136585565
19.92,31.22120494528876,131.01299315921926,17.8165959813997,-0.0165215374967075,0.0002508484742371,0.0357418963303756,-0.000932100142011,-0.4778667406380563,0.0,24.70977879366196,3.0236858438927365,-89.6513101446999,178.9245323583009,294.86895765783413,373.3398154935746,15.288,1.0,2.880463082200813,0.072627737691761,-9.856071602344749e-07,-0.0169810148726826,1.9558445921262428e-05,0.0011118499766935,0.0165234417232168,20.01331125912063,24.709818196848158,0.47920243506477034
19.93,31.221205048172354,131.01299286827495,17.56950298400957,-0.0121292896597484,0.000254503466388,0.0354329911409213,-0.0009391985220589,-0.4802198024939028,0.0,24.70968713743729,3.0230912866298496,-89.6415884383211,178.9555073775724,294.8379813309892,373.3459056591844,15.288,1.0,2.873781142557668,0.0726272658053711,-9.865760162615378e-07,-0.0169610973198959,1.972991995066697e-05,0.0011105680891778,0.0121319594191863,20.01338024148505,24.709727114748304,0.4815261547022544
19.94,31.22120515103426,131.01299257738944,17.32241127107316,-0.0076115425015405,0.0002582877442545,0.0351332554889679,-0.000946415388296,-0.4826897316692197,0.0,24.709595868136294,3.022468130932093,-89.63187711702585,178.9848326159632,294.8086547847984,373.352007511584,15.288,1.0,2.8670210748761904,0.0726267950604661,-9.87537883640517e-07,-0.0169446195041619,1.990418981322757e-05,0.0011095113964151,0.0076159235663245,20.013449943365984,24.70963643988029,0.48396757990824507
19.95,31.22120525387345,131.0129922865654,17.075320852534,-0.0029655356479727,0.0002622074844032,0.0348428627126304,-0.0009537550948906,-0.4852800028024595,0.0,24.709505037633093,3.0218160489208987,-89.62217191948632,179.01264260212267,294.7808434945179,373.3581226186912,15.288,1.0,2.860180502136155,0.0726263256095144,-9.884936705765502e-07,-0.0169316779413352,2.008135413254997e-05,0.0011086862340787,0.0029771050321406,20.01352041335564,24.709546225088427,0.48653017979437546
19.96,31.221205356688863,131.0129919958057,16.82823175026545,0.0018115179037348,0.0002662689362201,0.0345619790562476,-0.0009612221107804,-0.4879941405335541,0.0,24.709414716357426,3.0211347077417527,-89.61247542213955,179.0390594789164,294.75442530908686,373.3642531091072,15.288,1.0,2.853257002867191,0.0726258576595261,-9.89444283158149e-07,-0.0169223704754171,2.026151493777456e-05,0.0011080990261657,0.0018309824275142,20.01359169107253,24.70945654178412,0.48921747264311083
19.97,31.22120545947944,131.0129917051131,16.581143975205283,0.00672243217916,0.0002704784222049,0.0342907777161654,-0.0009688210395214,-0.4908357321251999,0.0,24.709324961234177,3.0204237610873808,-89.60278318572368,179.06419121163623,294.72929226711994,373.37040070367686,15.288,1.0,2.846248110001284,0.0726253913778109,-9.90390674834438e-07,-0.0169167968042557,2.0444778574155653e-05,0.0011077563179993,0.0067278713352224,20.013663831269977,24.709367447885384,0.49203303952221245
19.98,31.22120556224412,131.0129914144906,16.334057535308762,0.0117700512025578,0.0002748423418048,0.03402943132879,-0.0009765566088061,-0.4938084203805457,0.0,24.70923583191035,3.019682854554399,-89.59309094350574,179.08813499871658,294.70534717406525,373.3765672055284,15.288,1.0,2.839151310541808,0.0726249269396803,-9.913338222182586e-07,-0.016915058140472,2.0631255154030367e-05,0.0011076647547714,0.011773259683317,20.01373689195176,24.709279004044443,0.49498051668535475
19.99,31.221205664981778,131.01299112394096,16.08697245344349,0.0169589997930506,0.0002793700242657,0.0337781027937717,-0.0009844344615605,-0.4969163885408025,0.0,24.709147412541828,3.018911625289842,-89.58340075034336,179.1109801921263,294.682500669775,373.3827551585287,15.288,1.0,2.831963285858325,0.0726244645924824,-9.922747009582898e-07,-0.0169172578218077,2.0821059555055307e-05,0.0011078311225062,0.0169613007228152,20.013810922621406,24.709191295882626,0.498064078748899
20.0,31.22120576769132,131.0129908334672,15.839888741541532,0.0222880420548732,0.0002840612734396,0.0335369770925636,-0.000992457821841,-0.5001623152305488,0.0,24.709059755030854,3.0181096945536456,-89.57370816757944,179.13280608695595,294.6606734630336,373.3889661323207,15.288,1.0,2.8246832070647194,0.0726240044887554,-9.93214335266646e-07,-0.0169235014629082,2.101431171874778e-05,0.0011082623554793,0.0222898521610228,20.013885988453687,24.709104375271345,0.5012864005554292
20.01,31.221205870371644,131.01299054307225,15.592806411534804,0.0277619119890558,0.0002889256485665,0.033306224479197,-0.0010006326481151,-0.5035505355489462,0.0,24.708972933126606,3.017276673035441,-89.56400888419581,179.15368461760625,294.6397936233216,373.3952023565983,15.288,1.0,2.817307633775449,0.0726235468452559,-9.941537738456646e-07,-0.0169338965214317,2.1211135945016028e-05,0.0011089655102504,0.0277634154007845,20.01396215760184,24.709018317461357,0.5046518083851337
20.02,31.22120597302161,131.01299025275915,15.345725474361252,0.0333852490661463,0.0002939725797946,0.033086009628932,-0.0010089650046863,-0.507085427784658,0.0,24.70888704008255,3.0164121630117595,-89.5543044872368,179.17368270495015,294.6197942215626,373.4014666511055,15.288,1.0,2.809833127188506,0.0726230919360555,-9.950940658743048e-07,-0.016948552772515,2.1411661666328663e-05,0.0011099477966572,0.0333865433227103,20.01403949130857,24.708933217187404,0.5081646712583393
20.03,31.22120607564007,131.01298996253092,15.098645947917833,0.0391598631660922,0.0002992069097825,0.0328765115879923,-0.0010174598653451,-0.5107706799639556,0.0,24.708802146441133,3.015515750373015,-89.54459049604598,179.19285986132246,294.6006157492907,373.4077611489346,15.288,1.0,2.8022574289081983,0.0726226399684821,-9.960363105970075e-07,-0.0169675823167138,2.1616023510107365e-05,0.0011112165764655,0.0391610062200905,20.0141180659975,24.708849145752616,0.5118286703083509
20.04,31.22120617822585,131.01298967239066,14.851567844136625,0.0450887314954368,0.0003046354068831,0.0326779090723575,-0.001026122893114,-0.514610381485964,0.0,24.708718329857685,3.0145870039215845,-89.53486251951534,179.21127042962567,294.5822038674919,373.4140881987112,15.288,1.0,2.794577732060661,0.072622191170759,-9.969816333438606e-07,-0.0169911003741144,2.182436259256458e-05,0.0011127794167445,0.0450897605967534,20.014197962499445,24.7087661818755,0.5156478870340326
20.05,31.221206280777807,131.01298938234154,14.604491177932267,0.0511748624111156,0.0003102649127918,0.0324903742551267,-0.0010349599099433,-0.5186086968038308,0.0,24.70863568757133,3.0136254868689694,-89.52512171733571,179.22896556502073,294.56450741274654,373.4204507410696,15.288,1.0,2.786791178031333,0.0726217458286684,-9.979311615854506e-07,-0.0170192243773161,2.203682503848155e-05,0.0011146440310594,0.0511758029479861,20.01427925394778,24.708684423869865,0.5196264773487019
20.06,31.22120638329472,131.0129890923867,14.35741596322517,0.0574212815593201,0.0003161023188653,0.0323140875575181,-0.0010439769220051,-0.5227698818961649,0.0,24.70855430418188,3.01263074228532,-89.51536352785601,179.2459907725393,294.54748088389624,373.4268513348077,15.288,1.0,2.778894855191744,0.0726213041908421,-9.988860747791282e-07,-0.0170520748059527,2.2253563389070227e-05,0.0011168183327077,0.0574221516241543,20.014362030013597,24.708603957418017,0.5237686889841916
20.07,31.22120648577537,131.01298880252935,14.110342211947565,0.0638310322810895,0.0003221545664084,0.0321492310687873,-0.0010531801234204,-0.5270982859404054,0.0,24.708474267865792,3.011602297452578,-89.50558344516338,179.26238784113767,294.53108249590565,373.4332926471712,15.288,1.0,2.7708857983600708,0.0726208665164187,-9.998475805868606e-07,-0.0170897752230101,2.2474736657914023e-05,0.0011193104378633,0.0638318452311275,20.01444638507054,24.70852487178675,0.5280788627544185
20.08,31.221206588218543,131.01298851277284,13.863269937025768,0.0704071760161816,0.0003284286459924,0.0319959818603095,-0.0010625758998257,-0.531598353029962,0.0,24.70839568688333,3.010539667789081,-89.49578223114204,179.27819658199294,294.51527242924027,373.4397779525559,15.288,1.0,2.762760987749787,0.0726204331235655,-1.0008168906176603e-06,-0.0171324523115671,2.2700510386830668e-05,0.001122128668769,0.0704079420258607,20.014532406148472,24.7084472763344,0.5325614338899468
20.09,31.221206690623,131.0129882231204,13.616199155362844,0.0771527922063827,0.0003349315962324,0.0318545246645974,-0.0010721708280243,-0.536274622681772,0.0,24.70831865709613,3.009442348643072,-89.48595520537079,179.2934523569835,294.50001532591824,373.4463101509243,15.288,1.0,2.754517347930536,0.0726200042940039,-1.0017952710291513e-06,-0.0171802359116896,2.2931056750970013e-05,0.0011252815547247,0.0771535191985158,20.014620197423035,24.70837126802824,0.5372209333452753
20.1,31.221206792987484,131.0129879335754,13.369129873920272,0.084070973698945,0.0003416704964974,0.0317250464580831,-0.0010819716961604,-0.5411317416228476,0.0,24.70824327830244,3.0083098173754568,-89.47609771263396,179.30818780067966,294.48527855534144,373.45289226165056,15.288,1.0,2.74615174703514,0.0726195803210187,-1.002784018670029e-06,-0.0172332595174553,2.3166555363525744e-05,0.0011287778654211,0.0840716679840239,20.014709868285102,24.70829694777853,0.5420619992466684
20.11,31.221206895310686,131.01298764414125,13.122062111589416,0.0912038657101578,0.0003487160839488,0.0316076085820817,-0.0010920025972779,-0.5461849524062549,0.0,24.708169854671816,3.007141532566363,-89.46621013709185,179.3224343930499,294.471030629044,373.45953348215306,15.288,1.0,2.7376441548106705,0.0726191620985602,-1.0037844365210264e-06,-0.0172916611069595,2.340719462148176e-05,0.001132626674539,0.0912045323618953,20.01480161832694,24.70822463086619,0.5470998406369476
20.12,31.22120699759132,131.01298735482146,12.874995880302649,0.0985242906541176,0.0003560261410215,0.0315025056657934,-0.0011022577088693,-0.5514311199315654,0.0,24.708098363229546,3.005936914874384,-89.4562876415967,179.33622000432877,294.4572436807301,373.466233121048,15.288,1.0,2.729004368802884,0.0726187495590681,-1.0047978853955838e-06,-0.0173555865530059,2.3653177306715e-05,0.0011368375589298,0.0985249339163086,20.01489551422725,24.708154287685,0.5523313343132549
20.13,31.22120709982805,131.01298706561954,12.62793119298644,0.1060310534566432,0.0003636008087702,0.0314099472702518,-0.0011127426507462,-0.5568741066097548,0.0,24.70802889882024,3.0046953835514185,-89.4463253850907,179.3495704663827,294.44389188258003,373.47299404889566,15.288,1.0,2.7202309438810377,0.0726183429812561,-1.0058257600201575e-06,-0.0174251824058773,2.39047088154996e-05,0.0011414201462159,0.1060316768823301,20.01499167659456,24.70808601310172,0.5577603370589731
20.14,31.22120720201953,131.0129867765391,12.380868061573176,0.1137273759737349,0.0003714474406128,0.031330123545866,-0.0011234651898929,-0.5625190695722379,0.0,24.707961598123912,3.0034163388029254,-89.43632338477866,179.3625110305727,294.4309499745438,373.4798204010568,15.288,1.0,2.711320469845925,0.072617942766796,-1.006869464011256e-06,-0.0175005990573535,2.416200230519069e-05,0.0011463843186514,0.1137279825701421,20.015090229408305,24.70801994495144,0.5633919971457247
20.15,31.221207304164416,131.01298648758367,12.133806499983605,0.1216693873520377,0.0003796596206493,0.0312630593773751,-0.0011344565242487,-0.5683855220194473,0.0,24.707896862663407,3.002099145620776,-89.42627660694423,179.3750639360271,294.4183957214978,373.486724320069,15.288,1.0,2.7022466500048603,0.0726175500957381,-1.0079304626762803e-06,-0.0175819931227524,2.442528261768265e-05,0.0011517403796524,0.1216699796990801,20.01519150359122,24.70795649945716,0.569245788315169
20.16,31.22120740626129,131.0129861987571,11.886746523132624,0.1298221738800593,0.0003881825832874,0.0312091036464173,-0.001145708627189,-0.574468886843836,0.0,24.707834638829244,3.0007431211273508,-89.41617998573486,179.38724987281398,294.40620843752,373.4937041895873,15.288,1.0,2.6930223636878567,0.0726171648104704,-1.009010259058702e-06,-0.0176695335790373,2.469479627012813e-05,0.0011574994225469,0.1298227542296105,20.01529554754869,24.70789561440684,0.5753171497098511
20.17,31.221207508308744,131.01298591006304,11.639688140964395,0.138179054634044,0.0003970075842388,0.0311684902589325,-0.0011572257703888,-0.5807721087130298,0.0,24.707775030693604,2.9993475965863667,-89.40603317392333,179.39908936152833,294.39436759308035,373.50076316049433,15.288,1.0,2.6836482828350867,0.0726167872168112,-1.0101103687730863e-06,-0.0177633867536997,2.4970786977798683e-05,0.0011636723756583,0.1381796249582305,20.015402477613,24.70783739249911,0.5816090234990204
20.18,31.22120761030532,131.0129856215054,11.392631369388036,0.1468120145336912,0.0004062540794468,0.0311411950151036,-0.0011690470240111,-0.587319465043487,0.0,24.70771856956992,2.997911851210052,-89.39583089713217,179.4106003429727,294.38285525147063,373.50791730110143,15.288,1.0,2.6740910628203465,0.0726164188762479,-1.0112323740994828e-06,-0.0178637278879341,2.525351453882457e-05,0.0011702707727815,0.1468125766161503,20.01551276832054,24.70778238381149,0.5881456407361026
20.19,31.221207712249576,131.01298533308807,11.14557621934192,0.1556714198608225,0.0004158433520089,0.0311276427185165,-0.001181158942618,-0.5941029865993817,0.0,24.707665126866736,2.9964351133437512,-89.38556781975606,179.4217995633759,294.37165467073225,373.51516272922896,15.288,1.0,2.66436971358658,0.0726160594107798,-1.012377900011593e-06,-0.0179707463020575,2.554326323542205e-05,0.0011773070404824,0.1556719752763023,20.01562640907511,24.70773044738772,0.5949190566488557
20.2,31.22120781414001,131.01298504481505,10.898522703752768,0.1647919360627403,0.0004258340633969,0.0311279311287261,-0.0011935848434549,-0.6011372386319914,0.0,24.70761506897201,2.99491662565446,-89.37524322396372,179.4327039000395,294.3607489643259,373.5225105280592,15.288,1.0,2.6544668528827886,0.0726157098971613,-1.0135485881875502e-06,-0.0180846276384299,2.584031287912125e-05,0.0011847933893503,0.1647924862517618,20.01574374724365,24.70768195883027,0.6019438116728414
20.21,31.221207915975096,131.01298475669034,10.651470837535616,0.1741901619199541,0.0004362554432423,0.0311422661957944,-0.0012063410403013,-0.6084324700661616,0.0,24.70756865925989,2.9933555345467817,-89.36485154498772,179.44332796702352,294.3501235224007,373.5299686672843,15.288,1.0,2.644372749701699,0.0726153711093723,-1.014746153416723e-06,-0.0182055781098423,2.6144978364694048e-05,0.0011927433745335,0.1741907082152197,20.01586509636387,24.70763718610467,0.6092301425843323
20.22,31.221208017753263,131.01298446871812,10.404420632623063,0.1838619184895811,0.0004471028713055,0.0311709098146127,-0.0012194347592678,-0.6159933288851795,0.0,24.70752604649332,2.991751004800024,-89.35438712586468,179.45368544485947,294.33976466885144,373.53754165170943,15.288,1.0,2.6340866012105297,0.0726150434845471,-1.015972359482431e-06,-0.0183338019204167,2.645757285426117e-05,0.0012011704159234,0.1838624621047019,20.015990679093303,24.707596277248115,0.6167826958263727
20.23,31.221208119472934,131.01298418090263,10.157372101941933,0.1938367910169717,0.0004584267528444,0.0312140274087735,-0.0012328888814658,-0.6238340506820022,0.0,24.70748761699684,2.990102105601865,-89.34384886176177,179.46379037178912,294.32965835582456,373.54524116995606,15.288,1.0,2.6235928899968384,0.0726147281580005,-1.0172289919423383e-06,-0.0184695238965963,2.677844463685421e-05,0.0012100892979945,0.1938373331061247,20.01612091260633,24.707559626502785,0.6246156884936405
20.24,31.22120822113249,131.01298389324816,9.910325256430708,0.2041145111359682,0.0004702288525956,0.0312718848976266,-0.0012467133001981,-0.6319608776288553,0.0,24.7074535673535,2.9884079150805225,-89.33323083838198,179.47365475657753,294.31979257890634,373.5530731742813,15.288,1.0,2.612888931022967,0.0726144257073913,-1.0185179181992836e-06,-0.0186129684765718,2.710794292285501e-05,0.0012195147727615,0.2041150527771193,20.016256083895463,24.70752743072894,0.6327353601092137
20.25,31.22120832273028,131.01298360575913,9.663280113987048,0.2147178132734997,0.0004825484234334,0.0313446821828924,-0.0012609286707936,-0.6403866365616278,0.0,24.707424254498527,2.9866674320323447,-89.32252701936825,179.48328986571596,294.3101560762267,373.56104846631393,15.288,1.0,2.601961982218626,0.0726141371816422,-1.0198410607338872e-06,-0.0187643759312453,2.744644425912252e-05,0.0012294626397355,0.2147183555013667,20.01639664713604,24.70750005302763,0.6411545237530293
20.26,31.2212084242646,131.01298331844004,9.416236684555347,0.2256867148105956,0.0004954528826285,0.0314325687689319,-0.0012755640458936,-0.6491292874163634,0.0,24.707400195393262,2.984879593211404,-89.31173588427582,179.49270750360296,294.3007370333215,373.56918268791645,15.288,1.0,2.5907917186314435,0.0726138640999717,-1.0212003717555062e-06,-0.0189240055634075,2.7794357709537672e-05,0.0012399499560521,0.2256872586437952,20.01654321293236,24.707478020950077,0.6498911179764842
20.27,31.22120852573372,131.0129830312955,9.169194980068356,0.2369990829727752,0.0005089083817276,0.0315359563110867,-0.0012906218420717,-0.6581904241253982,0.0,24.707381483856786,2.983043281537161,-89.30085109993257,179.5019176162805,294.2915255086767,373.57747868658487,15.288,1.0,2.5793845045284582,0.0726136067379897,-1.022597896103102e-06,-0.0190921278810414,2.815211213312013e-05,0.0012509944947155,0.236999629359801,20.016696002378488,24.707461422998453,0.658946747966454
20.28,31.22120862713585,131.01298274433023,8.922155014447144,0.2487169080053313,0.0005230181469859,0.0316549227649786,-0.0013061417900212,-0.6675945191205696,0.0,24.70736881388631,2.981157330874117,-89.2898661693362,179.51092955826726,294.2825121526274,373.58595746003766,15.288,1.0,2.5677103057990784,0.0726133671351891,-1.0240357451979688e-06,-0.0192690249516936,2.8520156735169742e-05,0.0012626148193567,0.2487174579201863,20.016855898022506,24.70745096938472,0.6683458551539442
20.29,31.22120872846921,131.0129824575491,8.675116801612862,0.2608234990718678,0.0005377572012687,0.0317898844409936,-0.0013221301217796,-0.6773454683307489,0.0,24.70736237013092,2.97922049876303,-89.27877910893012,179.5197533656474,294.2736869184768,373.5946246047032,15.288,1.0,2.555772868221096,0.0726131458341002,-1.0255160688449363e-06,-0.019454998947882,2.8898974960080967e-05,0.0012748307885734,0.2608240534337459,20.017023211290844,24.707446840834564,0.6780923449273205
20.3,31.22120882973192,131.01298217095703,8.428080353498345,0.2733787525194179,0.0005532253600717,0.031940955591951,-0.0013386271942877,-0.6874680904367534,0.0,24.70736289483272,2.9772314828407382,-89.26758307956757,179.52839733767263,294.26504151171787,373.60350258031457,15.288,1.0,2.5435427746043704,0.0726129450159733,-1.0270411221177168e-06,-0.0196503660810751,2.92890746364492e-05,0.0012876632130829,0.2733793122849897,20.017198949154444,24.707449795269067,0.688211008292986
20.31,31.221208930922064,131.0129818845591,8.181045683030582,0.2863793851890658,0.0005694194944294,0.0321085463413425,-0.0013556467996172,-0.6979708842724199,0.0,24.707370693760748,2.975188881389424,-89.25627103311737,179.53686929561087,294.2565681162127,373.6126006488496,15.288,1.0,2.531017675367123,0.0726127655792745,-1.028613239600482e-06,-0.0198554665614591,2.9691004172517967e-05,0.0013011344577662,0.2863799512827472,20.01738364481857,24.70746013796577,0.6987103490133971
20.32,31.221209032037663,131.0129815983606,7.93401280313663,0.2998804364896281,0.0005864315035391,0.0322928206822349,-0.0013732290112483,-0.7088784582846122,0.0,24.707386564817163,2.973091234434684,-89.24483992838172,179.54517772702096,294.24825823501385,373.6219429572692,15.288,1.0,2.5181699168985032,0.0726126098687923,-1.0302348104313614e-06,-0.0200706578549166,3.0105341531551216e-05,0.0013152680484112,0.2998810098818655,20.017578417796923,24.70747868126233,0.7096149523829813
20.33,31.221209133076723,131.01298131236683,7.686981727737731,0.3138955248090109,0.0006042857943807,0.0324941641010042,-0.001391397037838,-0.7202050557941057,0.0,24.70741100687436,2.970936957297948,-89.23328283608714,179.55332974624548,294.2401047569856,373.6315446111109,15.288,1.0,2.5049894968342787,0.0726124793504719,-1.0319083388706025e-06,-0.0202963260498766,3.0532712773407095e-05,0.0013300893757944,0.3138961064627421,20.017784096030947,24.70750592786497,0.7209390605853804
20.34,31.22120923403765,131.01298102658205,7.439952469760963,0.2971814849855081,0.0005720793732853,0.0328269395936833,-0.001396077614225,-0.7233117116109732,0.0,24.7071879420444,2.9687658024500734,-89.2215952991315,179.56133123768595,294.2321017974255,373.63366052951847,15.288,1.0,2.5049894968342787,0.0726116214402643,-1.0336356995251127e-06,-0.0205220646918244,3.0956161563988255e-05,0.0013449025784672,0.2971820356117128,20.017673576850743,24.707277804062212,0.7240575869013376
20.35,31.221209334920847,131.01298074100518,7.192925038156837,0.2803998242743456,0.0005397725189413,0.0331229185212558,-0.0014001493377673,-0.7260997584345009,0.0,24.70696449996291,2.9666198387895006,-89.20978176921382,179.56918179737852,294.2242497605594,373.6357648746729,15.288,1.0,2.5049894968342787,0.0726107624281854,-1.0354148021366147e-06,-0.0207347826287496,3.1354370867584525e-05,0.0013588628773302,0.2804003438037705,20.017575716763115,24.707049287231914,0.7268562081651188
20.36,31.22120943572723,131.01298045563385,6.945899445852476,0.2635569735858969,0.0005073777863604,0.0333823530582129,-0.0014036117651823,-0.7285685431780352,0.0,24.70674067200809,2.964498616921473,-89.19784971804152,179.57687941954643,294.2165506526156,373.63785738480846,15.288,1.0,2.5049894968342787,0.0726099022889173,-1.0372421987317771e-06,-0.0209344361051659,3.172728967367623e-05,0.0013719673661101,0.2635574619621888,20.01749077921957,24.7068203707244,0.7293342674866272
20.37,31.221209536457646,131.01298017046565,6.698875700804235,0.2466603320556624,0.0004749092929572,0.0336055171648313,-0.0014064651664674,-0.7307178080309112,0.0,24.70651645874239,2.962402094881327,-89.18580664099322,179.584422620413,294.2090059578281,373.6399380761751,15.288,1.0,2.5049894968342787,0.0726090410241277,-1.0391144388099583e-06,-0.0211209870174662,3.2074877789949144e-05,0.001384213509352,0.2466607892375822,20.01741901362761,24.70659105731968,0.7314915063769912
20.38,31.221209637113017,131.01297988549814,6.451853814945142,0.2297173029468033,0.0004423811458631,0.0337927030396362,-0.0014087100745374,-0.7325474341533497,0.0,24.706291860752334,2.960330223704997,-89.17366005382854,179.59181039180348,294.20161668483127,373.6420069655524,15.288,1.0,2.5049894968342787,0.07260817863556,-1.041028070698102e-06,-0.0212944029899046,3.239710594831412e-05,0.001395599146932,0.2297177289037078,20.01736064588787,24.70636134982023,0.7333278083691189
20.39,31.221209737694227,131.01297960072907,6.204833797225764,0.2127352904261481,0.0004098074367307,0.0339442204518824,-0.0014103472845597,-0.734057441418068,0.0,24.7060668786482,2.958282947454248,-89.16141748940998,179.59904215733854,294.1943834104696,373.6440640704792,15.288,1.0,2.5049894968342787,0.0726073151250262,-1.0429796429118029e-06,-0.0214546573739997,3.269395578553762e-05,0.0014061224940465,0.2127356851453241,20.017315878160584,24.706131251049836,0.7348431985687758
20.4,31.221209838202167,131.012979316156,5.957815658585003,0.1957216963486015,0.000377202235163,0.0340603960682688,-0.0014113778527805,-0.7352479880918839,0.0,24.70584151306424,2.9562602032450664,-89.14908649441699,179.60611773119916,294.18730632102813,373.64610940938303,15.288,1.0,2.5049894968342787,0.0726064504944051,-1.0449657055206895e-06,-0.0216017292454392,3.296541981903209e-05,0.0014157821410374,0.195722059825692,20.01728488867159,24.705900763852785,0.7360378431581719
20.41,31.22120993863771,131.01297903177655,5.710799407973478,0.1786839170498752,0.0003445795825465,0.0341415727854313,-0.0014118030953542,-0.7361193704570498,0.0,24.70561576465872,2.9542619212787047,-89.13667462607478,179.6130372794831,294.1803852508808,373.6481430012177,15.288,1.0,2.5049894968342787,0.0726055847456509,-1.0469828115168857e-06,-0.0217356033984962,3.321150141816996e-05,0.0014245770530524,0.1786842492967467,20.01726783156196,24.70566989109297,0.7369120488513716
20.42,31.22121003900176,131.01297874758845,5.463785056330129,0.1616293401503757,0.0003119534866244,0.034188109039935,-0.0014116245872354,-0.7366720223730917,0.0,24.70538963411332,2.9522880248757257,-89.1241894488526,179.61980128404443,294.1736197186464,373.6501648657272,15.288,1.0,2.5049894968342787,0.0726047178807845,-1.049027518186734e-06,-0.0218562703379613,3.343221477077322e-05,0.0014325065695444,0.1616296411914503,20.017264836780445,24.705438635652413,0.7374662623001562
20.43,31.22121013929516,131.0129784635893,5.216772611611433,0.1445653413715609,0.0002793379147906,0.0342003781188868,-0.0014108441606336,-0.7369065147792865,0.0,24.70516312213377,2.950338430513308,-89.11163853122058,179.62641050884233,294.1670089608427,373.65217502350725,15.288,1.0,2.5049894968342787,0.0726038499018946,-1.051096388484468e-06,-0.0219637262686051,3.3627584845250064e-05,0.0014395704036083,0.1445656112488941,20.017276010016605,24.705207000430818,0.7377010694508144
20.44,31.221210239518808,131.01297817977678,4.969762086744732,0.1274992813650765,0.0002467467885594,0.034178767477419,-0.0014094639036391,-0.736823555137689,0.0,24.70493622944928,2.9484130478650927,-89.09902944237258,179.63286596864967,294.16055196317524,373.65417349566167,15.288,1.0,2.5049894968342787,0.0726029808111438,-1.0531859924078205e-06,-0.0220579730821777,3.379764734774441e-05,0.0014457686411548,0.1274995201271219,20.0173014326778,24.704974988344198,0.7376171948514447
20.45,31.221210339673583,131.01297789614853,4.722753489686545,0.1104385025572499,0.0002141939775711,0.034123678037176,-0.0014074861586168,-0.736423986817541,0.0,24.70470895681253,2.946511779844204,-89.08636974895983,179.63916890005018,294.1542474895414,373.6561603040888,15.288,1.0,2.5049894968342787,0.0726021106107616,-1.0552929083749863e-06,-0.0221390183419595,3.394244867528662e-05,0.0014511017399256,0.110438710270039,20.017341161907478,24.70474260232385,0.7372155009088681
20.46,31.22121043976036,131.01297761270223,4.475746828393401,0.0933903260097501,0.0001816932937294,0.0340355234889343,-0.0014049135205316,-0.7357087884210786,0.0,24.704481304999685,2.944634522649144,-89.07366701186771,179.64532073467134,294.1480941087977,373.6581354715598,15.288,1.0,2.5049894968342787,0.0726012393030428,-1.0574137246015616e-06,-0.0222068752648764,3.40620458639662e-05,0.0014555705283481,0.0933905027559211,20.01739523064519,24.704509845315524,0.7364969870957908
20.47,31.221210539779968,131.01297732943567,4.228742115792715,0.0763620482968201,0.0001492584848836,0.0339147296097403,-0.0014017488349998,-0.7346790730509105,0.0,24.704253274810263,2.942781165812161,-89.06092878295753,179.6513230744685,294.14209021947295,373.66009902123136,15.288,1.0,2.5049894968342787,0.0726003668903582,-1.0595450404781616e-06,-0.0222615627011916,3.415650653280681e-05,0.0014591762042291,0.0763621941714812,20.01746364772775,24.704276720278244,0.7354627891084927
20.48,31.221210639733307,131.01297704634646,3.981739358846892,0.0593609384027367,0.0001169032299059,0.0337617335495348,-0.0013979951966257,-0.7333360875200405,0.0,24.70402486706676,2.9409515922510003,-89.0481626018558,179.6571776690175,294.1362340724784,373.6620509773617,15.288,1.0,2.5049894968342787,0.072599493375137,-1.0616834679468115e-06,-0.022303105111791,3.4225908823106925e-05,0.0014619203332951,0.0593610535181911,20.017546398032785,24.70404323018317,0.7341141779737265
20.49,31.2212107396212,131.01297676343236,3.7347385675008615,0.042394234638898,8.46411324720201e-05,0.0335769831605897,-0.0013936559468558,-0.7316812115043487,0.0,24.70379608261481,2.9391456783233534,-89.0353759927424,179.66288639468598,294.1305237919347,373.6639913644653,15.288,1.0,2.5049894968342787,0.0725986187598864,-1.0638256328762891e-06,-0.022331532543078,3.427034133360076e-05,0.0014638048475691,0.0423943191310025,20.017643442661303,24.70380937801281,0.7324525591077802
20.5,31.22121083944452,131.0129764806911,3.487739750705421,0.02546914158151,5.248571529957872e-05,0.0333609362847451,-0.0013887346718597,-0.729715956638016,0.0,24.703566922322977,2.937363293883573,-89.02257646115635,179.668451235558,294.1249573942464,373.66592020819775,15.288,1.0,2.5049894968342787,0.0725977430471706,-1.06596817643541e-06,-0.0223468805994946,3.4289903051201834e-05,0.0014648320435992,0.0254691956604387,20.017754719160813,24.703575166759855,0.7304794713240875
20.51,31.221210939204106,131.01297619812036,3.2407429164171946,0.0085928270329166,2.045041446763271e-05,0.0331140600882715,-0.0013832352002869,-0.7274419655527122,0.0,24.703337387082577,2.9356043023426754,-89.00977149080781,179.67387426602,294.1195328055188,373.6678375345821,15.288,1.0,2.5049894968342787,0.0725968662396286,-1.0681077564638104e-06,-0.0223491904136871,3.428470327722936e-05,0.0014650045805256,0.0085928513893924,20.01788014178775,24.70334059942617,0.7281965857942088
20.52,31.221211038900783,131.01297591571793,2.99374807557536,-0.0082275809937754,-1.145142580096562e-05,0.0328368303692178,-0.0013771616010469,-0.724861010860752,0.0,24.70310747780742,2.9338685607306445,-88.99696854043384,179.67915763489555,294.11424787741777,373.66974337048543,15.288,1.0,2.5049894968342787,0.0725959883399611,-1.0702410488393785e-06,-0.0223385086143361,3.4254861549465526e-05,0.0014643254779987,0.0082275889480604,20.018019601809318,24.703105679021665,0.7256057049588595
20.53,31.221211138535423,131.01297563348157,2.746755240113296,-0.024984997263789,-4.320655891427242e-05,0.0325297308897982,-0.0013705181808328,-0.7219749940831243,0.0,24.70287719543385,2.9321559197619225,-88.98417504064734,179.68430355103368,294.10910040158706,373.6716377433767,15.288,1.0,2.5049894968342787,0.0725951093509374,-1.0723647488416235e-06,-0.0223148872916715,3.420050756028113e-05,0.0014627981139432,0.0249850346255315,20.01817296784227,24.702870408563445,0.7227087613922872
20.54,31.221211238108832,131.01297535140912,2.499764411028455,-0.0416723822852983,-7.480184155449068e-05,0.0321932527035264,-0.0013633094815567,-0.7187859445222196,0.0,24.702646540920387,2.930466223902673,-88.97139839081845,179.68931427021806,294.1040881227341,373.6735206815613,15.288,1.0,2.5049894968342787,0.0725942292753878,-1.0744755725106429e-06,-0.0222783839606924,3.4121781070182864e-05,0.0014604262221729,0.041672449420668,20.018340086229397,24.70263479107459,0.719507816618468
20.55,31.22121133762184,131.0129750694983,2.2527756032367874,-0.0582827452442311,-0.000106224238828,0.0318278935064697,-0.0013555402777875,-0.7152960180809051,0.0,24.7024155152477,2.9287993114415367,-88.95864595597912,179.69419208335268,294.09920875044725,373.6753922138138,15.288,1.0,2.5049894968342787,0.0725933481162126,-1.0765702580005848e-06,-0.0222290615221158,3.4018831817229e-05,0.0014572138898538,0.058282842045503,20.01852078145238,24.702398829583284,0.7160050598821928
20.56,31.22121143707528,131.01297478774697,2.005788823700833,-0.0748091469109954,-0.0001374608294042,0.0314341569807311,-0.0013472155741031,-0.7115074960278142,0.0,24.70218411941828,2.927155014562608,-88.94592506373843,179.69893930577135,294.0944599698841,373.6772523696519,15.288,1.0,2.5049894968342787,0.0725924658763742,-1.078645566927178e-06,-0.0221669882210776,3.389181942293184e-05,0.0014531655548223,0.074809273200988,20.018714856580026,24.70216252712169,0.7122028068736197
20.57,31.22121153646996,131.01297450615297,1.7588040803773513,-0.0912447025181739,-0.0001684988116607,0.0310125521563066,-0.0013383406020571,-0.7074227837094101,0.0,24.701952354456512,2.925533159420457,-88.93324300123612,179.70355826763748,294.0898394513732,373.6791011792994,15.288,1.0,2.5049894968342787,0.0725915825588983,-1.0806982857084744e-06,-0.0220922376036079,3.374091329341022e-05,0.0014482860027559,0.0912448580967823,20.01892209375019,24.70192588672507,0.708103498408238
20.58,31.22121163580666,131.0129742247141,1.5118213832114566,-0.1075825846051783,-0.0001993255076476,0.0305635927846226,-0.0013289208175992,-0.7030444092102572,0.0,24.70172022140805,2.9239335662184622,-88.92060701212644,179.708051305316,294.08534485903976,373.68093867362455,15.288,1.0,2.5049894968342787,0.0725906981668733,-1.0827252268980945e-06,-0.0220048884709092,3.356629251712854e-05,0.0014425803641995,0.1075827692559873,20.019142254686773,24.701688911430523,0.7037096990636432
20.59,31.22121173508621,131.01297394342825,1.2648407391657583,-0.1238160258318907,-0.000229928369421,0.030087796722998,-0.0013189618977672,-0.6983750219614279,0.0,24.701487721340065,2.922356049288868,-88.90802429355546,179.71242075364404,294.08097385853705,373.6827648841112,15.288,1.0,2.5049894968342787,0.0725898127034516,-1.084723230510438e-06,-0.0219050248314603,3.336814575848858e-05,0.0014360541114487,0.1238162393214999,20.019375081246547,24.70145160427625,0.6990240957733553
20.6,31.22121182964772,131.01297367482243,1.019958140445502,-1.112050043992891,-0.0007805548367169,-434.2475398746128,-0.0436875817714432,32.578478838879,0.0,23.30490274402951,2.4167852954879367,-89.10477848007449,179.64147556485483,294.15197061758386,332.6301765216878,15.288,1.0,2.5049894968342787,0.0684855046688223,0.0005609882326002,2.2983839997198627,-0.0013645315136916,-0.1421621683578857,1.1120503178970569,21.1429513605002,23.304780134762478,435.4678921335229
20.61,31.22121190918885,131.01297344818815,0.807076420652985,-0.1366914178998738,-0.0099187268047298,-364.0450804647772,0.0851552823666938,51.38117032856805,0.0,19.38591775840258,2.271901825581113,-89.44776096177766,0.5354163994241578,113.25861797044531,230.16997180891343,15.288,1.0,2.5049894968342787,0.056968749789711,-0.0013882764724476,2.827448467162418,-0.0061833937711999,-0.1454802687852914,0.1370508105857856,24.893730866475185,19.384359728447222,367.6531687968452
20.62,31.221211985458293,131.01297323288208,0.6300300784039571,1.2147378377853286,0.0038426783058924,-306.01825619217965,0.0053630991083693,43.932563989392925,0.0,16.128869252117852,2.19296531915973,-87.67675940313461,0.1724322674430126,113.62182682680069,159.32765239556778,15.288,1.0,2.5049894968342787,0.0473972753529016,0.0077708993189402,3.4895886119494826,-0.0012693524078283,-0.1493855411559223,1.2147439147867616,29.188670993073757,16.129472858614193,309.15569431978355
20.63,31.221212060045904,131.01297302401193,0.4826843714799074,2.979222111537162,-0.0105034531756898,-257.36149523789425,0.1439928376377155,39.37860226253764,0.0,13.43544736368738,2.137433536065497,-85.45313735189875,0.1159348525077648,113.68202905446005,110.5589031824978,15.288,1.0,2.5049894968342787,0.039482156493266,-0.0226452868077791,4.435354648086587,-0.0080611047645439,-0.158167423142748,2.9792406101145,33.92189091783928,13.43379748512992,260.35674425905137
20.64,31.22121213314915,131.0129728208606,0.3597772689103479,5.112778506549317,-0.0068162828197621,-215.2902617423917,-0.0636760297664796,37.02657256902576,0.0,11.238138977276517,2.0560560786852013,-82.59780726115005,0.0996958932424602,113.69876130579192,77.35410746570129,15.288,1.0,2.5049894968342787,0.0330249774858481,-0.0349080253322243,5.741929023146228,-0.0093881940428937,-0.1712749694548575,5.112783038165886,38.96630239244971,11.237068278077476,218.4510653028582
20.65,31.22121220273865,131.01297262814816,0.2565821276594569,7.531514126421999,-0.055863014150358,-176.33682394542268,6.209053832703887,35.296428166832065,0.0,9.502924868037526,1.9136546613627183,-78.9007936961567,0.127439322108531,113.71528175771964,55.311250383316654,15.288,1.0,2.5049894968342787,0.0279257548931344,-0.4614661841160431,7.392571584416402,-0.0238856594461743,-0.1864656405076524,7.531720103536646,43.9071258649511,9.49414992768468,179.94183968714097
20.66,31.22121226639169,131.0129724536932,0.1685964996966642,9.853430180628363,-0.2040739015023733,-137.14319991122437,10.761948567175788,35.74477892528498,0.0,8.232062838666337,1.652477619719101,-74.20046363034491,-0.0900633960980072,113.69824964392944,41.506862596989606,15.288,1.0,2.5049894968342787,0.0241911142257494,-1.5797065286032257,9.231821885310282,-0.0033812448428445,-0.2017185070533696,9.855522365828564,48.11825710490291,8.200007052956366,142.13291680420159
