Time,Latitude,Longitude,Altitude,Angle of Attack,Angle of Sideslip,X-Acceleration,Y-Acceleration,Z-Acceleration,Thrust,True Velocity,Ground Velocity,Pitch,Roll,Yaw,Dynamic Pressure,cp,parachute_deploy_gain,Wind Speed,Mach,omega_x,omega_y,omega_z,Cmq,Angle of Attack(total),Angle of Attack(gust),True Velocity(gust),Acceleration
0.0,31.222216000000007,131.010392,3.000000004412624,0.0,0.0,0.0,0.0,0.0,2.2828121974499247,0.0,0.0,71.99999999612658,-1.0292491154817412e-14,119.99999999354436,0.0,15.288,0.0,0.0,0.0,0.0,0.0,0.0,-0.0,0.0,90.0,0.0,0.0
0.01,31.22221599999862,131.01039200000284,3.0000009727369523,0.0,0.0,0.0,0.0,0.0,34.24218696174923,5.916279387578309e-11,5.734623670548936e-11,71.99999999613168,-5.86671995824671e-13,119.9999999935449,2.1432944861733093e-21,15.288,0.0,0.0,1.7386402909615473e-13,-3.4220131069073734e-19,7.115076756936125e-19,5.488773498207866e-19,-1.1574302492039043e-31,0.0,89.99999999962336,5.916279387578309e-11,0.0
0.02,31.22221599999738,131.01039200000537,3.0000018317022668,0.0,0.0,0.0,0.0,0.0,25.871876237766408,1.2265415415436536e-10,1.1895038237325684e-10,71.9999999961369,-1.1836364828043265e-12,119.99999999354544,9.211895886571454e-21,15.288,0.0,0.0,3.6044858651615574e-13,-6.979551485375437e-19,1.4162390878091906e-18,1.0909784360635388e-18,-4.776231873571785e-31,0.0,89.99999999921916,1.2265415415436536e-10,0.0
0.03,31.22221599921969,131.01039200159065,3.0001883335529382,18.80143492628821,-0.0001350810307892,10.931161642028636,-1.75114298675875e-05,3.026590975169265,180.34219359854663,0.0798232026864394,0.0478175828508887,71.99999999765336,-5.341802909786072e-12,119.99999999436793,0.0039016003969354,15.288,0.0,0.0,0.0002345795854893,3.788270153300133e-17,-7.771883375645477e-10,1.1422790048099072e-11,1.7057759223764537e-13,18.80143492675591,89.51882325913425,0.079801984207741,11.342422482672777
0.04,31.222215995131297,131.01039200995308,3.001692634342189,9.19442604083399,-4.49173898918486e-05,52.29595764159784,6.445392950801871e-06,3.026413589912948,548.6359724538078,0.3504174083926908,0.1601447499964056,72.00000000319055,-3.111420077280171e-11,119.99999999870242,0.0751892535633216,15.288,0.0,0.0,0.0010297854387864,2.0082066977226968e-15,-1.520937588847922e-08,2.5623342884322286e-11,1.4654248781413086e-11,9.19442604094277,87.798916624545,0.3504103527855857,52.383455068075136
0.05,31.222215983575865,131.01039203366796,3.0074067499493786,5.158590039700252,1.707592688632746e-06,76.26884281015512,5.843947534199429e-05,3.0258124765658088,761.6984298824644,0.9592973585397016,0.3772700771701255,72.0000000004862,-1.3608731808076822e-10,120.0000000109612,0.5634958029902841,15.288,0.0,0.0,0.0028191251099456,2.086299069701397e-14,-1.0551247853743037e-07,3.973493515691201e-11,2.783064866637575e-10,5.158590039700515,83.94063169874748,0.959297626767734,76.32884071402438
0.06,31.222215961742712,131.0103920785344,3.019291017943491,4.109521257467909,3.140103977270004e-05,57.06876634333886,0.0001151069734147,3.024834864051463,590.4875390737208,1.6257536642597354,0.6118982818704327,71.99999992547217,-3.5903296759057166e-10,120.00000003412836,1.6184272268450337,15.288,0.0,0.0,0.0047776672697797,1.0694899894620088e-13,-3.741090980393931e-07,5.521401959501359e-11,1.6723176417636091e-09,4.109521257587776,79.78719176344794,1.6257585967235286,57.148873286519276
0.07,31.222215929936205,131.01039214392435,3.0371334573469446,3.649087515174788,5.707077112564807e-05,86.89643797254193,0.0001728541558773,3.0234947746384675,855.2937749779139,2.3057260079826607,0.8506307413593818,71.99999965378231,-6.907496536790437e-10,120.00000006788592,3.255354923652711,15.288,0.0,0.0,0.0067759305364855,3.495199904512709e-13,-9.036515915819006e-07,7.594816279105379e-11,5.728932851326001e-09,3.6490875156204896,75.6601668283889,2.305734972638426,86.94902215090157
0.08,31.222215886364623,131.01039223353447,3.0621840248716574,3.4254446680114707,8.413075603463509e-05,17.831756866644035,0.0002285946601282,3.021841001032126,241.2171988638848,2.961944911520492,1.0819695676346892,71.99999900671328,-1.141745983122182e-09,120.00000011415082,5.371998197385977,15.288,0.0,0.0,0.0087043901031071,8.800530155962314e-13,-1.829098470920821e-06,1.0943386634701918e-10,1.4896287129277132e-08,3.4254446690434226,71.81713637501419,2.9619581267487467,18.085991154451033
0.09,31.22221583454733,131.01039234010327,3.0919888289029,3.389560809024919,0.0001118726864415,54.09031716446879,0.0002748660999733,3.020060228038602,563.0937377043176,3.504225426410036,1.2780161667917422,71.99999774508822,-1.634190085504106e-09,120.00000016921716,7.519080503822694,15.288,0.0,0.0,0.0102980157586766,1.865782139518716e-12,-3.1503298654458527e-06,1.6284478329871028e-10,3.03536411425607e-08,3.389560810868955,68.76526501308032,3.504242999330529,54.17456206384468
0.1,31.22221577423132,131.0103924641528,3.1267248829165366,3.4447939461814814,0.0001419149103147,51.372195336549765,0.0003131602029306,3.0182021883815127,538.7437595981919,3.950569597142709,1.4443465951180965,71.99999562056465,-2.1287748602259068e-09,120.00000023339832,9.55649523509932,15.288,0.0,0.0,0.0116097108366932,3.485956000178229e-12,-4.949356763187612e-06,2.4573266549165286e-10,5.3761299442583966e-08,3.444793949101151,66.34639928474206,3.9505918890846927,51.460781166288626
0.11,31.222215706113143,131.01039260424562,3.165907002780892,3.4691423802630394,0.0001702373452339,40.591037561894986,0.0003534470100582,3.016051659024047,442.8656393052949,4.421478635995476,1.6182620895289603,71.99999235067894,-2.5564479031457968e-09,120.00000030601664,11.970509656144712,15.288,0.0,0.0,0.0129935974697161,5.942887149865172e-12,-7.273722517324353e-06,3.67769289312894e-10,8.842679949465076e-08,3.4691423844348632,63.88798785789768,4.421505376815134,40.70293476011277
0.12,31.222215630588888,131.0103927595646,3.2092596514826863,3.4852659299808075,0.0001974376474727,44.30042894095728,0.000394069215595,3.013641598889868,475.58594813540446,4.896982486381051,1.793579340340896,71.99998761802138,-2.8337988279882726e-09,120.00000038673312,14.683611096353944,15.288,0.0,0.0,0.0143909889875706,9.464337642181618e-12,-1.017558359402848e-05,5.395790443954697e-10,1.3700793350599625e-07,3.4852659355662303,61.5068242157714,4.897013499814194,44.40281567867803
0.13,31.222215548046687,131.0103929293088,3.256512891171917,3.5606043721293616,0.0002276507019012,48.86766833507025,0.0004268800875964,3.0112558910133567,515.9156326236895,5.278566579338586,1.939796541405244,71.99998107389406,-2.8573058577484587e-09,120.00000047523812,17.061052093156064,15.288,0.0,0.0,0.0155123760833565,1.4300406003001044e-11,-1.3705268062305584e-05,7.724776992181392e-10,1.989112774124932e-07,3.560604379397528,59.67313531776262,5.27860233862722,48.960358155653
0.14,31.222215458587108,131.01039311327068,3.30759734332425,3.6000732663755977,0.0002555702913645,45.540290862247225,0.0004629468001456,3.0085404980032777,486.2390860568404,5.70011779273801,2.098362647205908,71.99997235012626,-2.508533681468686e-09,120.00000057154703,19.894788765881632,15.288,0.0,0.0,0.0167512184495524,2.071534240530911e-11,-1.7917736259613292e-05,1.0787346240473087e-09,2.8081526258393346e-07,3.6000732754351943,57.72385750323359,5.700157937625502,45.639559681930805
0.15,31.222215362317904,131.01039331122794,3.3624387479639086,3.651605404442164,0.0002842753491325,44.01308509501,0.0004965057129938,3.005703619811542,472.54218587214,6.091938849578711,2.2476968067377374,71.99996103728932,-1.6446954747148112e-09,120.00000067569304,22.723773683610247,15.288,0.0,0.0,0.0179026934683374,2.9002783512213203e-11,-2.287326399669318e-05,1.47199345427166e-09,3.831202693354572e-07,3.651605415492516,55.98561718911576,6.091983503446133,44.115597174664394
0.16,31.22221525912812,131.01039352340948,3.421115382839859,3.67540086436193,0.0003108411545024,34.83804992586084,0.0005330990866742,3.002517946501868,391.1218908297564,6.521183188362317,2.4085903880902046,71.99994669525161,-1.0153513453738144e-10,120.00000078796704,26.03872642002185,15.288,0.0,0.0,0.019164148528834,3.9478358970291335e-11,-2.864207894220033e-05,1.9677461746207517e-09,5.135466997084602e-07,3.6754008774883777,54.15946979122355,6.521232015176687,34.96719658394182
0.17,31.2222151493826,131.01039374906244,3.4833737923187487,3.7139589864597298,0.0003384978477213,43.96471427482637,0.0005668629535037,2.999235483723449,471.78125980632376,6.916861975403744,2.559060925010733,71.99992884100092,2.3206494032971838e-09,120.0000009081849,29.29426197817256,15.288,0.0,0.0,0.0203269651395979,5.248754693205839e-11,-3.5267097947693114e-05,2.580363454062817e-09,6.706952682968329e-07,3.713959001863866,52.549031795895466,6.916915146521327,44.06689817851128
0.18,31.22221503253009,131.01039398932429,3.549599475912623,3.7380363034619775,0.0003650282082698,36.67395661481795,0.0006021794701355,2.9956556354306425,407.10156721191447,7.332140201215607,2.71556808256092,71.99990696207136,5.837017536380516e-09,120.00000103716444,32.917216366714264,15.288,0.0,0.0,0.0215473823438242,6.839750892601699e-11,-4.285557247677198e-05,3.331016495775474e-09,8.639362741436378e-07,3.738036321259578,50.93050624815799,7.332197539712479,36.796100973258795
0.19,31.22221490871209,131.01039424390297,3.619694897703461,3.747799769666444,0.0003901520189829,41.42208371271829,0.0006393759928961,2.991742733214697,448.9531328318269,7.771071983754382,2.879366399937307,71.99988049019642,1.0709144790974043e-08,120.00000117502664,36.97605053227239,15.288,0.0,0.0,0.0228373144884866,8.761416506509219e-11,-5.146771415177372e-05,4.238406957677133e-09,1.0996552116864756e-06,3.747799789945131,49.29705748437159,7.771133268690212,41.529983675580546
0.2,31.22221477769685,131.01039451327668,3.693822889232993,3.7700519460961166,0.0004166800650969,37.99697972290605,0.0006740224661302,2.987733789228414,418.51563019916136,8.179966026035371,3.0338260708461373,71.99984881140107,1.723179577184912e-08,120.0000013223286,40.969302182777255,15.288,0.0,0.0,0.024038975990988,1.1057590044953188e-10,-6.120032215177249e-05,5.3263847350253015e-09,1.376394225587184e-06,3.7700519690893857,47.8457752505109,8.180031477986942,38.11426270718793
0.21,31.222214639876928,131.01039479663547,3.771710975053407,3.7926098867321474,0.0004432924407074,36.46301043881366,0.0007080907240332,2.983530483977461,404.8187610144644,8.582757448615462,3.1863584283669346,71.99981127559042,2.5745201416596626e-08,120.00000147900325,45.103059028532826,15.288,0.0,0.0,0.0252227064089584,1.3774582723633048e-10,-7.20875523136271e-05,6.61341033873124e-09,1.7010673350603349e-06,3.792609912601061,46.47936953648762,8.582827080829217,36.584868250565684
0.22,31.22221449507626,131.01039509434258,3.8534832466471007,3.782921298925821,0.0004660920499522,44.14577847155813,0.0007479176313898,2.978724032883548,472.5421858721365,9.056569122268344,3.360845972992861,71.99976720416048,3.661811567390422e-08,120.00000164562512,50.21995530074818,15.288,0.0,0.0,0.0266151520780326,1.6960703048385348e-10,-8.421592474264931e-05,8.124635526119773e-09,2.0969540034515424e-06,3.7829213275976334,44.9464484092354,9.056642335836344,44.24615863872642
0.23,31.22221434283448,131.01039540734791,3.9394622486964206,3.813874679301352,0.0004940771488601,36.66675459308932,0.000779455230549,2.974212905336642,406.3406421461021,9.430647902846331,3.5044030163419806,71.99971583979395,5.0272885112871524e-08,120.00000182313076,54.45382429059888,15.288,0.0,0.0,0.0277145095638672,2.0669790509245914e-10,-9.77285871729516e-05,9.894576563683824e-09,2.5339062472561444e-06,3.813874711257219,43.79476959007253,9.430725512303388,36.78718303164376
0.24,31.222214184153326,131.01039573358457,4.028950821673608,3.829256049377765,0.0005200487408944,37.802126339316736,0.0008136255607606,2.9692962675112065,416.2328240017114,9.837806876534357,3.658163422426286,71.9996564062533,6.718950080713476e-08,120.0000020109434,59.25679777340223,15.288,0.0,0.0,0.0289110855155543,2.4956955046738006e-10,-0.0001125744417092,1.1934277804843484e-08,3.0448209172448607e-06,3.829256084638984,42.59361542722471,9.83788856559955,37.91856374864305
0.25,31.22221401888584,131.01039607335582,4.122052964664892,3.851417709838087,0.0005469594058717,38.85163035360012,0.0008459008130282,2.964283881833675,425.36408079150686,10.22297576958679,3.8050691648373967,71.99958811418384,8.786880969336211e-08,120.00000220974424,63.98709205399403,15.288,0.0,0.0,0.0300430411774988,2.987811646313829e-10,-0.0001288461362054,1.4273117985167728e-08,3.621333387698252e-06,3.8514177486178034,41.50703126619192,10.223061685769354,38.96455005232871
0.26,31.222213847358866,131.0103964259872,4.218542267117083,3.8780574625554745,0.0005745172425185,42.3164797140743,0.0008766626387865,2.959162938653076,455.8015834241788,10.590779679138215,3.946551912391076,71.99951013710364,1.1286401474734325e-07,120.00000241975916,68.67355887153568,15.288,0.0,0.0,0.0311239685467471,3.5491769188178554e-10,-0.0001465721578858,1.6932703957058654e-08,4.267712643344226e-06,3.8780575050466,40.51245375834074,10.590869924095635,42.41981967733593
0.27,31.22221366913008,131.0103967923915,4.318728802515264,3.886188503202341,0.0005994342651313,38.70936050721014,0.0009111181036949,2.953518013741325,423.84219965987256,11.004860953238978,4.102320296019413,71.99942161756776,1.4276417094868828e-07,120.0000026420792,74.14786134434608,15.288,0.0,0.0,0.0323408987462391,4.1858405402174807e-10,-0.0001658847815307,1.995072923688136e-08,5.018832267232506e-06,3.886188549362022,39.43841359495857,11.00495511215316,38.8218734782956
0.28,31.22221348431185,131.01039717233687,4.422535913956003,3.90556090261878,0.0006261175699806,44.68030766832924,0.0009425767186621,2.947879457547137,476.3468732012221,11.38358114165448,4.247086834352694,71.999321619057,1.7823531611327881e-07,120.000002877279,79.33831935330025,15.288,0.0,0.0,0.033453914386159,4.904408325040897e-10,-0.0001868529238516,2.3357766479368094e-08,5.847713054408178e-06,3.9055609527288775,38.49894431917428,11.383679491972384,44.77744842575601
0.29,31.222213292835256,131.0103975659655,4.530013412817602,3.9242599519377537,0.0006528240665589,35.802573724660256,0.0009737210635801,2.942037024315898,397.97031042211177,11.759725774384751,4.391004157029451,71.99920917567837,2.1999186079018322e-07,120.00000312617878,84.66717879828003,15.288,0.0,0.0,0.0345593650464213,5.711677680739745e-10,-0.0002095620322847,2.7188189988316943e-08,6.77505090435382e-06,3.9242600061534456,37.60352534239979,11.759828319749328,35.92324968749781
0.3,31.222213095024976,131.0103979726075,4.64093665799555,3.936939025755682,0.0006785438093183,33.570228713727204,0.0010059102294455,2.93586442972183,378.1859457108711,12.149968255527943,4.539237002744259,71.99908328532703,2.6880857935396905e-07,120.00000338923812,90.3787563598417,15.288,0.0,0.0,0.0357062504417728,6.614698865958865e-10,-0.0002340353597042,3.1467140861055e-08,7.817263716758327e-06,3.9369390841381695,36.71173884615234,12.150074840940263,33.698361337808635
0.31,31.22221289105846,131.01039839189684,4.755183729044857,3.9598342215431432,0.0007060286581592,35.396825578217346,0.0010350810412898,2.9297385597941448,394.1656220930212,12.504537499407316,4.6763673222047455,71.99894291513503,3.255120771695107e-07,120.00000366712923,95.72967338626896,15.288,0.0,0.0,0.0367483036680869,7.620720834468404e-10,-0.0002603234137215,3.622454560346964e-08,8.948994505138873e-06,3.9598342843844345,35.934338386209795,12.504648402129598,35.5178635353378
0.32,31.222212681031937,131.01039882363492,4.872689374180126,3.985461429033668,0.0007340760463279,38.52097867048992,0.0010630242168685,2.9235095146848846,421.55939346242695,12.84534566718622,4.809181081594425,71.99878701464397,3.909756427278764e-07,120.0000039606604,101.01782231644016,15.288,0.0,0.0,0.0377499198995686,8.737098716736534e-10,-0.0002884807530145,4.1491545539590986e-08,1.0187112828155184e-05,3.98546149652875,35.21473736963424,12.845460975581933,38.631757748577954
0.33,31.22221246496604,131.01039926777932,4.9934410812554,4.010606629086,0.0007621365968788,38.18822026147908,0.0010905599149574,2.917102431053817,418.5156301991682,13.18247167592885,4.940798912752974,71.99861449732019,4.661299779655886e-07,120.000004270781,106.38859400029033,15.288,0.0,0.0,0.0387407190563976,9.971421990244511e-10,-0.0003185760672934,4.7302669734505256e-08,1.154498667827874e-05,4.010606701382261,34.52805863348922,13.182591392065536,38.299473293007864
0.34,31.222212242662028,131.01039972474007,5.117579377337869,4.019339771238816,0.0007871574969313,29.898022638335373,0.0011220389395318,2.910051232417875,345.46563688075645,13.569536737955724,5.0878303926024735,71.99842423285973,5.519675040347761e-07,120.0000045987411,112.72655675097128,15.288,0.0,0.0,0.0398782837956187,1.1331556132162459e-09,-0.0003507224668667,5.37022358302301e-08,1.308298593306914e-05,4.019339848191799,33.76700548046532,13.5696603843662,30.039310197084795
0.35,31.22221201433324,131.01040019407705,5.2449575244483055,4.033762873683395,0.000813261106463,32.76415525156106,0.0011515840876071,2.902959820469776,370.5765700527033,13.934300103976534,5.227895396154902,71.99821502296155,6.495674834876441e-07,120.000004945438,118.8669740701126,15.288,0.0,0.0,0.040950312688979,1.2825853697215452e-09,-0.0003849609961885,6.072234695821837e-08,1.4746020857580124e-05,4.033762955530055,33.07785186209504,13.934427850732408,32.89250745069162
0.36,31.22221177990305,131.01040067594835,5.375631006350063,4.051723629010647,0.0008401329464575,37.01692984301412,0.0011797030485285,2.8957873473716007,407.8625232777193,14.282998147928636,5.362923567977223,71.9979856440668,7.600645476620651e-07,120.00000531213882,124.88900300695136,15.288,0.0,0.0,0.0419751331662584,1.4462801652534363e-09,-0.0004213876232777,6.84067806399068e-08,1.654507199147348e-05,4.051723715967022,32.44322602189087,14.283130115703262,37.13002398000203
0.37,31.222211539445663,131.01040117020102,5.509550188388412,4.071639898917391,0.0008674922629137,35.12417761390579,0.0012067983861697,2.88849906286036,391.1218908297666,14.620581431527652,5.494447309446232,71.99773482653193,8.846681943540367e-07,120.00000570002652,130.86067091914967,15.288,0.0,0.0,0.0429672939311924,1.6251202388969355e-09,-0.0004600660652957,7.679415042686734e-08,1.849041957573993e-05,4.071639991174516,31.85023865502424,14.620717696893658,35.24274792557624
0.38,31.222211292895075,131.01040167697127,5.646763233102716,4.08264881385344,0.0008930259828975,36.695642158537446,0.0012360471443664,2.880711738179021,404.8187610144602,14.986392916850402,5.634654729559426,71.99746126698146,1.0246533537040716e-06,120.0000061105033,137.4891296153862,15.288,0.0,0.0,0.0440424171304414,1.8200057922063743e-09,-0.0005010869196581,8.592980519823866e-08,2.0642694281337543e-05,4.082648911356968,31.228847973200924,14.986533193043764,36.808540518115166
0.39,31.22221104018777,131.0104021963902,5.787316652586672,4.096641430700089,0.0009192713382325,31.335681548387896,0.0012640110027448,2.872831219844713,357.64062493382744,15.337978856701952,5.770390286512262,71.99716358743511,1.1813915463769678e-06,120.00000654506955,144.01394309468844,15.288,0.0,0.0,0.0450757388736732,2.031886352449547e-09,-0.00054455673306,9.586443829735616e-08,2.295945663566148e-05,4.096641533664766,30.65298398882095,15.338123255506089,31.4670954954126
0.4,31.222210781536543,131.01040272801887,5.931064331106764,4.109028969993624,0.0009451871856381,29.95928076777898,0.0012920492774571,2.8646905607053603,345.465636880754,15.692185018814769,5.906873567965718,71.99684037970908,1.3563276523471372e-06,120.00000700500496,150.74021066990193,15.288,0.0,0.0,0.0461167659598875,2.2617341782092324e-09,-0.0005905037520737,1.0663253249436129e-07,2.5471259834659164e-05,4.1090290785164525,30.09246700352443,15.692333488470696,30.095929256306363
0.41,31.222210517064383,131.01040327160345,6.077922766619747,4.122888296344507,0.0009714525997821,33.78425365340317,0.0013192264430821,2.85640971467756,378.94687077668647,16.03742529732769,6.0405139809190125,71.99649020751959,1.5509747261474075e-06,120.0000074917568,157.44375780268788,15.288,0.0,0.0,0.0471314487675864,2.5105374204052982e-09,-0.0006389770219162,1.1827345344180344e-07,2.816813594418537e-05,4.122888410595805,29.56469007160549,16.037577892745222,33.904791300285986
0.42,31.22221024682894,131.0104038270252,6.227854084363214,4.14444025865494,0.0009995884754813,38.04468161607466,0.0013435485656724,2.8482703202464488,416.2328240017114,16.348862540904037,6.163613566771559,71.99611159893284,1.766920641656551e-06,120.00000800692096,163.6157044470786,15.288,0.0,0.0,0.0480467946810589,2.779304965995011e-09,-0.0006900467934588,1.308321832549104e-07,3.100973487310896e-05,4.144440378988911,29.104646754454564,16.34901955589459,38.15115260238947
0.43,31.222209970843565,131.0104043942566,6.380851271439565,4.1618082623168045,0.0010268052928652,33.45815353250911,0.0013687230309017,2.8397750580998298,375.9031395134336,16.67263197205097,6.290467308135904,71.99570306121484,2.005818691215035e-06,120.00000855220898,170.15779512382937,15.288,0.0,0.0,0.0489983878509763,3.0690566816849196e-09,-0.0007437862329608,1.443552931671376e-07,3.4086145072160934e-05,4.161808388761201,28.640125213458976,16.672793262249197,33.57845085853367
0.44,31.22220968892116,131.01040497368373,6.537047157143216,4.164954087655709,0.0010505545842624,30.86574023822051,0.0013980747538988,2.830419582421933,353.0750125389216,17.050421620730056,6.433992917638883,71.99526304125902,2.269416145406482e-06,120.00000912964636,177.9537948947602,15.288,0.0,0.0,0.050108743779844,3.380847125286677e-09,-0.0008003278134917,1.589055036683518e-07,3.750784460406397e-05,4.164954219916419,28.113519280259386,17.050586641458253,30.99524475496968
0.45,31.22220940081287,131.01040556582012,6.696617751072218,4.165241899529329,0.0010735835484822,35.912216710755274,0.0014280646808282,2.820677244966047,397.2093853562869,17.438293672974723,6.580571293039616,71.99478987454265,2.5595995397253085e-06,120.00000974147088,186.13940823302417,15.288,0.0,0.0,0.0512487363629523,3.7158016249566814e-09,-0.000859850913876,1.745604864109677e-07,4.121350642664912e-05,4.1652420376426775,27.591357195572936,17.43846231108416,36.02281959036367
0.46,31.222209106468902,131.0104061707686,6.859600379555308,4.174585124444534,0.0010989881252456,41.916816790010685,0.0014546917035209,2.811153314474766,449.7140588976434,17.786187321601275,6.714685486378061,71.99428180697711,2.8783880229668832e-06,120.0000103898448,193.6374175079873,15.288,0.0,0.0,0.0522712438446989,4.0751091178509895e-09,-0.0009224765531151,1.9138630415982226e-07,4.50966024037632e-05,4.1745852688465686,27.13985967570823,17.786359950252297,42.01097612387663
0.47,31.22220880579083,131.01040678873238,7.026066274755745,4.1823089530633855,0.0011240727220223,28.37640408484148,0.0014814747534716,2.801325368441072,331.0078106302534,18.138167428286582,6.849989708801916,71.99373704967608,3.2278903746588286e-06,120.00001107707628,201.37401505997488,15.288,0.0,0.0,0.0533057667609836,4.459978104761035e-09,-0.0009883252835099,2.094509673354327e-07,4.927107017839778e-05,4.182309103852639,26.69716826759888,18.13834399721685,28.514342615617974
0.48,31.222208499300592,131.0104074186346,7.195654207463586,4.189479568102716,0.0011490100608361,27.95074823096412,0.0015080719422187,2.7912412472910484,327.2031223011574,18.48995085190441,6.98515976370584,71.99315377257649,3.6103201777021456e-06,120.00001180491516,209.25751230436188,15.288,0.0,0.0,0.0543397174489847,4.8716620260348906e-09,-0.0010573190976925,2.2877013380347535e-07,5.373205427420879e-05,4.189479725385959,26.268461765425428,18.4901313379827,28.089773168283216
0.49,31.222208187201936,131.01040806005494,7.368224738812109,4.202723284133339,0.001175611380853,35.08821363242469,0.0015321405723077,2.781292092003844,389.60000969812296,18.812014261754847,7.111044804193205,71.99253015042137,4.027946338669921e-06,120.0000125755114,216.60722913930897,15.288,0.0,0.0,0.0552863302793499,5.311396446020465e-09,-0.0011294854492155,2.4938633613154685e-07,5.8398320167141767e-05,4.202723448262914,25.88860807032205,18.81219892635871,35.1982716047702
0.5,31.22220786953184,131.01040871291724,7.5437546994244835,4.220815778795054,0.0012036252596423,36.05491615971072,0.0015540388599792,2.7714444106710974,397.97031042210494,19.10875420627192,7.229005658018125,71.99186435180009,4.483102820610566e-06,120.00001339126192,223.4908652241728,15.288,0.0,0.0,0.0561585257949344,5.7804122391526605e-09,-0.0012048912160576,2.713531252030471e-07,6.327866493526626e-05,4.220815950099865,25.54902500917784,19.108943271285572,36.161276053538906
0.51,31.222207546379583,131.0104093770373,7.722184419225251,4.232567510615346,0.0012298790840397,27.54004661432325,0.0015777580800203,2.761017323676155,323.3984349720841,19.430597746636646,7.354673636736509,71.99115452520388,4.978202222778502e-06,120.00001425458936,231.07869697977367,15.288,0.0,0.0,0.0571045034845869,6.2799518101633574e-09,-0.0012835871653678,2.947201005874635e-07,6.854585242460463e-05,4.232567688976395,25.189423168613605,19.430790935591396,27.678103017910345
0.52,31.22220721770113,131.01041005212596,7.903559908602626,20.551401360641144,-16.884928542673098,34.066516431884125,1.4642508508947338,1.4076293040169998,372.0984511843415,24.456139850236365,7.475991715804143,71.99035005955929,-6.332507223364151e-05,119.9999427805458,366.06300680289326,15.288,0.0,10.057168034639412,0.0718741954809481,6.8229202593367204e-09,-0.0016642817663246,-0.0002360671392858,0.0001118605255398,26.363959008370305,19.67867511610348,21.842085376982155,34.127012652966044
0.53,31.22220688277187,131.01041073725497,8.088081414050903,20.350291793349705,-16.68713785366077,35.73581870433442,1.4977313320219123,1.363605743259712,386.5562464348624,24.78139120159725,7.593149482457649,71.98925814394342,-0.0008720645103203,119.99909272545624,375.8579118246223,15.288,0.0,10.095887955275652,0.0728302288912871,7.343971564632444e-09,-0.0022061479640217,-0.000733312304525,0.000150250081622,26.090624604995444,19.50983272445075,22.197081754682625,35.79317474372773
0.54,31.222206541394183,131.01041143250163,8.27582856704573,20.155172293785128,-16.49464631616996,31.484693725699664,1.5316316313797675,1.318958337380868,349.2703242098436,25.10526949874077,7.709436654284221,71.98785190347131,-0.002565962130282,119.997311898828,385.739644318476,15.288,0.0,10.134543595569117,0.0737822336784465,7.819308750050536e-09,-0.0027630365887394,-0.0012420499196852,0.0001906330036315,25.824931906619003,19.345357669487807,22.549937731515445,31.549508483510508
0.55,31.222206193858568,131.01041213721822,8.466596923357587,19.970352056488444,-16.310622585738372,33.328109426194445,1.5655966937907455,1.2741309188926728,365.2500005919907,25.422502827549767,7.823078530429042,71.98612281098904,-0.0051646472834437,119.99457964117887,395.5424993361449,15.288,0.0,10.173086170763083,0.0747147160116911,8.249092421775794e-09,-0.0033344842758088,-0.0017618420006219,0.0002329622701384,25.57210645058425,19.18904706774996,22.89490096738171,33.389180590881196
0.56,31.2222058401607,131.0104128513668,8.66038763241335,19.798731207959587,-16.137203428020882,31.1642632015742,1.5993381271273956,1.2294844271529055,346.2265619465787,25.72900814568088,7.932698152190774,71.98406240479619,-0.0086873441953999,119.99087571345832,405.1301383279642,15.288,0.0,10.211512111546142,0.0756156760980409,8.63350921477337e-09,-0.0039207449569168,-0.0022928471299546,0.0002772184731246,25.335682849526695,19.043516803572185,23.227562094424425,31.229486311793327
0.57,31.22220548037252,131.01041357475336,8.857148851865746,19.6241987496418,-15.96241826586143,30.829332526295275,1.6340624898500038,1.1834894142954206,343.1828296833023,26.04276504604344,8.044469732453859,71.98166213093045,-0.0131531504834808,119.9861800059273,415.0634042017126,15.288,0.0,10.249801966470615,0.0765379546061178,8.972793922063257e-09,-0.0045218381744587,-0.0028350292426882,0.0003236118629854,25.096112838661146,18.89488962636982,23.567704017131877,30.895283643808355
0.58,31.22220511446592,131.01041430739087,9.05689854530811,19.436603500805205,-15.778726590374276,40.346549734584144,1.6706658274797423,1.1350100085834545,426.1250058573153,26.376348070348296,8.162670801051142,71.97891343345239,-0.0185812375469101,119.98047231698312,425.75647208897226,15.288,0.0,10.2879534037536,0.077518507611482,9.267191378230869e-09,-0.0051380371336452,-0.0033885615543328,0.0003724139141966,24.841051461370785,18.7343065821643,23.92904138210531,40.397072264112964
0.59,31.222204742009257,131.01041505012338,9.259935836380098,19.273643983719783,-15.614087591521743,32.862316669949614,1.7060564349358212,1.0879577505643028,360.68438819711065,26.684418829754087,8.271811171300996,71.97580710572058,-0.0249918280622886,119.9737313404288,435.7515675309363,15.288,0.0,10.326022901328791,0.0784240887571482,9.516940774497821e-09,-0.0057707388004024,-0.0039545416497722,0.0004231503395468,24.61630009366877,18.594633475072747,24.26200916028205,32.92455219957056
0.6,31.222204363221792,131.01041580245234,9.466106350701736,19.084999368490863,-15.431166258868457,29.299464913286062,1.7445050121766814,1.0369222931136937,329.4859594986058,27.028566946535875,8.392881922066051,71.9723337758356,-0.0324052644399221,119.9659356357832,447.0549450663286,15.288,0.0,10.363972416354864,0.0794357065383078,9.722365051994072e-09,-0.0064195884252381,-0.0045326216202137,0.0004767899968855,24.360697325559407,18.43195194861702,24.63384243245887,29.369663766961082
0.61,31.22220397804714,131.01041656444815,9.675447865010248,18.89581500393897,-15.248595672535169,34.19961993989167,1.7839700974033343,0.9844851547046592,372.0984511843297,27.37863794251652,8.515595528005433,71.96848390016517,-0.0408422385692051,119.9570633819946,458.7011303033449,15.288,0.0,10.40180644133005,0.0804647390123019,9.883783787041671e-09,-0.0070849916566684,-0.0051230769488499,0.0005330149393537,24.104783322595065,18.26818905724878,25.011569836740147,34.260265094731814
0.62,31.22220358660088,131.0104173358258,9.887878361884088,18.754803986385376,-15.102462464301748,42.332139452678895,1.819846260298562,0.9364776986475448,442.86563930529206,27.67007875369545,8.618100678698816,71.96424764483986,-0.050323740875674,119.9470924376708,468.5091363570593,15.288,0.0,10.439523075408422,0.0813214669692682,1.0001562426347534e-08,-0.0077670135772768,-0.0057259001357504,0.0005905324950258,23.90784176182713,18.146325180713056,25.32516473037859,42.38158634987888
0.63,31.222203188684905,131.01041811695217,10.1035347125751,18.60292862256057,-14.948979211921465,24.359233976990897,1.857477305311121,0.8861239546861694,286.11251274707894,27.97871485838461,8.726122841001645,71.95961541303619,-0.0608698341300591,119.93600162794688,479.0091451349896,15.288,0.0,10.477091967342831,0.0822287385583678,1.0076108865146176e-08,-0.0084663197022511,-0.0063415792168283,0.0006508677807784,23.698045502968764,18.0145103957281,25.65708562007517,24.44601639426355
0.64,31.222202784908948,131.01041890652448,10.321990822846969,18.4322007928716,-14.7822369977069,23.932942606706288,1.897804536897504,0.8322295911384286,282.30782441796754,28.316777993465248,8.843796031829932,71.95457741642358,-0.0725005792669165,119.9237697722137,490.6443950063888,15.288,0.0,10.51453734700092,0.0832225027030573,1.0107935563652783e-08,-0.0091814287960955,-0.0069688417244685,0.0007143570635354,23.465652447617515,17.865589429502702,26.020463918783182,24.022489670484454
0.65,31.22220237524827,131.0104197045533,10.54326297990782,18.29675378628569,-14.642255281897572,41.68114828154356,1.9353538598923656,0.7817272129996329,436.7781447787475,28.609135038363185,8.945775092453127,71.94912412650207,-0.0852353971222767,119.91037634474328,500.81738656905856,15.288,0.0,10.551732060886549,0.0840819447073306,1.0097532910687538e-08,-0.0099127386371592,-0.0076079523891731,0.000779202598794,23.276548366720498,17.74757568287611,26.334088316124998,41.73337769779204
0.66,31.22220195916744,131.0104205121076,10.767723622245404,18.155936908593407,-14.498974617429807,35.57813333427104,1.9742128175956235,0.729438680957629,383.51251517160017,28.91169098801829,9.05089156316028,71.94324567894346,-0.0990936846446325,119.8958008462766,511.4551645219864,15.288,0.0,10.588842544473907,0.0849713686073159,1.0045421838150353e-08,-0.0106619562589286,-0.0082602445716215,0.0008469407676202,23.08126539656961,17.624472628245535,26.658426888251643,35.640330646468534
0.67,31.22220153685608,131.01042132875415,10.9952397271554,17.99878740486466,-14.344278185692888,24.749878366453768,2.0156493904036563,0.6737444098653904,289.1562440103425,29.241027336506704,9.164734158418153,71.93693171021107,-0.1140960378098046,119.88002149578897,523.1621871341217,15.288,0.0,10.625818963424408,0.0859395076817666,9.952180219429472e-09,-0.0114287772872267,-0.008925408167727,0.0009181751961697,22.866428517428933,17.486473012723614,27.011297187156277,24.84095918335513
0.68,31.22220110848605,131.01042215409703,11.22569070006592,17.849324590685516,-14.195886503167705,30.707113678071984,2.05709727773948,0.6178966445769997,340.8999924858462,29.562419901790964,9.275632237607336,71.93017173135011,-0.1302627564677564,119.86301681614756,534.7138646785845,15.288,0.0,10.662580915543678,0.0868843077298791,9.818437266119289e-09,-0.0122130066841029,-0.0096032203862084,0.0009919416486357,22.66127463981666,17.354989872457054,27.355279838360083,30.782142159237363
0.69,31.222200674136143,131.01042298793496,11.459021042823109,17.71988151307322,-14.06290073358564,37.62994487554084,2.0970485142032613,0.5638172009415511,401.0140726853634,29.85646771777389,9.37707717452915,71.92295536069895,-0.1476136070416107,119.8447658747872,545.391798279251,15.288,0.0,10.6992119304756,0.0877487487856809,9.644860259964124e-09,-0.0130146355923515,-0.0102936103446393,0.0010675402448239,22.480847974879715,17.241129000834466,27.6695850380588,37.69254904677106
0.7,31.22220023365884,131.01042383053817,11.695333251240047,17.591117068381934,-13.931012648798296,31.69225889804816,2.1376471848966485,0.5087750437203945,349.27032420985284,30.15159180108009,9.47862733891551,71.915272223798,-0.1661678720123187,119.82524823569626,556.214602024672,15.288,0.0,10.735688089549583,0.0886163605535622,9.432152304209362e-09,-0.0138343352917033,-0.0109970584594663,0.0011459680381491,22.30157279603048,17.127634646226053,27.984810933605328,31.76834370238905
0.71,31.222199787105648,131.01042468176416,11.934591075830545,17.45233949117534,-13.792320276558389,26.188689415540463,2.180228396380529,0.4510618776737407,301.33126406340574,30.464670921744247,9.585953618682554,71.90711160870201,-0.1859450881644118,119.80444318395304,567.8124365876761,15.288,0.0,10.77195105833144,0.0895367504148141,9.181076764760866e-09,-0.0146721637083864,-0.0117135465876051,0.001227961187489,22.110402004532585,17.004896776110023,28.319041329424923,26.283156316955456
0.72,31.22219933447394,131.01042554158306,12.176796107564032,17.30152112121998,-13.64536209755904,31.890119655712475,2.225217666456206,0.3901351728086634,350.79220534145287,30.80018217498148,9.700524965016236,71.89846250113912,-0.2069649666079846,119.78232980874688,580.3745865722085,15.288,0.0,10.808082321284624,0.0905230772681391,8.892437055286284e-09,-0.0155284227280057,-0.0124432528317885,0.0013139066604207,21.90486891267933,16.871022281035756,28.67697815023399,31.970041144356234
0.73,31.2221988757556,131.01042640997557,12.421953774776854,17.184682686733282,-13.523991124239684,40.13465565734701,2.266652976524873,0.3335949017903848,422.320318528234,31.08292228481047,9.7971807537823,71.88931361962365,-0.2292477567227924,119.7588866082098,591.0650466933628,15.288,0.0,10.844086578537494,0.0913543154423335,8.567052335209613e-09,-0.0164034870860286,-0.0131864094280374,0.001400656635015,21.74106712458711,16.76757612716022,28.97824980184025,40.19999485084925
0.74,31.222198410879702,131.01042728705727,12.67011363016528,17.058554280488984,-13.396315343343073,25.42774055306992,2.310015268672028,0.274438310055529,294.48281347105944,31.382620764520304,9.89928101895706,71.87965379703027,-0.25281258769994,119.73409325066928,602.5036195335767,15.288,0.0,10.879859178042915,0.0922354030031195,8.205824114696873e-09,-0.0172977165273536,-0.0139432386107251,0.0014912185383019,21.56622943040506,16.65555335097627,29.29745266499959,25.53392795011689
0.75,31.22219794022105,131.01042817201545,12.921014209054464,16.927079398532342,-13.26525640177995,29.555590142168462,2.354920303822291,0.2131583255359869,330.24688556441487,31.693611040545736,10.004933022663884,71.8694717338968,-0.2776784652407834,119.70792951485504,614.4891604129497,15.288,0.0,10.915465437609097,0.093149685737536,7.809722470252004e-09,-0.0182101154488947,-0.0147128742685867,0.0015853942128517,21.38516816677976,16.53847852840361,29.628474921220644,29.65002520675059
0.76,31.22219746365861,131.01042906507183,13.17474026123206,16.8080619311832,-13.14387374625395,31.75680261526136,2.398860611616376,0.1529554876883531,349.27032420986166,31.98521159514413,10.103887377322431,71.85875610624124,-0.3038639083406511,119.68037567459214,625.8332788527283,15.288,0.0,10.950920076498068,0.0940069887697012,7.379736031697135e-09,-0.0191413936822364,-0.0154958158950329,0.0016817639833076,21.21958285590243,16.432523521969866,29.9386381040652,31.847644182260158
0.77,31.222196981127524,131.01042996633248,13.43133741942367,16.692838620990855,-13.02577949485098,29.7496013143764,2.442979761368785,0.0923646680811079,331.7687666960708,32.271640699945216,10.200902654527493,71.8474953911839,-0.3313873489014832,119.65141207701323,637.0765015765571,15.288,0.0,10.986198241759912,0.0948491004523606,6.916909838260354e-09,-0.020092022187778,-0.0162923704999184,0.0017810505949358,21.058902992967237,16.329867521182727,30.24313576905137,29.8498820719733
0.78,31.222196492691964,131.01043087563562,13.690761448068958,16.56897392615148,-12.90184720008564,24.58305991374152,2.489125169348858,0.0290124453142634,286.8734378128899,32.57502217366904,10.303370199710407,71.8356779293898,-0.3602669601611145,119.6210193222566,649.0947786126643,15.288,0.0,11.021257055812889,0.0957410446654332,6.42235002952209e-09,-0.0210619668943569,-0.0171024409362293,0.0018845357835501,20.88795983789417,16.219191129856462,30.56548829633287,24.708772137710003
0.79,31.222195998440803,131.01043179276755,13.952950830364951,16.44082124761241,-12.775285144848688,34.59371890183854,2.536770972934824,-0.0364288906942638,373.6203323159534,32.888320411800315,10.408936106357103,71.8232918439974,-0.3905208307435147,119.58917807963374,661.6238167700026,15.288,0.0,11.05615196024255,0.0966621435022178,5.8972127031981406e-09,-0.0220511799059075,-0.0179259188247009,0.0019919724827325,20.71206497953822,16.104429597335695,30.898169843794257,34.68662453298999
0.8,31.222195498136948,131.01043271819765,14.21807188453347,16.332233718228206,-12.663516145083952,35.04241923468918,2.5821259231127383,-0.099099255432505,377.42502064505743,33.167070639900686,10.50278002978843,71.81032488171553,-0.4221673222347443,119.55586871078984,672.8696111569918,15.288,0.0,11.090908899921622,0.0974817105719318,5.34268605569392e-09,-0.0230608754210078,-0.0187636935345083,0.0021007852302701,20.56028620070926,16.0074152662924,31.19404586364752,35.137563102255
0.81,31.222194991884976,131.01043365168204,14.486052411436992,16.212851549557904,-12.544342549425291,23.111430645663702,2.629968736203857,-0.1651346187545609,273.9374926939919,33.467456630381164,10.603626522468332,71.7967647450672,-0.4552242489036958,119.52107213145396,685.0952004875244,15.288,0.0,11.125509798465474,0.0983648758218829,4.760038840469742e-09,-0.0240908183655928,-0.0196155065932439,0.0022144293850564,20.395617992680915,15.900394269821614,31.51270048330416,23.261174335898094
0.82,31.22219447988016,131.01043459278625,14.756756852073655,16.089613450643483,-12.422811741698728,29.440885705400955,2.6792664264933626,-0.2332217564331408,328.72500443277005,33.77687761083886,10.70730650129537,71.78259901886855,-0.4897090353482901,119.48476964503716,697.8036174532542,15.288,0.0,11.159869394993668,0.0992746044655089,4.150596238968996e-09,-0.025140548654886,-0.0204809210278869,0.002332225472631,20.22649820514432,15.78971067955156,31.840760148887934,29.563467524806534
0.83,31.222193962101453,131.01043554153048,15.030200926992633,15.989232632081972,-12.318381349598146,37.17924253824804,2.725405240437613,-0.2974239540022376,395.68750322465047,34.04296912610648,10.796395991810527,71.767815099831,-0.5256388637943558,119.4469427870996,708.822791253313,15.288,0.0,11.194063809542548,0.100056990478209,3.515730020582202e-09,-0.0262104944493941,-0.0213601990735948,0.0024505723157081,20.0854767988831,15.699928450133022,32.12287468983325,37.28018737145632
0.84,31.222193438434143,131.01043649813678,15.306466190988283,15.885229070301891,-12.21174629480956,23.304523338750737,2.7728102649526325,-0.3634346309319723,275.4593748256452,34.31678537765739,10.887874984903537,71.75240049468066,-0.5630299541801403,119.4075740823862,720.2520218974917,15.288,0.0,11.228099911382872,0.100862088667395,2.856876989906504e-09,-0.0273012374528569,-0.0222537241483803,0.0025730148138416,19.940288047570533,15.606743568710565,32.41305881588257,23.471714243803437
0.85,31.222192909187207,131.01043746193403,15.585337846865809,15.764326731720386,-12.093267717807398,25.331550157777063,2.824028809753196,-0.4345440726978153,292.96093233939376,34.62581430334705,10.99090461794326,71.73634263165489,-0.6018979882732508,119.366646597101,733.2627933472189,15.288,0.0,11.2619502658251,0.1017706904297303,2.1755437719939434e-09,-0.0284117579753607,-0.0231606219077886,0.0027017168204093,19.77475999246628,15.497892967264912,32.740281260322305,25.492183128665307
0.86,31.222192374173986,131.01043843329654,15.866947926169672,15.657409009904953,-11.985372877604476,31.49192346608009,2.873457144448176,-0.5035342571280532,346.2265619465587,34.90753818324493,11.084694085437423,71.71962846985491,-0.6422590021352281,119.32414299928726,745.2231810750172,15.288,0.0,11.29563751741119,0.1025990470229491,1.4732787380271702e-09,-0.0295431797384118,-0.0240816958281231,0.0028320860021267,19.62650101271141,15.40186213368743,33.038580441274995,31.626753647861612
0.87,31.22219183341772,131.01043941215804,16.15128175919688,15.557334615754437,-11.882841682284315,29.388099835123768,2.92226871837885,-0.5719193488585363,327.964078366998,35.17556703507959,11.173779456888278,71.70224493067543,-0.6841283530925972,119.28004664488004,756.6904748127052,15.288,0.0,11.329139961704715,0.1033871599706556,7.517016423314272e-10,-0.030695648456222,-0.0250169822208241,0.0029650774321377,19.4868017581938,15.312106721802206,33.32236674887067,29.5385706851773
0.88,31.22219128695413,131.01044039842748,16.438316086832454,15.449194660360732,-11.77486465794186,25.52335806008158,2.97333960662738,-0.6434205975656327,294.4828134710418,35.46113656820587,11.26854992647216,71.68417886390745,-0.7275207821679615,119.23434151145602,769.0053891380771,15.288,0.0,11.362434628729911,0.1042268364555842,1.2496049022468236e-11,-0.0318691478357711,-0.0259663911739668,0.003103339218506,19.33750634936191,15.214840852664878,33.624537092066255,25.704018073928484
0.89,31.22219073486749,131.01044139191114,16.727993717888545,15.333336457239898,-11.661718156465437,27.904017723922205,3.02674637818448,-0.718144319100768,315.028134248087,35.764414043753504,11.36906254748059,71.66541691549507,-0.772450697985067,119.18701189836516,782.193543829885,15.288,0.0,11.395556002568872,0.1051185686006928,-7.425921615869641e-10,-0.0330636413407993,-0.026929816212053,0.0032471014755853,19.179045082970624,15.1103544167189,33.945217150972134,28.076878922662935
0.9,31.222190177076605,131.01044239276692,17.02037343492213,15.239495950500592,-11.564860634275872,30.725852661721017,3.076367491213277,-0.7881678977079835,339.37814235421445,36.020268016648124,11.453681808483331,71.64594530822366,-0.818932652300371,119.13804192503824,793.4027177578303,15.288,0.0,11.428516173780627,0.1058709224507496,-1.511752482074582e-09,-0.0342797980253346,-0.0279076950905822,0.0033905258906307,19.047593716053704,15.02627205089648,34.215974006942155,30.88953329795968
0.91,31.222189613654773,131.01044340082828,17.31540603862489,15.137724630315676,-11.462656068574171,23.59947472254819,3.1282991663690374,-0.8613884923027055,277.7421810230789,36.29380021569904,11.544042394071754,71.62575055006728,-0.8669797046887046,119.08741725257276,805.4755956266268,15.288,0.0,11.461305154998888,0.1066752445467496,-2.293105516926251e-09,-0.0355174720700409,-0.028899835735353,0.0035395174424012,18.906707338418894,14.934801630922372,34.505237396588086,23.821491409841823
0.92,31.22218904481307,131.01044441563337,17.612945656525756,15.028387343082954,-11.355379464003288,27.91815487890514,3.1825919226957726,-0.9378832098646902,315.02813424806214,36.58498918519414,11.64016020618362,71.60481895118771,-0.916604507042358,119.03512394061954,818.4288870570527,15.288,0.0,11.49390733160396,0.1075314722398478,-3.0847098112647914e-09,-0.0367759246886526,-0.0299055879577751,0.0036942279255812,18.756830197025405,14.836259382967825,34.81294435904873,28.11462053993063
0.93,31.2221884704554,131.01044543737808,17.913062016680755,14.938781170089165,-11.2626510044431,33.03176599266082,3.2331878197547064,-1.0097882707088457,359.1625070654728,36.83128247562627,11.72125015209248,71.5831366385952,-0.9678192509555624,118.9811485024432,829.4615377758649,15.288,0.0,11.52633891624774,0.1082557499376918,-3.884549211881735e-09,-0.0380559713945238,-0.030925498365784,0.0038484361893903,18.631147570268126,14.756106339897595,35.073520588948426,33.204980656873985
0.94,31.22218789046623,131.0104464663054,18.215838860310487,14.832489664213742,-11.158296116959892,24.22478358376324,3.2882166352104645,-1.0876709710237824,283.0687504837787,37.116267023058114,11.815079690241914,71.56068981042361,-1.020635079364912,118.92547852392713,842.3227329105474,15.288,0.0,11.55859920899474,0.109093758851995,-4.690537902343364e-09,-0.0393581714982076,-0.0319599168655452,0.004010801898699,18.48538581604888,14.660382934694512,35.37458439565812,24.471116371376432
0.95,31.22218730514852,131.01044750175606,18.52106589687101,14.729238912105428,-11.05647826705016,31.102324322948693,3.343268999117075,-1.1658075283055036,342.4218736174873,37.394606330903805,11.906614539189784,71.53746415754334,-1.075063352479148,118.8681013279847,854.9783955117981,15.288,0.0,11.590675141205462,0.1099122444860082,-5.500530163734228e-09,-0.0406815126702071,-0.0330079829298149,0.0041766235691461,18.343518792668885,14.567496149330855,35.668617618807026,31.303212823660722
0.96,31.22218671419484,131.01044854438857,18.828961896464687,14.63593958537704,-10.962128775501853,30.48898298260293,3.396616315741189,-1.2419462654061144,337.09533515678345,37.649101482836414,11.990116806534871,71.51344532938919,-1.1311145931338,118.80900508637124,866.6297603175585,15.288,0.0,11.62258553418552,0.1106606548208184,-6.3122854489950505e-09,-0.0420276818115124,-0.0340709038554938,0.0043440667027149,18.213936461580225,14.48394353857319,35.9376604010132,30.702728156239903
0.97,31.222186117626247,131.01044959415543,19.139514984666008,14.538535583538012,-10.8651723040963,19.82107763627548,3.451587021164535,-1.3204293365919446,245.02188719299323,37.91320554214172,12.07671409624982,71.48861862775881,-1.1887991357381464,118.74817813362984,878.8048071518334,15.288,0.0,11.65431430661034,0.111437316913491,-7.1234999431772365e-09,-0.0433967997923392,-0.0351486854353902,0.004516912627371,18.07955659278224,14.396580455504768,36.21671889213096,20.162641326494505
0.98,31.22218551574416,131.0104506504017,19.45251612682704,14.42568084167444,-10.757528602469822,28.466152728084023,3.51117955006972,-1.4051824457859872,319.5937466429581,38.21579476200267,12.176042511378164,71.46296930434242,-1.24812645040585,118.68560967885652,892.8616078912936,15.288,0.0,11.685861734900008,0.1123271063995675,-7.931813940649202e-09,-0.0447875765146646,-0.0362402597196761,0.0046987342522923,17.92660881100829,14.294732996501264,36.53591661629503,28.716280585712667
0.99,31.22218490839396,131.01045171346038,19.76807705383377,14.340455372657594,-10.669910641059108,31.027036870922952,3.564334574667355,-1.4817598167795856,341.6609485517054,38.44923995288447,12.25228738320924,71.43648222846838,-1.309105850470622,118.6212890595671,903.7758104016468,15.288,0.0,11.717250843439407,0.1130136707222063,-8.734756533086e-09,-0.0462012366723676,-0.0373464688422501,0.0048765044097751,17.80738428799128,14.2188862013734,36.782884890753465,31.26622954729918
1.0,31.222184295575463,131.01045278333677,20.086201321354768,14.240213592691424,-10.571914533238925,27.851772862190813,3.622034248346933,-1.5645193753952713,314.2672081822764,38.72017496397734,12.340931902891766,71.40914271765618,-1.3717446762770196,118.55520765599732,916.5297091766683,15.288,0.0,11.74847215368248,0.1138104372726831,-9.529804505553928e-09,-0.0476377664755804,-0.0384672163089746,0.0050634053249621,17.670117342246947,14.128972880981769,37.06894937864221,28.129843663612032
1.01,31.222183677477084,131.01045385962126,20.406759507546848,14.143122921603656,-10.476473801991585,29.0887027309484,3.679533198793141,-1.647261982498432,324.9203161036979,38.98284011307532,12.426769147522892,71.38093550448377,-1.4360505117626736,118.48735655239932,928.9781663847114,15.288,0.0,11.77952113442778,0.114582904950752,-1.0314357333066927e-08,-0.0490965791027884,-0.0396019683928953,0.0052537007282179,17.536851715658717,14.04208242992484,37.34635412708396,29.366733954757215
1.02,31.222183054020714,131.01045494248987,20.729810125975888,14.050530232813388,-10.384529437779792,24.409077279698074,3.73638624559378,-1.7294051575674871,284.59063161540416,39.23324918429864,12.508465618411476,71.35184544556019,-1.5020296435483511,118.41772816230043,940.9220183922336,15.288,0.0,11.810404928052453,0.1153193568398007,-1.1085721471520337e-08,-0.0505782808307914,-0.0407510939991403,0.0054468508743258,17.409214688725772,13.95950698154066,37.61096712333328,24.753878040047706
1.03,31.22218242527881,131.0104560317915,21.05530580982601,13.948016572714424,-10.285860573019992,20.079762441648125,3.796680979840199,-1.8163199682049511,247.30469339049705,39.50957684439647,12.598757524132216,71.32185738400891,-1.5696873468248596,118.346315926052,954.1930685400706,15.288,0.0,11.841117871793216,0.1161320007949515,-1.1841139706284746e-08,-0.0520826558836437,-0.0419143413575621,0.0056481870183077,17.269724076341063,13.867635993839489,37.9025421817358,20.51610743787922
1.04,31.22218179131628,131.0104571273891,21.38320432906005,13.855899899688712,-10.194846261451628,31.47551814342864,3.85459998611526,-1.9003713897341297,345.46563688072297,39.75757234050895,12.67956685556174,71.2909556511458,-1.639028918538869,118.27311321976876,966.1788772574984,15.288,0.0,11.87166399429964,0.1168613757776096,-1.2577759328825808e-08,-0.0536097188891671,-0.0430916300867247,0.0058500998344905,17.143003001620652,13.785679549444586,38.16460643703344,31.767555695539205
1.05,31.222181151842705,131.01045822993666,21.713714792149712,13.755918284184016,-10.098574056886545,19.279063794476496,3.9154596119952574,-1.9885537049974489,240.45625879819983,40.02637389024538,12.767265084458057,71.25912465019366,-1.7100584314767429,118.19811466999448,979.2566552655932,15.288,0.0,11.902059376052575,0.1176519161037688,-1.3292618241511597e-08,-0.0551611744546605,-0.0442841459335375,0.0060599055472336,17.00692348830652,13.69637363034626,38.4482938714464,19.772897375000955
1.06,31.222180507103552,131.010459338901,22.046667745727355,13.649431430836424,-9.998019151372194,27.143437180113704,3.97903382669197,-2.080584598769676,308.17968365593924,40.31313210413776,12.860941090758976,71.22634813701339,-1.782780208561054,118.12131459532448,993.3063931153908,15.288,0.0,11.932291295630424,0.1184952468887117,-1.3982708011649826e-08,-0.0567359330653053,-0.0454909782306902,0.0062773588676122,16.86313638827524,13.600987401322516,38.750604929961696,27.512319502676895
1.07,31.22217985698231,131.01046045455166,22.38214954951765,13.55954575419302,-9.909445767591595,31.82827553073048,4.0380643273092085,-2.166898967164005,348.5093681440308,40.55273538569865,12.938829400199545,71.19260948765427,-1.857198234711132,118.04270762705328,1005.1166342766446,15.288,0.0,11.962376374839987,0.1191999810579333,-1.4644879493606433e-08,-0.058335071379192,-0.046712833211413,0.0064924424260687,16.73961274895163,13.5214715738558,39.0039118603688,32.15650070989504
1.08,31.22217920137916,131.01046157712912,22.72023526864133,13.46661019354542,-9.81900217595924,21.655290666736786,4.098605291265008,-2.2554800398343144,261.00157857466235,40.79984384698288,13.019185069705776,71.15789228680894,-1.9333149305228776,117.96229000334216,1017.3702914338232,15.288,0.0,11.992316246017582,0.1199267847624904,-1.5275914856408083e-08,-0.0599592256568886,-0.0479500855105977,0.0067136490155297,16.61255607552742,13.43919503070395,39.265017139274896,22.154849794221892
1.09,31.22217854057816,131.01046270601472,23.060728220802428,13.356976438328935,-9.717127684408792,19.969556387457303,4.165275222000685,-2.3524484622177497,246.54375332474407,41.09482826641,13.115567740245444,71.12217990829916,-2.011132004321744,117.88005866849376,1032.1009688955098,15.288,0.0,12.022093608259803,0.1207943240999941,-1.587255000875989e-08,-0.0616069317270413,-0.0492015493961751,0.0069477896667134,16.465460703518108,13.34114740492671,39.57577197127832,20.534524921561744
1.1,31.222177874659685,131.01046384104302,23.40357580326067,13.256604926869969,-9.622035596931283,39.34585362722935,4.229573680115312,-2.4465761211875234,413.1890617385841,41.36258976330834,13.20285443421644,71.08545551783918,-2.0906504318957,117.7960112943668,1045.5600702502247,15.288,0.0,12.051713897569895,0.1215818538475682,-1.6431390922801853e-08,-0.0632781471476769,-0.0504670944403822,0.0071825240273151,16.329729058911067,13.25204906303621,39.85825828300357,39.64809233604621
1.11,31.222177203218457,131.01046498314773,23.74906997102745,13.174076919307916,-9.539688923061112,28.98783356146118,4.288236254018355,-2.533526798087215,324.1593910376397,41.57583792461046,13.271833784593108,71.04770195691998,-2.1718706723183367,117.71014605184496,1056.3337433008055,15.288,0.0,12.081204231997765,0.1222091553555636,-1.6948880679641522e-08,-0.064975537882357,-0.0517485881273435,0.0074129674372529,16.2157199696854,13.180151557649571,40.084261007250255,29.412620127997414
1.12,31.22217652632281,131.01046613220356,24.097167448709136,13.059322382177807,-9.43511207103783,11.362811591528311,4.358871247664131,-2.636656822726798,172.73281794065943,41.88548398406402,13.373154829957231,71.00890226716825,-2.25479160743861,117.62246273032316,1072.0910890194025,15.288,0.0,12.110551986220926,0.1231198210976187,-1.742145796467169e-08,-0.0666986967458815,-0.0530456251453488,0.0076659779046481,16.062923741862644,13.077623271752415,40.41010926880745,12.452518019224666
1.13,31.222175844575062,131.01046728685813,24.447445076637283,12.962586745256672,-9.343375344214977,34.027696153435166,4.423715856460044,-2.7324142275835808,367.5328077900705,42.13980052542141,13.455961797870543,70.96903828512879,-2.339413298177341,117.5329598223554,1085.1129558376351,15.288,0.0,12.139727936268889,0.1238678586668797,-1.7845472413905035e-08,-0.06844448901148,-0.0543557941955788,0.0079141271904379,15.932047727885417,12.992490857412472,40.67864272681489,34.42265903442532
1.14,31.222175157309284,131.01046844865775,24.800381132357742,12.878384388420043,-9.260606344102136,19.14059393141996,4.484371424496471,-2.822908188108,239.69531773195544,42.35335685528765,13.52504820569789,70.92809298899978,-2.4257323627824388,117.44163941290248,1096.1019477521904,15.288,0.0,12.168762091205084,0.1244960927882713,-1.8217056499305728e-08,-0.0702171709024083,-0.055682113283584,0.0081599689517062,15.81644725905467,12.919584118158305,40.90502941359601,19.86053206132299
1.15,31.222174465022466,131.01046961649857,25.15562774069741,12.762003387156152,-9.155742374974777,18.865903297604863,4.557794387204276,-2.9307156982508897,237.41251153546767,42.66756381084244,13.628070477931958,70.886049269834,-2.5137444067268246,117.34850460765594,1112.3876229854147,15.288,0.0,12.197634590272049,0.1254201950773958,-1.8532432685528145e-08,-0.0720135861729993,-0.0570221659425999,0.0084305286162876,15.662154877944635,12.815992833973988,41.23549609337749,19.62867523330556
1.16,31.222173767857143,131.01047079007245,25.513088169009468,12.681148525335953,-9.075772650073088,48.28567259597138,4.618015814100467,-3.021254287125011,490.0437743845894,42.86712165687028,13.69252980974849,70.8428888513516,-2.6034460839436706,117.25355735265076,1122.778762644902,15.288,0.0,12.226357288258477,0.1260072984968363,-1.8787583612576863e-08,-0.0738334981908904,-0.0583756721042957,0.0086837113368679,15.550869558016036,12.746748857486049,41.44745690363959,48.600002320700504
1.17,31.22217306494217,131.01047197143015,25.873388734328334,12.583517391778194,-8.984425913028248,9.095582171915591,4.685255751276662,-3.121476186058848,153.70937929486794,43.1188765036564,13.774569261732736,70.79859451896782,-2.694830809578596,117.15680297186933,1135.9661345718227,15.288,0.0,12.2549670297277,0.1267478436828902,-1.8978325606807823e-08,-0.0756824622903101,-0.0597465676336339,0.0089531377803845,15.41949034368604,12.661622513277118,41.71338262324044,10.69695517804353
1.18,31.222172357439383,131.010473157915,26.235707021556923,12.463779833349172,-8.878069684300579,23.80384595377149,4.762197773617872,-3.235007517084099,280.02501822196746,43.44337013993335,13.881319779676968,70.75314819707317,-2.787892427578748,117.05824628186346,1153.087895762884,15.288,0.0,12.283403412497892,0.1277022141841072,-1.910064517160048e-08,-0.0775529258045476,-0.0611292519723692,0.0092431320704029,15.261609658004971,12.555395096923288,42.05438009515824,24.49013849412708
1.19,31.22217164483328,131.01047435075057,26.600415761703484,12.39318514086959,-8.805854620022776,41.092906339165566,4.81915677988564,-3.322146573775623,428.4078130529292,43.60201418828571,13.9320350751765,70.70653130042072,-2.8826245158788604,116.95789233031532,1161.484143032401,15.288,0.0,12.311714945503187,0.1281690774600851,-1.9150097091766164e-08,-0.0794491386736647,-0.0625266951145835,0.0095033777687388,15.163083792380704,12.496862863521777,42.2242328530261,41.507684605699225
1.2,31.22217092668568,131.01047555101343,26.96783438776093,12.283353425873043,-8.706849065217057,4.796706766974554,4.893138764696184,-3.432421304468039,117.1843741360236,43.89117293346,14.026957796931478,70.65872664817809,-2.979016828407724,116.85575016352315,1176.8990896390665,15.288,0.0,12.33990478440047,0.129019600921422,-1.912228878424993e-08,-0.0813736404003927,-0.0639406170365763,0.0097977838043155,15.01743058588638,12.400708268746309,42.52876209115188,7.663727473643491
1.21,31.2221702041556,131.0104767560165,27.33714035558113,12.175769809547027,-8.60964733625306,33.09338004844081,4.966820287480997,-3.542659479771729,359.92343213200894,44.17245635061349,14.11939448254564,70.60971527300894,-3.077061216097885,116.75182655189316,1191.989820167145,15.288,0.0,12.367927274691011,0.1298469843126916,-1.9012835722035683e-08,-0.0833188550250794,-0.0653654389794755,0.0100959305923714,14.874626978398082,12.306972034269387,42.82513991725047,33.65102588314789
1.22,31.22216947637252,131.0104779678493,27.708961980461247,12.101511786005023,-8.53552772641163,24.118527149519007,5.0259222278385804,-3.633669216116748,283.0687504825761,44.33511164467063,14.171588123209126,70.55947910450811,-3.176746668980172,116.64613124729044,1200.7415710013754,15.288,0.0,12.395837275217776,0.1303256639795744,-1.8816967444644825e-08,-0.085291393909888,-0.0668058019600766,0.0103726331667453,14.772055756105974,12.245877005651668,42.99930781736237,24.90314835667414
1.23,31.222168743694937,131.0104791857191,28.08304945823421,11.9910405490227,-8.436827834214434,9.721170987509772,5.101829409700979,-3.7476292593486455,159.79687382222795,44.6234933227276,14.26663616414674,70.50800098257842,-3.2780593585874933,116.53867693719084,1216.3693224475635,15.288,0.0,12.423594927125231,0.1311739326596622,-1.853011263839252e-08,-0.0872883433963122,-0.0682594978626766,0.010684155760341,14.626050805274984,12.14995361100869,43.30302349349236,11.600627300263449
1.24,31.2221680066142,131.01048040849307,28.459056554160625,11.893228686266944,-8.347005624869064,39.903921313101065,5.172299694699198,-3.854653145802621,418.51563019980495,44.86543307581356,14.346062496570765,70.45526239736749,-3.380986725595101,116.42947491190073,1229.550493344042,15.288,0.0,12.451152087474572,0.1318856914437963,-1.8147482482727424e-08,-0.0893065585564061,-0.0697241638500362,0.0109900564974046,14.495393064081853,12.066660628334214,43.5589214162176,40.4219491262902
1.25,31.222167264328657,131.0104816381368,28.837564497482106,11.814153909317792,-8.270165230870226,19.5505823055444,5.23396680561816,-3.950170651606344,244.26094612573488,45.03628076569391,14.401285857249682,70.40124561788974,-3.4855136600784995,116.31853911749776,1238.887537705467,15.288,0.0,12.478598213565268,0.132388478057608,-1.7664040052416786e-08,-0.091352251141118,-0.0712041128197584,0.0112841977160563,14.387371166986272,12.0020152984102,43.74171248048327,20.620948697501543
1.26,31.222166517384583,131.01048287339955,29.21818835246627,11.697895905784346,-8.168236013128695,11.714827719456206,5.31412550261718,-4.071029228444921,177.29844633640863,45.3422403085093,14.502834088990658,70.34593333502835,-3.5916231874097244,116.2058854273766,1255.7318713530087,15.288,0.0,12.505895549686649,0.1332884481334322,-1.7074915485337992e-08,-0.0934210059171067,-0.0726960814210233,0.0116177104654339,14.234815004144762,11.901452527813388,44.06351856631529,13.492605283374987
1.27,31.222165765965773,131.0104841138756,29.600801947723784,11.611936511887397,-8.087113193502049,38.36301210410853,5.379495591978393,-4.172290168858173,405.5796860799648,45.53333737120034,14.565252859404904,70.28930638997383,-3.6993004259117312,116.09152744266387,1266.292316365324,15.288,0.0,12.533056935478054,0.1338507767431353,-1.637488465038611e-08,-0.0955121993544977,-0.0741995091729144,0.0119273894786052,14.118760550799246,11.83088405638819,44.26723037599269,38.96238796297325
1.28,31.222165009439465,131.010485361164,29.985867488497792,11.519091305906084,-8.001517971305425,12.74700025175642,5.448463975399017,-4.278800041407063,186.4296881246888,45.74734031603283,14.635603396788833,70.23134766616116,-3.808525838451121,115.97548365866412,1278.1759440794187,15.288,0.0,12.560105621906157,0.1344804488474826,-1.555869066758412e-08,-0.0976304285188241,-0.0757175251459022,0.0122487579371264,13.99455950275728,11.75402161949793,44.49454628596159,14.507925589271686
1.29,31.22216424860906,131.01048661336512,30.37281373531505,11.408026952967516,-7.903819424773085,20.642025895665714,5.527289753189102,-4.3990740953792375,254.15312898457216,46.029791945237946,14.729693064168352,70.17203929736965,-3.919280104261453,115.85777229092768,1293.9599054879247,15.288,0.0,12.587004964246878,0.1353113442717,-1.4621103642120256e-08,-0.0997694647027032,-0.0772456091319671,0.0125939370028888,13.848634856312108,11.659688961186236,44.79219677369611,21.81733297150868
1.3,31.222163483209023,131.01048787117796,30.761838381472423,11.331121159756735,-7.829365605089208,29.608983067189257,5.587891825226407,-4.495015738103221,331.0078106278993,46.17618012962844,14.777124955997508,70.1113629160367,-4.031543670191796,115.73841175427344,1302.1546673275236,15.288,0.0,12.613741994474408,0.135742269882819,-1.3556564272047236e-08,-0.1019320347107166,-0.0787855593707131,0.012907357190353,13.743763472514717,11.599412130407256,44.950170077677086,30.465087884483903
1.31,31.222162712909142,131.01048913549175,31.15318739261569,11.223495110271616,-7.734403368212505,6.194163447602257,5.665327043506335,-4.614239906675281,130.8812523207192,46.4406565139458,14.865401519094895,70.0493018867443,-4.14529304951754,115.61742459841643,1317.0641780938597,15.288,0.0,12.640329746950428,0.1365203435447633,-1.2359587608549256e-08,-0.1041203149193743,-0.0803387757193743,0.013259468841156,13.602198531192556,11.509391557607229,45.22942572185189,9.578872649839898
1.32,31.222161938577337,131.01049040421117,31.54624094879374,11.120364855743098,-7.642684691782928,34.91524228680903,5.740548550039449,-4.7308788056776185,376.6640645805601,46.6857439203271,14.947270764953515,69.98583765094874,-4.260506934054344,115.49483100866269,1330.9520343964343,15.288,0.0,12.666770901512631,0.1372414292167984,-1.102451492864136e-08,-0.1063276048833603,-0.081900443434443,0.0136115072509176,13.466142435778345,11.424259045099152,45.48879074212283,35.69886911200335
1.33,31.22216115937111,131.01049167949844,31.94161509033759,11.041041998127197,-7.567116186567821,16.563671004981735,5.802046163269507,-4.829221891193902,219.91093801978792,46.83042964057976,14.99450864930408,69.92095264870764,-4.377161359052481,115.37065395225912,1339.1635667977598,15.288,0.0,12.693111837149289,0.1376673741517275,-9.5454752397446e-09,-0.1085611737944487,-0.0834755066561923,0.0139399777458948,13.358685952851744,11.363231064949066,45.64524232631192,18.202755860483585
1.34,31.22216037567464,131.0104929604747,32.33904010353628,10.922998227048012,-7.465839519816798,10.486908650604684,5.886331890087972,-4.959099111162927,168.1671895463213,47.13207992827367,15.096407893349197,69.85463017697568,-4.495230028259429,115.2449188332674,1356.4193295217356,15.288,0.0,12.719323730408243,0.138554756762702,-7.916714812114673e-09,-0.1108173162608309,-0.0850612515969993,0.0143207927496347,13.205036256405757,11.264369601662512,45.96266441629637,13.008336563939716
1.35,31.222159587789843,131.01049424643193,32.738303981563334,10.83132189444228,-7.3823747572833796,41.18678655357456,5.954979075037896,-5.068051269261217,430.6906502517929,47.321440746283535,15.15956728614536,69.78685085542374,-4.614689972811233,115.11764746865332,1367.2880479022149,15.288,0.0,12.74538942115046,0.1391120500049821,-6.1320596301003645e-09,-0.1130942011576256,-0.0866562793291612,0.0146731873553235,13.083023704863509,11.19223833108124,46.165025939597086,41.92252742931549
1.36,31.222158795008447,131.0104955392467,33.13992833347627,10.739775047830944,-7.29915481765116,12.31061580454973,6.023305817459737,-5.177001035095284,184.14688192685685,47.5060179825205,15.221200452774788,69.7175978284147,-4.735513263923705,114.98886691626076,1377.9218921781608,15.288,0.0,12.771298233925934,0.1396552895127284,-4.185413477725123e-09,-0.1153977281356267,-0.0882645320621623,0.0150298725207789,12.961262031901542,11.120899774673,46.362568190064295,14.650352015403982
1.37,31.222157998135017,131.01049683695024,33.5433373091156,10.62640497427746,-7.201635511141776,15.670319485867903,6.105369422744173,-5.30523579972203,213.06250343083377,47.78215700451568,15.315097330998906,69.64685388302246,-4.857671672843926,114.85860451233,1393.9333616535332,15.288,0.0,12.79707278426672,0.1404677057425145,-2.0706072267686628e-09,-0.117720608112684,-0.0898808439144053,0.0154209392079465,12.813562572883685,11.02837689673425,46.65390302318366,17.634624335891115
1.38,31.222157197069823,131.01049813986043,33.94861045402273,10.542287771659725,-7.123698468331896,35.87492892587303,6.1685522975365,-5.408000845983449,385.7953213659793,47.92746946477304,15.363478638165835,69.57460103747131,-4.981137294300304,114.72688720990097,1402.369955013361,15.288,0.0,12.822735975198858,0.1408955329019336,2.1879423176579427e-10,-0.120064393373876,-0.0915061522595989,0.0157751826831222,12.700879671224817,10.965766233293811,46.81136226738758,36.800924391026406
1.39,31.22215639131674,131.0104994493506,34.35611731155874,10.438173949366698,-7.03271209101149,7.688142970341484,6.244572475974197,-5.528865644861045,145.33906257168647,48.15726461754256,15.441665045269454,69.50082340838729,-5.105878210471651,114.59374620614156,1415.7944907731007,15.288,0.0,12.848299735053049,0.1415717280093599,2.6891089835575847e-09,-0.1224330444712561,-0.0931430278676015,0.0161628939450753,12.564456846973652,10.883819446995089,47.05534060357488,11.343305649546362
1.4,31.22215558171113,131.01050076333215,34.765257433275785,10.3281374253918,-6.938009414812496,27.362164916336766,6.324570359709611,-5.655699222542477,313.50625311863485,48.411450421745954,15.52881027438916,69.42550362657163,-5.2318639996218606,114.4592110661622,1430.7235111920932,15.288,0.0,12.873669461937077,0.1423196354253164,5.346948487061121e-09,-0.1248189917140838,-0.0947861582924035,0.0165641958348812,12.421086334950587,10.796587869093276,47.32429184799457,28.647429079056913
1.41,31.222154767640884,131.01050208347908,35.17648485121801,10.244833479202622,-6.861064799710181,16.72699970869129,6.385863246170599,-5.7572074092569805,222.9546852836364,48.539603215163865,15.571768011834957,69.3486244051019,-5.35906334714675,114.3233122759452,1438.2514148571338,15.288,0.0,12.898916555913578,0.1426970404602326,8.199013133311869e-09,-0.1272284223207679,-0.0964396195279695,0.0169279667244829,12.309654498509554,10.737094337119451,47.46444354622491,18.80737104984518
1.42,31.222153949269096,131.0105034094672,35.58968960413422,10.130679361805798,-6.764051603218939,8.224900801895426,6.46854045094096,-5.888730370683722,150.66563203211305,48.80673680070362,15.664085714686504,69.27017039253886,-5.487441407742503,114.1860840620472,1454.0678369173595,15.288,0.0,12.92405416078068,0.1434830307353217,1.1251940285877796e-08,-0.1296591097100529,-0.0981017474137001,0.0173456268130455,12.16161312376682,10.64718484463973,47.74670833419026,12.007004378490597
1.43,31.22215312707789,131.01050474009512,36.004526944437245,10.029791242467732,-6.675928596380439,41.82803460312808,6.541599535069181,-6.00745087167083,437.539069843865,49.009232994693086,15.733905216584915,69.19012379880579,-5.6169662265256655,114.04755753301257,1466.100109094318,15.288,0.0,12.949078278470772,0.1440790078050045,1.4512805119511478e-08,-0.1321069436823052,-0.0997696202077874,0.017745712137338,12.02947014210148,10.571476279770527,47.96295175795268,42.76057143225796
1.44,31.22215230009001,131.0105060780623,36.42172077313364,9.934625642408507,-6.591699664018954,12.17906122161307,6.609995213788045,-6.120214087564952,184.90782199166685,49.17966583154283,15.792544227559803,69.10846834293356,-5.747603015332305,113.90776680047428,1476.255582767932,15.288,0.0,12.973974070373975,0.1445807329173907,1.7988475407622213e-08,-0.1345813441260665,-0.1014494346236057,0.0181402349571627,11.904225735090218,10.502501016622976,48.14652666100506,15.148550737404836
1.45,31.222151469084302,131.0105074213898,36.84070971410837,9.812739822600594,-6.490261844322884,11.163908298162983,6.698326374746579,-6.261174148258844,176.53750627236283,49.4766385906465,15.896632045841484,69.02518761763166,-5.879316577043757,113.76674638669668,1494.0780835220887,15.288,0.0,12.998708807466622,0.145454475571177,2.1686192331361865e-08,-0.1370742765660569,-0.1031356255877134,0.018587078717187,11.74735518466485,10.407088043616422,48.459329514447134,14.446547214723761
1.46,31.222150634095176,131.01050877005952,37.26147618873944,9.724290973918036,-6.410729198681552,41.93194620950984,6.760604950411442,-6.366445893880414,439.06095097160846,49.605816135428206,15.941181893194054,68.94026341295258,-6.012073613330295,113.6245287570061,1501.8292662603783,15.288,0.0,13.023352335118444,0.1458349323596822,2.561343180881517e-08,-0.1395861718417597,-0.1048283338716421,0.0189763388918307,11.630287594615885,10.346810984035397,48.60092092774913,42.94793971231287
1.47,31.222149794285016,131.01051012646812,37.684645215706645,9.611506512962023,-6.315612380382233,1.5439470501502113,6.841552124924903,-6.498232722108191,95.11718822828608,49.85171347654793,16.027730467440502,68.85368087284695,-6.14583565371091,113.48115189615424,1516.693714589628,15.288,0.0,13.047925760978904,0.1465585400605962,2.97772385327972e-08,-0.1421246674822512,-0.1065324833947733,0.0194164274863064,11.484461686089627,10.26252068254591,48.86166713652186,9.561257055555489
1.48,31.22214895076144,131.01051148768772,38.10941117181575,9.49150835138491,-6.216040809256791,27.22903579287534,6.928275405515088,-6.638658397400324,314.26720818612995,50.13237691328846,16.12729263742671,68.76542231371322,-6.280567585440825,113.3366501698501,1533.757056433141,15.288,0.0,13.072311412421856,0.1473843663102804,3.4185570537377595e-08,-0.1446786030025231,-0.1082404782636798,0.019875801512695,11.330203731715198,10.171684197832656,49.15787780335866,28.870281876381558
1.49,31.222148102781407,131.01051285585507,38.53632950129552,9.404945284842931,-6.138165051759556,25.14345043685605,6.98679190129239,-6.740241799703074,296.765619663911,50.235746971721305,16.163321787955397,68.6754702899531,-6.416233420222976,113.19105886489211,1540.025439676854,15.288,0.0,13.096599371698046,0.1476889760922046,3.88459921794087e-08,-0.1472563138611976,-0.1099576815132311,0.0202708062421662,11.215649974404483,10.116556683929264,49.27340953375003,26.952536438358937
1.5,31.222147250379138,131.01051423101197,38.96538545467653,9.280801286569895,-6.036347279484311,3.931108440288919,7.076572576888965,-6.886124201591468,116.42344107135528,50.53170871674577,16.26920319207598,68.58381023623089,-6.552792942090978,113.04441778965932,1558.1606414896748,15.288,0.0,13.12080687323472,0.1485597988905902,4.376613338432275e-08,-0.1498564465506111,-0.1116830048755447,0.0207494095605985,11.056730472135053,10.02343297524074,49.58527459649068,10.627803137291894
1.51,31.22214639428549,131.0105156112096,39.39604787390308,9.17101818570023,-5.943941555801177,38.30282482918159,7.153758931343109,-7.014960903371969,409.3843734110053,50.749143613584245,16.347196987461196,68.49042395495104,-6.690210259930722,112.89676209687616,1571.5338006115562,15.288,0.0,13.14490844511037,0.1491997681039873,4.8954436438171166e-08,-0.15247167425102,-0.1134114539567879,0.0212014832110682,10.9149234581519,9.946302078986452,49.81714529466644,39.59156896636679
1.52,31.222145533537773,131.01051699927385,39.82903793065224,9.072168425556011,-5.858653200103656,12.613717134535376,7.220436368892285,-7.129643914596305,190.99531651748063,50.901578981801165,16.401871736637023,68.39529609264547,-6.82844541172422,112.74813130374302,1580.923045664225,15.288,0.0,13.16884808601898,0.1496486514087618,5.4418451854631646e-08,-0.1551124190416643,-0.1151496775275674,0.021632569795109,10.786126730968256,9.881910235843948,49.9829067273557,16.188649840435545
1.53,31.222144669009488,131.010518392863,40.26371923077737,8.948542842436355,-5.75780548965108,14.718989203012258,7.309104089438474,-7.275839632125634,209.25781510265423,51.18714185456403,16.505527208046804,68.29841205388809,-6.967457216248958,112.598566233009,1598.6442965875876,15.288,0.0,13.19269457397618,0.1504889335482764,6.016664882105105e-08,-0.157768396295668,-0.116890759928874,0.0221254972553959,10.628196693779111,9.792552141816168,50.2842293939956,17.97246471970519
1.54,31.22214380051807,131.01051979259532,40.700235608358064,8.850855720007667,-5.673596448474568,30.332113968730336,7.373014237147895,-7.387773095699417,342.42187361453745,51.323326536375646,16.555027262555416,68.19975527874922,-7.107206663137561,112.44810537248595,1607.0946684874705,15.288,0.0,13.216473235881336,0.1508900567147747,6.62073115864791e-08,-0.1604422384335744,-0.1186362382117607,0.0225593946658474,10.5009866630685,9.731882987947069,50.4335758367986,32.07768177513412
1.55,31.222142927659103,131.01052119977632,41.1388977031317,8.73490793775618,-5.577995883200385,4.441108011089653,7.453387550854246,-7.523556023306584,122.51094359707427,51.55792404144508,16.640966697423902,68.09931275208581,-7.247650196658078,112.2967921061487,1621.75185654433,15.288,0.0,13.240093005117314,0.1515805216328004,7.25483470966133e-08,-0.1631377105605367,-0.1203883460542816,0.0230422779722364,10.35234654568752,9.653171840940654,50.68311791087081,11.48391577752234
1.56,31.222142051405505,131.0105226117044,41.57899176027748,8.620227408306516,-5.483392801657384,28.6455197314854,7.531905092490936,-7.657346833708936,328.7250044353954,51.782150777828846,16.723685681288604,67.99706961036449,-7.38874638413361,112.14466753871964,1635.819431895458,15.288,0.0,13.263586705308132,0.1522405055979798,7.919886544478934e-08,-0.1658436864812236,-0.1221397129653401,0.0235253605261191,10.20532066789285,9.577067973632875,50.92213568424218,30.592978860204553
1.57,31.222141171033336,131.01052403061232,42.02106591652667,8.521499734433249,-5.398970519067993,14.645481772990296,7.593418937292963,-7.767676990605795,210.01875616350367,51.90670242101864,16.769980898077215,67.89301294264723,-7.530451382116055,111.99177538841502,1643.6283479434092,15.288,0.0,13.287024689657647,0.1526074514155525,8.616670017535705e-08,-0.1685686103811237,-0.1238955786423901,0.0239683952065529,10.077175731484854,9.519582616010712,51.05988859409851,18.234224780632083
1.58,31.22214028685186,131.01052545574026,42.46490032186685,8.398965083051786,-5.299826054158761,5.290765425179705,7.678294673644139,-7.911786175543096,130.881252323257,52.169082999917904,16.867793859432407,67.78713147467654,-7.672719499617696,111.83816138642212,1660.2161242617867,15.288,0.0,13.310316620993447,0.1533796276779101,9.346044612287053e-08,-0.1713079719086146,-0.1256528405210348,0.024479980349764,9.921147948252734,9.437813963676705,51.337774919435965,12.228849838276034
1.59,31.22213939920963,131.01052688616616,42.91024376173126,8.289977410423937,-5.209307353991716,35.149746534578306,7.748094362858305,-8.035139501625723,385.03439630430495,52.34494494774977,16.934057985296292,67.67941144245646,-7.815507963918948,111.6838681372614,1671.3566378973849,15.288,0.0,13.33346594083531,0.1538974440689849,1.010891280627568e-07,-0.174057966400865,-0.1274088895692898,0.0249557344151485,9.781148938429205,9.372239132878796,51.5277957579839,36.87954872976949
1.6,31.222138507323816,131.01052832437287,43.35769159495701,8.182507412876097,-5.119898482964972,9.406919992402385,7.81502727787,-8.15506331591119,166.64532341110595,52.50518485776034,16.99485432427501,67.56984181203087,-7.958770997015744,111.52894152005568,1681.5328103116617,15.288,0.0,13.356569117771716,0.1543693393295886,1.0906057893154513e-07,-0.1768275072788072,-0.1291691647758093,0.0254293374788608,9.64304111540407,9.3099786675278,51.70202296210776,14.69931470456471
1.61,31.22213761199989,131.01052976808433,43.80665144982,8.057857824749222,-5.020054313580961,13.11966162183224,7.8998665325999875,-8.301205938455906,198.60469218265743,52.770022896302805,17.09540121894062,67.4584115367504,-8.102463041076795,111.37342720791152,1698.4657366761237,15.288,0.0,13.379533786808633,0.1551487702210926,1.1738432340280645e-07,-0.1796062805822085,-0.1309269226104554,0.0259581115085409,9.484912647051644,9.230334193587508,51.982483122649086,17.419627789850352
1.62,31.22213671301458,131.01053121809625,44.25729976357064,7.956515512141765,-4.934723914396838,24.451564894404186,7.957108953881295,-8.40860556116187,295.2437695318118,52.87920563371816,17.138016573444492,67.34510839055756,-8.246539997125945,111.21736933278343,1705.4275019272648,15.288,0.0,13.402359979914513,0.1554705686145896,1.2606903711768905e-07,-0.1823972280282678,-0.1326838177203495,0.0264148799012139,9.354187711154164,9.17829237607312,52.10501898156288,27.053636653366944
1.63,31.22213581017102,131.01053267517617,44.70979527311861,7.835973596274687,-4.837792098680657,4.331410182086874,8.0351363993298,-8.546432516898534,124.79374979481824,53.108320321322445,17.226277636312524,67.22992444199377,-8.390953455989463,111.06081673767228,1720.16324746835,15.288,0.0,13.425129890977338,0.1561449882075308,1.351231030655335e-07,-0.1852018788883754,-0.1344405685582431,0.0269360899417761,9.201116426796172,9.106569161414642,52.349304346288,12.50464073403235
1.64,31.22213490418773,131.01053413724048,45.16360748376856,7.717814707525881,-4.742511337974627,35.20229688603492,8.109228380729085,-8.67933191328587,387.317202502268,53.31783913870794,17.307838374079946,67.11284942983252,-8.535657848839383,110.90381523748742,1733.6869189301476,15.288,0.0,13.447757560422726,0.1567618024648226,1.4455637655419714e-07,-0.1880109319406106,-0.136191164817614,0.0274513243540021,9.050956829822114,9.039219667433809,52.57373755368538,37.152282479604786
1.65,31.22213399409748,131.01053560744344,45.61947458126454,7.611111930461467,-4.6543454795168895,9.427555667668896,8.167771867289254,-8.790617539872693,168.9281306090331,53.44230675406064,17.35753212344759,66.99387423538177,-8.68060676760837,110.74641161229016,1741.7144591682672,15.288,0.0,13.47027133295702,0.1571285631439205,1.543764640822951e-07,-0.1908367180419878,-0.1379430237186282,0.0279277383890036,8.914276631712497,8.986901251358201,52.71200769042475,15.259956090218449
1.66,31.22213308047941,131.0105370841463,46.076971279631984,7.479512557942345,-4.551318937899753,7.489176806942962,8.256139146814197,-8.94558833145723,152.94843823292413,53.73526690887508,17.472088285466086,66.87299123046336,-8.825752753930335,110.5886538396652,1760.7848495956223,15.288,0.0,13.492724656022302,0.1579907269189977,1.6459322167203849e-07,-0.1936706410131648,-0.1396905692105039,0.0284965798424117,8.74870058546394,8.907896415463073,53.02109902159729,14.292485908795362
1.67,31.22213216348836,131.01053856698215,46.53598979207379,7.371261693294382,-4.462546014108187,41.60787746743967,8.313247434446193,-9.056235099606472,442.8656393001777,53.85802790587485,17.522196090913575,66.75018920317046,-8.971052311841625,110.43058565239808,1768.7612207316615,15.288,0.0,13.515036098421996,0.1583524855770493,1.7521629068384362e-07,-0.1965112227497461,-0.1414326689816103,0.0289793196804749,8.610445938864903,8.857836477250574,53.157761317002056,43.38595330785235
1.68,31.22213124217746,131.0105400591572,46.99725756838694,7.248449523234591,-4.365201242368596,-0.8724866490784842,8.387717365114181,-9.19277007756528,82.94219117491815,54.07861261593162,17.610321091203016,66.62546193696811,-9.116457507582652,110.27225567591164,1783.2003653255836,15.288,0.0,13.537260405510215,0.1590018731856525,1.862532347459995e-07,-0.199369743448995,-0.143175920506133,0.0295199705579704,8.455365082991424,8.793020649201791,53.393591555696055,12.474857003141869
1.69,31.22213031794745,131.0105415563249,47.45972435777449,7.123355904199212,-4.26673184714176,25.4486045506966,8.464047252818894,-9.332776366003891,306.6578325295533,54.31308767702444,17.70462944101447,66.49880061218126,-9.26192345005464,110.113709292807,1798.61721371648,15.288,0.0,13.559420450995855,0.1596921103309111,1.977159735155975e-07,-0.202227118983975,-0.1449084593852852,0.0300715430964753,8.297787092133726,8.727409667769956,53.64349028849222,28.39669495158772
1.7,31.222129389883257,131.010543061603,47.92409399923329,7.013924428095745,-4.1777078567329005,12.293547763147927,8.516738925520125,-9.439289506710526,195.56094491290364,54.42224550959565,17.750949350582626,66.37019907433921,-9.407403268305078,109.95499412325653,1805.7735692866167,15.288,0.0,13.581419311426378,0.1600138967108904,2.0961191050884986e-07,-0.2050955590586178,-0.1466374059369812,0.0305580163106957,8.15849727419934,8.682806006233605,53.766594023185846,17.685201297179642
1.71,31.222128458354376,131.01054457397714,48.390097478675294,6.883391420051458,-4.076416388660034,6.668970385023635,8.597630862772405,-9.587620781540116,148.38280983672328,54.68793719306074,17.858782556535665,66.23965363924704,-9.552848534642736,109.79615957247717,1823.36667007452,15.288,0.0,13.603344556071024,0.1607959373095614,2.2195094092148973e-07,-0.2079687784189038,-0.1483586773879237,0.0311359898710732,7.99488575891565,8.615073897766544,54.0481552728466,14.502306530322642
1.72,31.222127523667808,131.01054609257494,48.85751075891718,6.769386486990139,-3.985047310561016,31.75044798607193,8.652711863386804,-9.69914960507539,361.44531325985855,54.8189922017355,17.914781586327457,66.10715717210435,-9.698214599903688,109.63725101265342,1832.033928452316,15.288,0.0,13.625205142405145,0.1611821218068154,2.3474319081781775e-07,-0.2108425192049753,-0.1500694678625714,0.0316404556180347,7.850554793454053,8.569683461478455,54.19352700088703,34.307927261329674
1.73,31.222126585147496,131.01054761983897,49.326860142858656,6.64686744168357,-3.8888440539464137,3.856554559431977,8.718226392516275,-9.82677223565789,125.5546908582312,55.01016012437333,17.9948931239555,65.97270801404973,-9.843452714721412,109.47831839611544,1844.7505387909407,15.288,0.0,13.64689697511396,0.161745062484767,2.4799615913504854e-07,-0.2137251720653072,-0.1517744418870694,0.0321834411986179,7.696494628869689,8.516458401283895,54.39977083388206,13.691089696314886
1.74,31.222125643698625,131.0105491529046,49.797465673265805,6.517695963023245,-3.78902054782992,24.99159188967644,8.792360197494173,-9.967857238825111,305.13595139666023,55.25230729796905,18.09594034721984,65.83630288576951,-9.988516386164047,109.3194093136008,1860.9427889126305,15.288,0.0,13.668538650811566,0.1624579053088139,2.6172130953066924e-07,-0.2166031795797345,-0.1534653001158524,0.0327589141205586,7.534921333739817,8.45718608823313,54.65756306192985,28.306243851069663
1.75,31.22212469863109,131.0105506942706,50.26986463288704,6.404517977436894,-3.698602040678244,15.411541978505044,8.83892406694398,-10.069389966781804,224.4765664120468,55.35291004990393,18.141626981013697,65.69793867213882,-10.133359759232254,109.16057077014452,1867.640926407557,15.288,0.0,13.69007334066338,0.1627545748971419,2.759260966956716e-07,-0.2194862267810427,-0.1551474136405472,0.0332538752923705,7.391919211346527,8.420786096683376,54.77233840902559,20.421430388676274
1.76,31.22212375031239,131.01055224288996,50.743787486385486,6.2742003141478175,-3.598532339070048,3.1281302538460607,8.910979774391198,-10.2092618777658,120.98906246686956,55.59375647893035,18.24371125428105,65.55761661634023,-10.27793431837484,109.00185280650751,1883.8430854592875,15.288,0.0,13.711487356360829,0.1634636121986196,2.906205467299298e-07,-0.2223674450388893,-0.1568164342630794,0.03383545165102,7.229329758397909,8.365143325195831,55.02887188807436,13.907544266096659
1.77,31.22212279914057,131.01055379754405,51.21893874144537,6.154787663651297,-3.5049100900573205,32.723797698448266,8.962745657142298,-10.320107079411487,372.0984511817177,55.73409871740129,18.306518901281592,65.41533543756269,-10.422194535971675,108.84330231376148,1893.279865446868,15.288,0.0,13.73286481777635,0.1638771429813827,3.058148733329354e-07,-0.2252407984019074,-0.1584685797481289,0.0343576110373096,7.079442528073631,8.32617714125584,55.18389202704704,35.463817556124866
1.78,31.222121844284825,131.0105553613244,51.69596721641828,6.031196782181524,-3.4090614164401822,2.370269002281696,9.018866933873152,-10.438325648512302,115.66250100244405,55.90295853224736,18.38135257201069,65.27109815306177,-10.566092492991489,108.68496894764496,1904.6822053875792,15.288,0.0,13.754056247460175,0.1643745334818158,3.21515401940296e-07,-0.2281172726482252,-0.1601097925851386,0.0349002043000988,6.924887546285196,8.284779534376598,55.36778031814431,13.997027479378533
1.79,31.222120886666577,131.01055693118917,52.174175419412606,5.898327206598379,-3.308255140086403,21.72345439220112,9.08938943823326,-10.578776227505871,280.02501822604995,56.153495534558346,18.49000092727149,65.12490702103689,-10.709581947616291,108.52690066136196,1921.7043366673463,15.288,0.0,13.775201453003792,0.1651120927502487,3.3773402090187104e-07,-0.2309822521191009,-0.1617313926675892,0.0354952674127964,6.7598903505995445,8.23351824327793,55.634124733121794,25.815421312881025
1.8,31.222119925577303,131.01055850981896,52.65411875929152,5.7816687824712965,-3.2166805050998075,13.657886044364725,9.127747283040684,-10.672496000999413,212.3015623593172,56.24340448712012,18.53438080883547,64.97676328457568,-10.852618392814556,108.3691436465606,1927.7741232634105,15.288,0.0,13.796254155334903,0.1653773546683625,3.5447731072990165e-07,-0.2338460203515845,-0.1633388337247635,0.0359912222468513,6.613590254150514,8.207339874198636,55.73839488135437,19.589685871786145
1.81,31.22211896126252,131.01056009656568,53.135619805176766,5.646192597205745,-3.1148901049858844,6.034073229690997,9.198679483057536,-10.815633575778044,148.3828098364039,56.50846226556028,18.65069630984855,64.82667328040048,-10.995154718585528,108.2117471178978,1945.8968863085784,15.288,0.0,13.817186548535169,0.1661576304464256,3.717549807833593e-07,-0.2367030815121717,-0.1649286038042138,0.0366009461753909,6.4459752870310085,8.158152262375037,56.01941745556654,15.427367682751148
1.82,31.22211799408649,131.01056169027945,53.61840685006064,5.523933964050018,-3.020612780473635,32.597875133918066,9.241753670969365,-10.918235507023365,373.6203323127005,56.63762144858283,18.712447926766966,64.67463887372917,-11.137148052216007,108.05475577393943,1954.711663709354,15.288,0.0,13.838093117728112,0.166538318374236,3.895773741993128e-07,-0.2395475262127527,-0.1664970513980879,0.0371237171487287,6.2936202290577885,8.130396937305212,56.16336446232071,35.59830530725044
1.83,31.222117023308662,131.0105632938824,54.10306409066399,5.395031381152959,-2.922873870185384,0.22890580803385,9.294800045483074,-11.036802471713672,100.44374968807423,56.82506570852928,18.79877734479745,64.52066823958013,-11.27855225256399,107.89821809383812,1967.579790683736,15.288,0.0,13.858816102160612,0.1670903974481017,4.079501538117237e-07,-0.2423891579623942,-0.1680491163540918,0.0376866612016302,6.133863962042755,8.096552732370625,56.36614086646741,14.431102333296954
1.84,31.22211605002136,131.0105649035567,54.58875592202215,5.263134152208193,-2.823799075328349,26.16894301135964,9.351601035162192,-11.16197993547426,320.3547027125185,57.04031667339434,18.89758287907268,64.36476828720755,-11.41932324547934,107.74218044578714,1982.4216914135693,15.288,0.0,13.879507787160808,0.1677242487781771,4.268863935196516e-07,-0.2452098291711758,-0.1695744759296545,0.0382678492713674,5.970927741952847,8.061117759732873,56.596934896334105,29.947551090741378
1.85,31.222115073347503,131.0105665227493,55.07617287488504,5.1409086660616925,-2.730077987979395,7.6494550174112925,9.384644755131212,-11.252579009016092,164.3625022151224,57.142661438706206,18.95035962460403,64.2069476331765,-11.559416981375357,107.58668935885132,1989.4487963488305,15.288,0.0,13.900080165561633,0.1680261133859742,4.463904399422e-07,-0.2480224870585058,-0.1710796886047901,0.0387744304181027,5.819128150309837,8.043609935942412,56.71398404659083,16.528951981222527
1.86,31.222114093909354,131.0105681493632,55.56484285860983,5.005292319345088,-2.6295082954838924,7.03673929405593,9.44388689127331,-11.38364700931317,159.7968738257949,57.387086728065306,19.06315208404556,64.0472189014968,-11.698788191123416,107.43179290881076,2006.4105136894548,15.288,0.0,13.920561678337524,0.1687457691093339,4.664731941047616e-07,-0.2508153365120386,-0.1725579502409826,0.0393769226096546,5.652403439549736,8.008846033149007,56.97418950860168,16.37956405831118
1.87,31.22211311178232,131.01056978328603,56.05471655300174,4.882502280185824,-2.535893496261693,28.76142582437047,9.471108463492609,-11.46744665440128,343.9437557428203,57.479191202665206,19.113153573142164,63.88559215774478,-11.837394419202056,107.2775362510508,2012.761354621408,15.288,0.0,13.940975496189626,0.1690175357970932,4.871427560256664e-07,-0.253586605649595,-0.1740079042224853,0.0398740192488738,5.500364410446367,7.997368984528584,57.08098402282783,32.379373739304235
1.88,31.222112126424967,131.0105714268234,56.546227037468434,4.750861405332851,-2.4378745346215047,-1.301038119236316,9.51508366588181,-11.57770622374502,90.5515668317428,57.66523970266528,19.20333535235245,63.7220837733483,-11.975190796418278,107.1239674395742,2025.71653454636,15.288,0.0,13.96125025886984,0.1695655525236526,5.084039476994198e-07,-0.2563427389577462,-0.1754323833126492,0.0404359507087566,5.338566071852083,7.975476039387365,57.28241480245418,15.04236679381875
1.89,31.222111138722536,131.01057307676797,57.03869354519281,4.617030374354257,-2.3390467114149542,24.57109834520543,9.561629090624468,-11.692943532881296,309.70156479092924,57.874810293734846,19.304552351214216,63.55670827835745,-12.112134904518026,106.97113201943192,2040.370669196428,15.288,0.0,13.98150462636426,0.1701827446424701,5.302687003369779e-07,-0.2590683656052827,-0.1768229488476508,0.0410124716737758,5.174578266237882,7.9529198994063774,57.50749574333499,28.84247827804649
1.9,31.222110147931577,131.01057473621208,57.5327069246719,4.492859599016503,-2.245272991452619,8.37425589098339,9.580133925464672,-11.766716193079956,173.493759003727,57.954130398718846,19.351271489383446,63.38948183492612,-12.248184690873298,106.81907535789487,2045.870190882713,15.288,0.0,14.00156916648826,0.1704169387269162,5.527397945375169e-07,-0.2617743580844834,-0.1781846365648774,0.0414956766717908,5.021623253552369,7.950479992640566,57.60153400240167,17.330976248497926
1.91,31.222109154501045,131.01057640364232,58.02792686093181,4.354590492242457,-2.1447586769402767,6.406549005889394,9.631590072091017,-11.891868269167686,157.51406662904287,58.20936511485234,19.473971164535456,63.2204255319154,-12.383296934788724,106.66784436426256,2063.8319815733785,15.288,0.0,14.021621058302584,0.1711684261168222,5.758266731209014e-07,-0.264450967017722,-0.1795119200613015,0.0421025792354024,4.853203780193306,7.926934290181694,57.87254588314956,16.589994828597803
1.92,31.22210815853783,131.0105780788145,58.524278598352126,4.228607900310792,-2.0505273523988814,29.59239264130296,9.646732873420888,-11.962674201253147,353.8359375978539,58.29506330035888,19.524993286037954,63.04955625706775,-12.517431883598116,106.51748231424509,2069.8146087500463,15.288,0.0,14.041523760890502,0.1714213881197225,5.9953637535612e-07,-0.267095764819645,-0.180803083025519,0.0425842240550418,4.698739154759255,7.928719234044411,57.973035970139264,33.344785670528886
1.93,31.222107159398583,131.0105797645606,59.022278119963566,4.094223649615234,-1.952465062335854,-3.2957096387114504,9.68092293470228,-12.063941187166105,76.85468964740448,58.48690198126835,19.622498562021445,62.876897915527245,-12.6505476856003,106.36803508800332,2083.360069313524,15.288,0.0,14.061384288371988,0.1719864726975329,6.238712274703524e-07,-0.2697166618581665,-0.1820612889789012,0.043141531792403,4.535228320419423,7.918940625982192,58.1802688401793,15.815203060907656
1.94,31.222106158150503,131.01058145677783,59.521096143630686,3.9595212038399934,-1.854567666017696,25.21484105983883,9.71288137684437,-12.162965245049184,318.0718965145692,58.680695263580624,19.72206441776404,62.70247237879705,-12.782604861754187,106.219546162361,2097.088589973265,15.288,0.0,14.08112710859371,0.1725573129616617,6.488441257633762e-07,-0.2722947618268463,-0.183276834385449,0.0436961204681832,4.371698984643558,7.911589475523015,58.38943132194924,29.632178419175645
1.95,31.22210515396597,131.01058315905735,60.02139369185687,3.831476420211436,-1.7600221209540556,9.362074690197728,9.720742729006886,-12.226118161602868,184.9078219909956,58.76729543065312,19.77577033024304,62.52630495562048,-12.913563667479092,106.07205958497606,2103.18171308852,15.288,0.0,14.100785773818732,0.1728129471282451,6.744545085711846e-07,-0.2748419039097709,-0.1844546699296998,0.0441678346159076,4.215835659643084,7.921115189936209,58.49087527915376,18.210415893379718
1.96,31.22210414733105,131.0105848696523,60.522798028854815,3.69356465421784,-1.6612508378769366,5.497987026243794,9.755270783575831,-12.331771003415684,152.94843823482103,58.99960804233529,19.894275357165,62.34842467564431,-13.043384258087858,105.92561979436547,2119.740550574544,15.288,0.0,14.120376023107807,0.1734970753512901,7.007111073552715e-07,-0.2773474706582749,-0.1855890848460429,0.0447445204475346,4.0494876227287415,7.91404054944956,58.73869593131686,16.657303067493164
1.97,31.222103138312825,131.01058658847776,61.02526500736864,3.564670103722309,-1.5668093166623152,18.50929010984122,9.75680707898873,-12.387526532357308,263.28438576860447,59.08259484610885,19.94810100703438,62.16885816536328,-13.172029052243868,105.78026896550716,2125.60517390759,15.288,0.0,14.13983086935816,0.1737420962984689,7.276187345671978e-07,-0.2798091824594267,-0.1866784004047626,0.0452029800547543,3.893404165563084,7.929380051653231,58.83651168711963,24.31542552242767
1.98,31.222102126522984,131.01058831742372,61.52911172819923,3.4290432525471943,-1.469700796229898,-2.770102797549697,9.776455468908445,-12.472812375777105,84.46406530793345,59.26916776501236,20.048597709934928,61.987638879220206,-13.299459243162664,105.63605095322797,2138.947372076409,15.288,0.0,14.159267129746116,0.1742917365006409,7.551786487356858e-07,-0.2822304498794393,-0.1877232483343877,0.0457358973877223,3.7303858262641936,7.9337366403544545,59.03833301983701,16.087995512365143
1.99,31.222101112744127,131.01059005338303,62.033727642039885,3.294682760646426,-1.3734583844240469,26.30946992340377,9.787993307455208,-12.5467360039406,330.246885567478,59.431173055041846,20.139395242949632,61.80479874590497,-13.425637951722733,105.49300773518668,2150.552145146981,15.288,0.0,14.1785211539713,0.1747691385030029,7.834007101736123e-07,-0.2845967912101345,-0.1887166183706081,0.0462431852699336,3.569207574635856,7.944034785537108,59.21545137780429,30.74757884760774
2.0,31.222100096123665,131.01059180024143,62.53979775610859,3.1631227078180446,-1.278696992098053,4.574771482792168,9.784818194869262,-12.599056583672224,147.6218847660987,59.53523665835117,20.20510902463933,61.620373284984446,-13.550528335700518,105.35118156294008,2157.984951988258,15.288,0.0,14.197796899284617,0.1750761588482924,8.122806175478366e-07,-0.2869195124322287,-0.1896623685141327,0.0466999567755423,3.411561189570415,7.964604335096368,59.334396077590334,16.59540382229331
2.01,31.22209907730932,131.01059355545476,63.04681762221895,3.0245134276915167,-1.1814077465230644,9.104639228291726,9.804420412184104,-12.688588396047136,186.4296881318677,59.768198500182216,20.32996607931033,61.434400475459285,-13.6740941869555,105.21061428590512,2174.800407223896,15.288,0.0,14.216866585948509,0.1757622397345027,8.41827012220334e-07,-0.2891855982527336,-0.190554176072741,0.0472506696177465,3.2468614144924017,7.970923779242626,59.582636554944855,18.439668939015768
2.02,31.22209805606938,131.01059532023928,63.55497968940965,2.894102045472976,-1.0877048463023749,15.176461896288368,9.78736861304706,-12.721796019314146,238.1734365950983,59.83625004580514,20.38127762966228,61.246916883467534,-13.796300758414896,105.07134642132333,2179.6491562991414,15.288,0.0,14.235963032790265,0.1759633710310815,8.720396779089867e-07,-0.2913967690199357,-0.1913918027837066,0.0476638395843646,3.0915889263128573,8.00150371928099,59.66540403047926,22.08985454941224
2.03,31.22209703215728,131.01059709596194,64.0644898482471,2.7556140047050808,-0.9912613684156018,-4.767730456032408,9.799231247098732,-12.802352005780124,70.76718712607814,60.064184412812885,20.50626992069716,61.057965763220125,-13.917112838152436,104.93341935039176,2196.179088932965,15.288,0.0,14.2548741699412,0.1766346852201435,9.029184663042316e-07,-0.2935534649207543,-0.1921741571556607,0.0481971596752957,2.9283527622002614,8.013735648349705,59.908485208675366,16.812388397113526
2.04,31.222096006306657,131.01059887956467,64.57477177762797,2.622180563029827,-0.8971102246881135,32.20204816116812,9.785751166448646,-12.844140601386492,382.7515591016225,60.18463500998048,20.583383705641733,60.8675875288972,-14.036496861348768,104.79687291545343,2204.8880285551986,15.288,0.0,14.273788574731656,0.1769899222962917,9.344715521442236e-07,-0.2956422953665491,-0.1928953055557391,0.0486350694834215,2.7712949471392263,8.042601248208864,60.043723023198645,36.0236697110945
2.05,31.222094977619488,131.01060067534476,65.08655059030005,2.488062645827698,-0.8030067849812047,-1.5672912111786157,9.769928621320428,-12.883912817420615,98.92187555189255,60.311427427401526,20.664271919594302,60.6758291011452,-14.15441896881822,104.66174765010508,2214.0790524344766,15.288,0.0,14.292544580484336,0.1773638164935643,9.666903940741347e-07,-0.2976733375161645,-0.193557384749298,0.0490699391437942,2.6143584783436657,8.073233407788758,60.18529554588044,16.245095151867503
2.06,31.22209394719236,131.01060247857302,65.59895914378218,2.3506525177433155,-0.708356262243862,14.628326195011812,9.76727325363547,-12.946184728950472,235.890630410218,60.52283915812573,20.78556705000168,60.48273912248614,-14.270846134138752,104.52808349007864,2229.5185940517576,15.288,0.0,14.31128162656633,0.1779865661593799,9.99586310860663e-07,-0.2996273552560574,-0.1941527595223533,0.0495627429562261,2.4550059665928985,8.095124908718692,60.411573651138376,21.840129420746617
2.07,31.2220929144254,131.0106042922105,66.11248452599808,2.219204984906397,-0.6158697932684615,9.954164817902583,9.7290184328774,-12.953022577727385,197.0828110428685,60.57696928771668,20.834782925559235,60.28836802764678,-14.38574587630224,104.39592012012304,2233.3981585391352,15.288,0.0,14.329864496969792,0.17814678627672,1.0331506626589928e-06,-0.3015105341592746,-0.1946820689633195,0.0499163899951186,2.303036403010694,8.14022364192291,60.48023054970319,19.013679044002853
2.08,31.2220918793884,131.0106061162151,66.62707942809054,2.081680029490938,-0.5221629981859754,-2.3194411742042527,9.720054963665149,-13.008709646429796,94.35625516513028,60.79700785826583,20.962572230537333,60.09277159793768,-14.499086246748206,104.2652969885932,2249.5414268351174,15.288,0.0,14.348435764248924,0.1787949223654105,1.0673829038863747e-06,-0.3033179913784768,-0.1951421944060072,0.0503955312472596,2.146142110944225,8.165728836063675,60.71498782168829,16.403834994365834
2.09,31.222090842501625,131.01060794883,67.14241434347598,1.9485572491549823,-0.4300604345319461,23.928660569218817,9.682028371103025,-13.019074201651025,315.78905931083045,60.89331783070393,21.033481486964327,59.89600366597264,-14.610835969537796,104.13625315312116,2256.5623647701245,15.288,0.0,14.366845586491504,0.1790791980438604,1.1022848973015617e-06,-0.3050412332927787,-0.195529467540689,0.0507596148296738,1.9954337924402117,8.209912080803585,60.825764729940886,28.910530314814817
2.1,31.22208980311097,131.01060979340537,67.6590216510848,1.8141722884106777,-0.3381373629416783,-2.8117632058391906,9.647199897977623,-13.03646907269592,91.31249989625807,61.026965754255535,21.122918544063,59.69812454817697,-14.720964299290268,104.0088274543358,2266.36601222576,15.288,0.0,14.38525438263407,0.1794732862349603,1.137845357345224e-06,-0.3066850484258961,-0.1958430126756374,0.0511426163243577,1.8454050383659932,8.251369265567577,60.973851569809725,16.45976925964054
2.11,31.222088762124887,131.0106116458564,68.17617933157432,1.6787296335781912,-0.2466046900382049,18.92303903973803,9.616971783591175,-13.063001739931678,274.6984487617491,61.2064002422728,21.23545718795849,59.49919595081447,-14.829441160869647,103.8830583525273,2279.5996129576847,15.288,0.0,14.403491068913096,0.1800020339554959,1.1740713269503166e-06,-0.3082341228553155,-0.1960779243194629,0.051549507307801,1.6967408914875088,8.288845738543234,61.16766378774339,24.92407605596036
2.12,31.22208771885401,131.0106135097219,68.6944480454234,1.5464045678757432,-0.1561006468235609,4.7527627328746656,9.56058263347706,-13.04863515888972,155.99218548998823,61.27709562934965,21.2970083625778,59.299282285197215,-14.936236807687452,103.75898434040286,2284.754822213123,15.288,0.0,14.421731611674316,0.1802109971977415,1.2109475237771587e-06,-0.3096938108775802,-0.1962330088668716,0.0518508670369823,1.554261426647721,8.3428933906122,61.25257542742011,16.860022935819465
2.13,31.22208667364064,131.01061538361543,69.21355969148313,1.410415725138534,-0.0658441855945468,1.252226578929249,9.530331000580308,-13.079130921285122,127.07656400030532,61.50404596651566,21.434904032667607,59.09845231984726,-15.041322591342048,103.63664304506548,2301.5952503347,15.288,0.0,14.439802057386723,0.1808795005140776,1.248473117203884e-06,-0.3110554802162778,-0.1963046085430328,0.0522691202457662,1.4119515213861922,8.37797883534431,61.49370318830493,16.231418485200717
2.14,31.222085626585283,131.0106172672491,69.73343952696895,1.2788868814309104,0.02343956653438,17.939961032207187,9.460470719265354,-13.046122561572432,267.8499991619534,61.55461275488636,21.48869844251893,58.896774588761566,-15.14466922614752,103.5160732573902,2305.2661741964844,15.288,0.0,14.457878595029028,0.1810292773695559,1.2866412551992136e-06,-0.3123148372149632,-0.1962901026728416,0.0525212626128199,1.2791016290856587,8.43859001297549,61.55829463328504,24.11522386292026
2.15,31.22208457723345,131.0106191631479,70.25446028311934,1.144975521485735,0.112109466533323,-7.00591782790949,9.409252194148932,-13.046161728105249,58.592187067308245,61.72595624885797,21.602170023207904,58.69432406999553,-15.246249227832136,103.39731209765104,2318.001789913666,15.288,0.0,14.475785582017256,0.1815342591373021,1.3254381174755753e-06,-0.3134716422166006,-0.1961859847385872,0.0528598913590916,1.1504502615008498,8.484762776930046,61.74356635144392,17.544778348568403
2.16,31.22208352638492,131.01062106754677,70.77598315295565,1.0119669367195556,0.1997935286806546,25.25936238966435,9.351042884086842,-13.036442175546869,330.2468855659735,61.887883371885934,21.71244168857868,58.49117646281547,-15.346034491934075,103.28039783880492,2330.0626290193254,15.288,0.0,14.493701752756447,0.1820115544493173,1.3648659701448715e-06,-0.3145141191622102,-0.1959899566385435,0.0531721447292926,1.0314990956143668,8.533741066401436,61.91926680238133,29.923673169395467
2.17,31.22208247305569,131.01062298564537,71.29880769455575,0.8801908762343437,0.2869721672641168,1.4893071353996918,9.276110330629038,-13.0012670939258,130.88125231851762,61.991860204232346,21.79526706440068,58.28741142435745,-15.443997302282527,103.16536874946662,2337.781078140318,15.288,0.0,14.511443781143848,0.1823184259287437,1.404899106140802e-06,-0.3154465298501716,-0.1956969157386622,0.0534166922724098,0.925787516059942,8.592275710640768,62.03693749838546,16.040486422086865
2.18,31.222081418176145,131.01062491297617,71.82218860525501,0.7478962867904123,0.3726911899987721,13.756305014890312,9.213129099146872,-12.988191167740592,234.36874927713336,62.18595306221356,21.923959018562336,58.08311206922387,-15.540110735030376,103.05226260823234,2352.324516868096,15.288,0.0,14.529202491956182,0.1828903355162565,1.4455420069548078e-06,-0.3162559406589315,-0.1953055501220033,0.0537187253756471,0.8356073778524074,8.639815453377839,62.2444948446128,21.04306976821628
2.19,31.222080361291525,131.01062685208646,72.34649817494012,0.6178018189450037,0.4584265031266443,4.113806743232863,9.117220589251124,-12.921842968417067,153.70937929308252,62.237960330967226,21.983095752120047,57.87836469874913,-15.63434727857988,102.94111834668384,2356.1419562978767,15.288,0.0,14.546782918200147,0.1830443742971786,1.4867731329701156e-06,-0.3169413710727,-0.1948110083897914,0.0538774584425422,0.7693021523006784,8.708257927514637,62.309969029388384,16.340781587615766
2.2,31.222079302567305,131.01062880239195,72.87160769466675,0.4869667491050294,0.5420604507147208,-5.442860752349858,9.043284363701227,-12.895133784167244,73.81094238931682,62.43588117997341,22.11631739881328,57.67326019040859,-15.726681892666017,102.83197243825978,2371.0314336759634,15.288,0.0,14.56437266956954,0.1836275568884276,1.5285825680257544e-06,-0.3174959504835076,-0.1942100653644397,0.0541406322882428,0.7286693844733305,8.757724505576931,62.52102656628376,16.664039143131085
2.21,31.22207824234233,131.0106307623261,73.39724765924619,0.3579372677283627,0.6257481072670603,15.812180097275276,8.939363294382252,-12.819425562082252,252.63126284538905,62.50614712824109,22.18661469319057,57.467891963165215,-15.81708723366868,102.72486453943844,2376.2510884133,15.288,0.0,14.581800730616688,0.1838353047940393,1.5709595958158604e-06,-0.3179134936830452,-0.193501327770428,0.0542701007054952,0.7208846561489453,8.825949495115294,62.60443745710367,22.232294692167628
2.22,31.222077180041893,131.0106327351709,73.92388702062618,0.229175165092274,0.7076175321189612,-5.790290945702564,8.843668412336838,-12.7604998079628,71.52812818788428,62.65349128603173,22.296870114809312,57.26235798547023,-15.90553900148612,102.6198311760102,2387.3463419947243,15.288,0.0,14.599218306072215,0.1842697514421358,1.6138779105305404e-06,-0.3181904043784968,-0.1926769635509502,0.0544426551312687,0.7438018268949643,8.884400641783515,62.76464076242122,16.570102461127636
2.23,31.22207611648152,131.01063471681593,74.45086991911438,0.1014862648702309,0.7881810122944896,26.715640844201094,8.742707909459599,-12.694720658259424,344.7046808185258,62.80551115328903,22.410920471597848,57.05675942461129,-15.992011461095096,102.51691103605592,2398.8239501410167,15.288,0.0,14.61649956571214,0.1847179557618811,1.6573342111826253e-06,-0.3183192508476825,-0.1917397434050738,0.0545940851217551,0.7946874356682129,8.942932685815,62.92931443239992,30.843416475768564
2.24,31.22207505070096,131.01063671263418,74.97897678100173,-0.0252438601593265,0.8685058567174576,2.3063699788686614,8.621707255336167,-12.597197063927071,140.01250910530104,62.88516522816455,22.48894669010945,56.85120180317805,-16.076478829846504,102.41614335133654,2404.7903715228526,15.288,0.0,14.633744601595303,0.1849533307059472,1.7012900553886866e-06,-0.3182953239156373,-0.1906766744345363,0.0546564403037821,0.8688726182927278,9.012367577208757,63.02158458471524,15.438346813812538
2.25,31.2220739835023,131.01063871854555,75.50756172360391,-0.1507367517919998,0.9457812826042608,4.1835393821512366,8.516613978320217,-12.53005412600142,155.99218550271715,63.088293721751405,22.631801713553767,56.645794145161055,-16.158916556372155,102.31756635461656,2420.228102191716,15.288,0.0,14.650894854156858,0.1855518657248001,1.7457416348562808e-06,-0.3181120506084533,-0.1894915361715922,0.0547986305983768,0.957716941008802,9.064811631429714,63.23684995154613,15.717409831720204
2.26,31.222072914712296,131.01064073568483,76.03676779271213,-0.275481019716906,1.0242451626365054,12.690769884718955,8.374477983129713,-12.400463053973136,227.5203136714266,63.12303049733882,22.68871987595399,56.44065051919451,-16.239297887489506,102.22122139965632,2422.7707173121407,15.288,0.0,14.667956911410805,0.1856551416615858,1.7906610588096223e-06,-0.3177637651466652,-0.1881786416874152,0.0547659864472392,1.060641250024975,9.141560457227856,63.28390998229809,19.620372211295244
2.27,31.22207184413567,131.01064276537443,76.56675522787103,-0.3986435468856932,1.09956328391799,-10.270422780841876,8.245266350873658,-12.296752552291595,35.00312702946996,63.26984619248463,22.80485811316281,56.23588760040038,-16.317600439616786,102.12714508660493,2433.9298487763995,15.288,0.0,14.684979389991245,0.1860880648601728,1.836021387782808e-06,-0.317242646776508,-0.1867304636310505,0.0548005490130084,1.1695882108220994,9.202567911539052,63.44255458751707,18.01877145163829
2.28,31.222070772443043,131.0106448041003,77.09698340665028,-0.5204391360952825,1.1736597234776884,14.027035128327432,8.106063371355491,-12.17775911986108,238.93437766866384,63.39843476284244,22.912842627296392,56.031627139904494,-16.39379923491455,102.03537759546028,2443.708648186768,15.288,0.0,14.701854418128638,0.1864673841642595,1.88181042974572e-06,-0.316546552137222,-0.1851535216874821,0.0547886430414637,1.283859865972371,9.26621329887095,63.58277990848679,20.267308530071837
2.29,31.22206969919181,131.01064685452997,77.62781199475177,-0.6416233956874378,1.2478931360716918,9.85135796789026,7.944338009467461,-12.02119063613039,203.93126162897704,63.43792071915108,22.974913613279767,55.827994161193246,-16.467871572966303,101.94595684584844,2446.628686503883,15.288,0.0,14.718739947340968,0.1865846392364627,1.9279893336869142e-06,-0.3156664456926211,-0.1834365849523568,0.0546675499882118,1.4031581390533314,9.34265615445014,63.63392381767355,17.454821240286975
2.3,31.22206862446424,131.01064891642804,78.15917534474913,-0.76051085658435,1.3188197048443162,-11.018723701135436,7.791230876913223,-11.883259065364628,28.91562550114089,63.57050394990304,23.087197020519064,55.62511664699113,-16.539796218502783,101.85891944037483,2456.740579171927,15.288,0.0,14.735434952116464,0.1869757177041239,1.974531677618532e-06,-0.3145958941482656,-0.1815765128714443,0.0545932264947911,1.522353450259606,9.405437224753058,63.77764537241787,17.981306865572936
2.31,31.22206754860756,131.01065098801578,78.6907935452445,-0.8773726556067851,1.387602792878114,2.0499182592238445,7.633457039738055,-11.739694494244048,138.49062798801748,63.71848806136499,23.20899627171781,55.423127750794166,-16.609550286318868,101.774304424983,2468.065669684781,15.288,0.0,14.75213793987836,0.1874120992773207,2.0214134820862163e-06,-0.3133329573461089,-0.1795766172797307,0.0544978530523995,1.641667987423435,9.465429282323797,63.93643089216933,14.152464734639327
2.32,31.222066471479764,131.0106530702799,79.222781832485,-0.993879521553482,1.4567795825915328,17.127877977645227,7.452414402424527,-11.556355285729351,264.8062669041958,63.77052066272027,23.280637006509256,55.222164610183455,-16.677111390554327,101.69215069548892,2471.971690974789,15.288,0.0,14.768687895934596,0.1875662676645141,2.0685968407335783e-06,-0.3118700020991563,-0.1774302830207024,0.0542849197402322,1.7634597769222249,9.539002772579568,63.99932641025172,21.964790732728904
2.33,31.22206539300688,131.0106551638456,79.75519963276474,-1.1086671357205933,1.5241390929504628,3.257819707552168,7.264600684499302,-11.36346511271577,148.38280982659873,63.826210435724285,23.355041335833405,55.022366147690974,-16.742459866086246,101.6124942716068,2476.164248461147,15.288,0.0,14.785204667631978,0.187731195613694,2.1160456931911044e-06,-0.3101990514179423,-0.1751316545961983,0.0540384547012517,1.8846359985406764,9.611376753366777,64.06559340998673,13.875018980889774
2.34,31.222064313434075,131.01065726747993,80.2878483415843,-1.2206493194586168,1.5883833616073144,-7.979111402878417,7.077863289056412,-11.175542605768332,54.026562674543406,63.93466733984841,23.458941985881733,54.82387485849384,-16.805576274636486,101.53537130073585,2484.459383637099,15.288,0.0,14.801624828602623,0.1880513302488033,2.163729411719856e-06,-0.308318209691156,-0.1726831616096104,0.0537993134722202,2.003138719628191,9.675031076075072,64.18413805735398,15.448466592236915
2.35,31.22206323299172,131.01065937999732,80.82054138479522,-1.330978081605229,1.651226029077038,4.122616994612069,6.880346172281193,-10.969959754318138,155.23126043312428,64.01982292968725,23.551335631971995,54.626836335321656,-16.86644193726655,101.46081739483084,2490.9543517088014,15.288,0.0,14.817939059685049,0.1883029321632597,2.211614232833971e-06,-0.3062277011638493,-0.170088862066303,0.0535029638969032,2.12074504956195,9.741086532025456,64.27916100528782,13.589523587898451
2.36,31.22206215152108,131.01066150248792,81.35340536226995,-1.4401433294939132,1.7132106186537648,7.063064409070774,6.6687138035952565,-10.740315272851085,179.58125353103176,64.0602000981945,23.62019350230808,54.43139749471652,-16.92504050157564,101.38886568578016,2493.9696044836046,15.288,0.0,14.834226958801423,0.1884228289155651,2.259654697247525e-06,-0.3039185272214157,-0.1673411221270253,0.053130280415034,2.237964534915037,9.812663721049525,64.32927049362802,14.481470740266074
2.37,31.222061069136707,131.01066363443584,81.8863460729743,-1.5469753309719536,1.7729346083064892,-0.5250550074047879,6.451602009256655,-10.50282498816392,115.66250100150394,64.11094395317168,23.69557890751132,54.237706861955104,-16.981357148778173,101.31954775241412,2497.7942204157325,15.288,0.0,14.850341222211384,0.1885732194149962,2.307812059393708e-06,-0.3013887466891261,-0.1644411816397642,0.0527270634088072,2.352799588462541,9.881399739880058,64.38939142952643,12.337268092193094
2.38,31.22205998600261,131.0106657750106,82.41922939431936,-1.651375197176937,1.830389026060686,-5.293240027439412,6.22820083078426,-10.255528368517409,75.33281551688272,64.16479524051793,23.773532239428032,54.04591433080607,-17.03537857680207,101.2528936069996,2501.863898769854,15.288,0.0,14.86645388012492,0.1887327517351879,2.3560463340705343e-06,-0.2986390202636056,-0.1613927424467538,0.0522872121420613,2.4650428404005207,9.94808258640398,64.45226317385284,13.114295165739327
2.39,31.22205890225468,131.0106679235296,82.95194369355386,-1.7537008180722105,1.8860377698016348,1.298611881681233,5.996551617379745,-9.994203324288542,130.12031125441527,64.20602483227842,23.845391199952942,53.85616945521357,-17.08709412744209,101.18893026339724,2504.9517673941737,15.288,0.0,14.882399291030891,0.1888551602538146,2.4043153335985605e-06,-0.2956709269430529,-0.1581999609072679,0.0517981531345849,2.575168742973396,10.015055555687796,64.5022294527225,11.727281194137175
2.4,31.22205781786551,131.01067008028238,83.48450803016931,-1.853960238463368,1.939898450981025,0.903419244880158,5.756268292056244,-9.717848876947023,126.31563092509812,64.23069765565398,23.908806773840105,53.66862149744584,-17.136495346645354,101.127682229266,2506.748915841372,15.288,0.0,14.898297729040024,0.1889288696747288,2.4525710013284304e-06,-0.2924805825113893,-0.1548608615771784,0.0512563058412333,2.6831065927596134,10.082733537144792,64.53535797669502,11.330815406550954
2.41,31.22205673287971,131.01067224512005,84.01688322137585,-1.9515204817240728,1.9913410951864228,-3.11988435815006,5.51029789206564,-9.432129568370138,92.07344096205104,64.25880659108151,23.974876313214743,53.48341979129325,-17.183575335481308,101.06917226093827,2508.814958068976,15.288,0.0,14.914111804339845,0.1890126866634955,2.5007664295461405e-06,-0.289067207548332,-0.1513767888438438,0.0506776967793397,2.787891291089728,10.147902664863793,64.57154274879389,11.36055145941669
2.42,31.222055647388764,131.01067441759616,84.54899233463621,-2.046084873632742,2.0401337622715925,-3.4128791093896607,5.259570373692561,-9.138687895583036,89.02968570019311,64.29591278624548,24.04677598281364,53.30071361900407,-17.228328593550124,101.01342151563216,2511.584673837373,15.288,0.0,14.929793738095016,0.1891229690543812,2.5488547107527007e-06,-0.2854325627347328,-0.1477514498860381,0.0500668238787688,2.8890897341619657,10.209544846372609,64.61630853528624,11.082709090471011
2.43,31.222054561404743,131.01067659773707,85.08082174124435,-2.138128015236636,2.0867912630979752,-2.6997973518678977,5.0015955627219535,-8.83212649416307,94.35625516198084,64.32138878760364,24.112843491916763,53.12065286349882,-17.270750356823996,100.96045033718188,2513.446824752703,15.288,0.0,14.945467739560316,0.1891990423849327,2.596785237238168e-06,-0.2815757183289936,-0.1439856440635436,0.0494073494839977,2.9873512327667404,10.270660757203997,64.64910872714094,10.502919704686411
2.44,31.222053474941887,131.01067878555037,85.61235563074409,-2.227620598142233,2.131321362420771,-3.797598171029041,4.736794618913882,-8.513108802855232,84.46406530816766,64.33704786078252,24.17406000849,52.943386606517485,-17.310837376564596,100.91027724460984,2514.542211049408,15.288,0.0,14.96094486213824,0.1892462396912505,2.644506650525021e-06,-0.2774957912796161,-0.1400802002591821,0.0487008194384496,3.0826182063246588,10.330966131502624,64.67175783345554,10.456194174728484
2.45,31.222052388011328,131.01068098105617,86.14358018769265,-2.3138309785251225,2.173044530822968,-5.071466774142473,4.4673032064009925,-8.185888091266495,73.0500013181566,64.35876818152872,24.239360174974383,52.7690629217804,-17.34858779586062,100.86291904019636,2516.1117577105697,15.288,0.0,14.976401453019252,0.1893112660644614,2.691967272577876e-06,-0.2731927371034332,-0.1360367192005758,0.0479593645506745,3.1738570788263822,10.387686888206469,64.70002739096735,10.61533499339
2.46,31.22205130064892,131.0106831841116,86.67446178152046,-2.3968677662025124,2.212120610252944,-3.431026005987343,4.192621930629271,-7.84918864735707,85.98593843764652,64.38106771633942,24.30565082401068,52.59783075977021,-17.383999756807825,100.81839251565091,2517.727094104322,15.288,0.0,14.99175786162892,0.1893779962589935,2.7391145770782214e-06,-0.2686675456178536,-0.1318576845530626,0.0471788937493773,3.261226380653421,10.441593356733549,64.72846048805457,9.537283708098133
2.47,31.222050212831665,131.0106853949327,87.20501301223608,-2.476660014442176,2.2485241330717387,-2.147853425623943,3.9127165488706455,-7.502840901634797,95.87812829277556,64.40325790081705,24.372521739085727,52.42983834735424,-17.417072297335512,100.77671329229204,2519.3343864144645,15.288,0.0,15.006998080606486,0.1894444048957889,2.7858938045596904e-06,-0.2639184582797544,-0.1275429862347952,0.0463585463679079,3.344630916922925,10.492667013986956,64.75636459262797,8.730134404750867
2.48,31.222049124587087,131.01068761341304,87.73520616662931,-2.553201915056797,2.282276125183924,-2.13106100517711,3.6274558832087007,-7.146153110988259,95.11718822806812,64.42140081914903,24.437648215280813,52.2652336711803,-17.447804878037303,100.7378963762296,2520.6254656817573,15.288,0.0,15.022228112195076,0.1894989083243381,2.83225097482762e-06,-0.2589471343554963,-0.1230956471617876,0.0454958026622299,3.424058370484236,10.541335092097633,64.77980511781163,8.29260884632207
2.49,31.222048035939768,131.01068983945547,88.26501552456084,-2.6266554251679457,2.3135745170918165,-4.290021335753792,3.33670756152486,-6.778466598474752,76.09374858278413,64.43136930380285,24.49864260248411,52.10416302080193,-17.47619810824385,100.7019552023978,2521.277106661955,15.288,0.0,15.037266524535871,0.189529365923778,2.878131665661767e-06,-0.2537559685921116,-0.1185192446190912,0.0445883654706317,3.499742140225897,10.588258536267562,64.79468598882234,8.688239743411655
2.5,31.22204694696177,131.01069207265468,88.7943776939631,-2.6962187287096087,2.3417305715407046,-6.4439803753478,3.0424268279043445,-6.403752043835081,57.07031394300064,64.44831317420821,24.5642211496413,51.9467683328762,-17.502255017576154,100.6688999740872,2522.474899044581,15.288,0.0,15.052278904112152,0.1895803416429266,2.9234830422749064e-06,-0.2483510761045192,-0.1138204987810184,0.0436479057979454,3.570609005211917,10.63073607069334,64.81604895271309,9.580672435687468
2.51,31.222045857615043,131.0106943132913,89.32331566526445,-2.762612688470487,2.36741125128868,-2.591044321827225,2.742952521524011,-6.017848646060534,88.2687526322175,64.45337544096519,24.62338646022162,51.79319098612,-17.525978703333944,100.63874059507349,2522.7428214941883,15.288,0.0,15.067210676358844,0.1895963660857879,2.968247821956918e-06,-0.2427314213311319,-0.1089997976272168,0.0426614270151142,3.637625657071497,10.671758936441936,64.82514172542187,7.102943160401935
2.52,31.222044767940343,131.01069656113947,89.85179022333428,-2.8251657360621887,2.390077639515667,-3.642706831189922,2.439960296116902,-5.624354367114765,78.37656277911502,64.4609137805199,24.684490949071407,51.64356971239905,-17.547373327427444,100.61148536358148,2523.204691199576,15.288,0.0,15.082006927076645,0.1896196734051861,3.012371725012504e-06,-0.2369020581653842,-0.1040627319845141,0.0416396361930377,3.699919141210506,10.708900212203826,64.8362374248565,7.131344988955977
2.53,31.22204367794417,131.01069881618224,90.3797887253424,-2.884035467831275,2.40988083771641,-3.325059317445399,2.1331659601365978,-5.222060036080335,79.89843690921948,64.46377696613708,24.743278773480057,51.49804010969928,-17.566444193905077,100.58714082898771,2523.300678842657,15.288,0.0,15.09679003489476,0.1896292273692407,3.0557990185448743e-06,-0.2308661644821499,-0.0990132218428819,0.0405784647346109,3.757696099181469,10.743138348671124,64.8422085610106,6.548001794321936
2.54,31.22204258766019,131.0107010782208,90.90727705654255,-2.9387364123368847,2.426472793631195,-3.366459339603065,1.823714943783484,-4.8134853593538685,78.3765627802707,64.47224077221315,24.80582085319608,51.356733531562085,-17.58319814100968,100.56571124370323,2523.835248099772,15.288,0.0,15.11141894591434,0.1896552554680582,3.0984756864484592e-06,-0.2246302963693711,-0.093857937200657,0.0394855901849823,3.810351342755924,10.772762339442224,64.85327630453193,6.150498027484761
2.55,31.2220414970715,131.01070334737096,91.4342602154446,-2.989717027386301,2.440243061319648,-2.402342699983859,1.5109020973235971,-4.3963073009926585,85.22499837146472,64.47355706273659,24.864533332738343,51.2197792544915,-17.597642252012754,100.5472001675814,2523.810356318567,15.288,0.0,15.125985474173156,0.1896602571323007,3.140345360193528e-06,-0.21819613796749,-0.0885993900376681,0.0383534303067186,3.8584696336756568,10.79971556765952,64.85675367319556,5.232742443559012
2.56,31.222040406176824,131.01070562364094,91.96073064857252,-3.036479689998587,2.450809060585374,-4.617190988325927,1.1956480181475944,-3.9725718557636607,65.4406256619233,64.47645569977124,24.92453555229941,51.08730281363956,-17.609784560021097,100.53160952697966,2523.909464998774,15.288,0.0,15.14052335770324,0.1896699125406034,3.181353222733691e-06,-0.2115679679030572,-0.0832422696111199,0.0371881520294766,3.901416267868007,10.822436030750795,64.86131050192196,6.207201781413582
2.57,31.22203931500372,131.01070790684577,92.48665837736068,-3.079181910829513,2.458359262328071,-4.099072121141761,0.8780855258689341,-3.542050881730193,68.48437292375992,64.47736469076222,24.98372960657474,50.95942613801547,-17.61963384324848,100.518939836838,2523.8529328571367,15.288,0.0,15.154875351550636,0.1896737139450672,3.221445545833797e-06,-0.2047528849389537,-0.0777934379157035,0.0359889240011045,3.939425260719172,10.841527153155102,64.86340438766887,5.488128177605528
2.58,31.22203822355412,131.0107101969562,93.01203294010308,-3.117668737489599,2.4627717969199714,-2.9400513524955088,0.5586348666162168,-3.105199976584065,76.85468964629574,64.47623623441388,25.041998875808133,50.83626668084203,-17.62719988682264,100.50918982551303,2523.6370375423967,15.288,0.0,15.169212237782164,0.1896715206003927,3.260568652371413e-06,-0.1977567040217017,-0.0722586367327665,0.0347568569724299,3.9722934549085385,10.856800060888675,64.86296841158173,4.3125678851570175
2.59,31.222037131827445,131.01071249395147,93.53684556887332,-3.1518347170511176,2.4640057725174733,-4.2335559994687495,0.2376795810074979,-2.6626281700907706,64.67968559640212,64.47444388285095,25.10015117779445,50.7179372458216,-17.632493439047057,100.50235645180764,2523.369327391061,15.288,0.0,15.1834674284219,0.1896673730211148,3.2986693376823608e-06,-0.1905848818499242,-0.0666433063746915,0.0334937464937348,3.999907551255523,10.867993694137285,64.86136971332986,5.006902910585212
2.6,31.22203603982706,131.01071479777707,94.06108416895312,-3.181627655097581,2.462061849910552,-2.885331246279754,-0.0844101990324468,-2.2147971807889406,74.57187544829654,64.47209919743271,25.15824106568021,50.60454542606038,-17.635526325265996,100.49843472048111,2523.0585492073224,15.288,0.0,15.197590901082656,0.1896615993335991,3.3356957965667062e-06,-0.1832446893910292,-0.0609542118205723,0.0322009720389516,4.022222077066124,10.875051383029865,64.85871995935894,3.638349630600338
2.61,31.222034947525515,131.01071710856928,94.58475989470033,-3.206635944127596,2.4566319939302765,-0.8061033754288053,-0.4072443359555329,-1.762761955709024,90.55156683124268,64.47511649121257,25.219770386804488,50.49619561014876,-17.63631042617724,100.4974189699366,2523.167591418604,15.288,0.0,15.21169927221332,0.1896715981398795,3.371595338457628e-06,-0.175738489599571,-0.0551943153793514,0.030881822227399,4.038719065820176,10.87684651990682,64.86088511896412,1.9806514871477716
2.62,31.222033854877097,131.01071942657404,95.10789733494042,-3.227249548031617,2.4480676803160715,-4.092312647959489,-0.7309676618369022,-1.3054645418804287,61.635938333987326,64.47540767230497,25.279869969569344,50.39299033802057,-17.63485705309638,100.49930365634351,2523.063394492956,15.288,0.0,15.225685079339566,0.1896735762461544,3.4063153373942624e-06,-0.1680688598775077,-0.0493668073370908,0.0295327158410193,4.049917900427442,10.874742814611691,64.85983225289206,4.357243876742222
2.63,31.222032761968105,131.01072175117957,95.63042125193952,-3.243656146225525,2.43653633747746,-3.008229396143294,-1.0548064620050026,-0.8433329107575452,69.24531398985869,64.46763882983079,25.33525847649645,50.295024799719926,-17.631179249813872,100.504080342657,2522.3286048748064,15.288,0.0,15.239583109588471,0.1896518419718389,3.439809434837701e-06,-0.1602540143600638,-0.0434866474700421,0.0281546987698318,4.056065836278519,10.869552847879923,64.85025371667044,3.297464354693611
2.64,31.222031668772026,131.01072408249183,96.15234126446433,-3.2554294512192024,2.42172892886173,-3.19604003101156,-1.3782067986748257,-0.3777582435336818,66.20156672372235,64.45869975243382,25.390040590978884,50.20238498756397,-17.62529244060752,100.5117368230083,2521.502545453667,15.288,0.0,15.253464976902428,0.1896266635183047,3.4720295383638915e-06,-0.1523000989279403,-0.0375595743663259,0.026752238181513,4.056633920394952,10.86003980603842,64.83899078704484,3.5009751713343435
2.65,31.222030575299808,131.01072642036834,96.67363874067054,-3.2622658117134966,2.403481226060243,-3.7465299383020274,-1.7006922909132547,0.0899799023226993,60.11406420199117,64.45496506830693,25.44811581307613,50.11515098580556,-17.617212917320607,100.52225905625689,2521.0839207289337,15.288,0.0,15.267191441347828,0.1896167939806592,3.502930099772405e-06,-0.1442172797472641,-0.0315942782956184,0.0253297143128975,4.051278282144347,10.845202901659304,64.83239230122199,4.115451036008954
2.66,31.22202948153061,131.0107287648634,97.19431864060532,-3.26456616566205,2.3821009605398613,-3.5675002157282925,-2.0219809753741207,0.5605462593021202,60.11406420131667,64.44677397954825,25.5035399574566,50.033397119181615,-17.60695769324245,100.53563133575278,2520.3169320232582,15.288,0.0,15.280863685705176,0.1895938128615101,3.532465796729468e-06,-0.1360133288401763,-0.0255975750628791,0.023884574624673,4.040501786293787,10.826562429825437,64.82084573645132,4.138801392047449
2.67,31.222028387470463,131.01073111585097,97.71436572491432,-3.261991680818168,2.357363237505654,-2.295391461147179,-2.3415270427583845,1.0326756529423555,69.24531398875841,64.43977601389182,25.559715284769567,49.95719008789204,-17.594545202244035,100.55183535876648,2519.6435503458124,15.288,0.0,15.294519342103923,0.1895743401518909,3.5605943464925127e-06,-0.127699392354671,-0.0195787717566302,0.0224210517762384,4.023896746322542,10.803139947483048,64.80996530145852,3.4377303349820982
2.68,31.222027293132168,131.01073347315474,98.23375979939624,-3.2548895998963205,2.329584555295448,-2.2969705277757937,-2.6587830517998063,1.5062122346877482,67.72343985824304,64.42803236620165,25.613025789864487,49.886589324263966,-17.579995103124187,100.570850464582,2518.599399031872,15.288,0.0,15.307998536682987,0.1895409044929534,3.5872755405577582e-06,-0.1192887594693351,-0.0135485868949781,0.0209394763260757,4.001928363105483,10.776023573476484,64.7938618379668,3.8228099897760495
2.69,31.222026198448088,131.0107358371051,98.752539555329,-3.2425994001757297,2.298289587150931,-1.8435079331568565,-2.973722182439269,1.9800654272298632,70.00625405259574,64.42287738552652,25.67034319039717,49.82164607962782,-17.563328560517014,100.59265325521731,2518.0706912123524,15.288,0.0,15.321447131843806,0.1895268504527415,3.612468402481968e-06,-0.1107830647740472,-0.0075093494841058,0.0194438938861037,3.973782169474443,10.743247561846143,64.78379506357929,4.020224398470142
2.7,31.222025103423555,131.0107382075593,99.27069004959267,-3.225506480434255,2.263784729246616,-2.6648151100554327,-3.2857406078860407,2.454263604509179,61.635938331148765,64.41619314180551,25.72665687168523,49.76240961244834,-17.54456586646473,100.61722069735436,2517.422682697103,15.288,0.0,15.334879488539237,0.1895082959125163,3.6361351859089424e-06,-0.1021950430082145,-0.0014713671414478,0.0179338272979755,3.939948969370304,10.706161843714254,64.77169510422877,4.890883432827802
2.71,31.222024008080897,131.01074058425965,99.78818392256676,-3.2040152822711487,2.226421882865772,-2.8493975996564567,-3.594018703980009,2.928321933464087,58.59218706674122,64.40121481092989,25.77781870537993,49.708918036240334,-17.523729941447527,100.6445255389084,2516.126809975862,15.288,0.0,15.348125148376754,0.189465338941255,3.658241900535639e-06,-0.0935415119252339,0.004552332915819,0.0164106172981878,3.900961386995229,10.66601293325627,64.7508523363429,5.441608812795437
2.72,31.22202291244356,131.010742966935,100.30499310208316,-3.177688266702251,2.185888836937328,-3.945860628710205,-3.8978508550966646,3.400604467414315,47.93906414673634,64.38497992952703,25.82807013302124,49.66119674689157,-17.500846798805508,100.67453569431036,2514.7333394197726,15.288,0.0,15.361351939916847,0.1894186832735839,3.6787586843693376e-06,-0.0848415572283354,0.0105473365627415,0.0148798335436594,3.856282172502077,10.62156653577907,64.72825525835037,6.505933302269651
2.73,31.22202181653832,131.01074535528778,100.82108727173868,-3.14648995887469,2.142195573811098,-3.4053940652728185,-4.196579113274937,3.8701086371987072,50.982815411735935,64.36839769297643,25.8779428523478,49.619258417671766,-17.475945491920914,100.70721431366874,2513.313366890841,15.288,0.0,15.374558396935116,0.1893710036220268,3.6976584679608737e-06,-0.0761129914750744,0.0165002459256013,0.0133448839291002,3.805888379549654,10.572729634403284,64.70481459508827,6.647234451822112
2.74,31.22202072031841,131.0107477494791,101.3364891031668,-3.110561831827534,2.0955081545990346,-1.6833167486301592,-4.489889789168317,4.336469818672367,63.918752526855165,64.35051698494024,25.92687188979234,49.5831064992034,-17.44905683469053,100.74252146982084,2511.7926612058945,15.288,0.0,15.38758106427096,0.1893195018298917,3.7149144241072e-06,-0.0673647254350725,0.0224038902111986,0.0118071847205765,3.7499912008601615,10.5198304776447,64.67960525873104,6.465109131588815
2.75,31.22201962378916,131.01075014933525,101.85118379770672,-3.0696796293184847,2.0456714618348126,-1.8762673848864555,-4.777271658183532,4.79866735100038,60.87500126416428,64.33487959749581,25.97696716401102,49.55273571401983,-17.42021320733805,100.78041442733884,2510.4477300942126,15.288,0.0,15.400585804354863,0.1892745978282703,3.7305042395066383e-06,-0.0586131849951113,0.028246056726842,0.0102702751508472,3.688319356410922,10.462264757320249,64.65614465347913,7.0263726161675555
2.76,31.22201852691017,131.01075255496343,102.3651891525489,-3.023973423252877,1.99280701792386,-2.163419692975534,-5.058316138209171,5.256346755438687,57.07031393551561,64.31953160189772,26.02699194827189,49.52813196806442,-17.389448681639223,100.82084749956832,2509.125966143231,15.288,0.0,15.413573107084597,0.1892305432376946,3.744406135774816e-06,-0.0498677648086591,0.0340192386032563,0.0087353751535502,3.621050496187147,10.400440360250592,64.63249788705251,7.608950527860758
2.77,31.22201742970116,131.0107549660896,102.87848033308975,-2.97382883579453,1.9372436565269648,-2.271837332987901,-5.332027365146068,5.708593290095561,54.787502739389765,64.29866160783055,26.07336569613477,49.50927221175164,-17.356799126706637,100.86377193311966,2507.3740960740342,15.288,0.0,15.426381352609289,0.1891702405871555,3.756603390645285e-06,-0.0411483675986393,0.0397090858950815,0.0072052968756668,3.548689904189425,10.335492579179082,64.60290515340378,8.135096683011714
2.78,31.22201633218476,131.01075738241727,103.39103063620216,-2.9192472282652644,1.8789762093736648,-4.478964962731252,-5.597409073173202,6.1540460046137575,35.003127028307844,64.27148909721264,26.1155175740034,49.49611809399666,-17.32230434126252,100.90913313582897,2505.1317636627964,15.288,0.0,15.439167010029664,0.1890913931972176,3.767084414775005e-06,-0.0324779869896377,0.0452994595175834,0.0056843836522815,3.471238997969944,10.267545329891956,64.56658508899814,9.44798379003258
2.79,31.222015234510422,131.0107598028631,103.90272481262396,-2.8605668017588584,1.818258058003892,-3.3208174628246447,-5.852437545965072,6.590235166572652,43.37343975468588,64.23160979674576,26.14943352095016,49.48861150309381,-17.286009490167746,100.95686882493357,2501.900758284064,15.288,0.0,15.451931678202676,0.1889751585546238,3.775848167120885e-06,-0.0238998122904613,0.0507615887894373,0.0041802073926685,3.389123369665026,10.19773094567071,64.5171731679221,9.418601456774443
2.8,31.222014136610152,131.01076222768344,104.41360022489144,-2.797020314866346,1.7546686285679631,-3.989914834192717,-6.098249735494208,7.016807840157195,36.525001161149824,64.19930911564155,26.18773665056101,49.48667157268961,-17.24796602654195,101.00690786661184,2499.262221702332,15.288,0.0,15.464533268436783,0.1888812179321226,3.7828925236263753e-06,-0.0154227573253585,0.0560890155065951,0.0026960352241637,3.3014751748419657,10.123096666332296,64.47488873803779,10.116504459854587
2.81,31.222013038454968,131.01076465689096,104.92366710350836,-2.7291891419346817,1.6885816629753665,-1.8407335202602184,-6.333569308223952,7.43309189524957,53.265625602936126,64.16219555468378,26.222661087874904,49.49021525533433,-17.20822515534244,101.05917892324848,2496.250889276834,15.288,0.0,15.477094826654184,0.1887731144172425,3.7882164419433616e-06,-0.0070589955742964,0.0612732791709501,0.00123320135274,3.2089911929792945,10.04566925465093,64.42739894740374,9.937467242608191
2.82,31.22201194004362,131.01076709032318,105.43291640923952,-2.6566996654717547,1.619800486745378,-2.8858510640698065,-6.558645906913382,7.838381238138423,43.3734397523079,64.13105673565384,26.2608845513332,49.49914715994701,-17.16684119503335,101.1136060854306,2493.706340013064,15.288,0.0,15.48963622857329,0.1886825864487349,3.791824643657689e-06,0.0011729858194333,0.0663019570194273,-0.0002048102755739,3.1112579445785387,9.963941089416393,64.38546050964216,10.619990250968451
2.83,31.22201084140793,131.0107695276151,105.94131665158731,-2.580349256066604,1.548887155477528,-0.9309686187091372,-6.771501771458124,8.23104751329453,58.59218706620188,64.09068850627686,26.292965053229583,49.51335923430151,-17.12387178932335,101.17010865528113,2490.4460846480665,15.288,0.0,15.502043061742157,0.1885649012545271,3.793726851926469e-06,0.0092479459847985,0.0711587839402944,-0.0016136508027737,3.0092576299028284,9.880524451355097,64.33395749932123,10.699069210730146
2.84,31.222009742496088,131.01077196890415,106.44889389369064,-2.499575496539443,1.4755216910772715,-2.353505218615151,-6.973181317175609,8.611142505706074,45.6562499505332,64.05686188057835,26.32866870260004,49.532729429055074,-17.079378366088683,101.228600611507,2487.6963841107577,15.288,0.0,15.51438397222182,0.1884664594990072,3.793934173853141e-06,0.0171560319438893,0.0758370189973388,-0.0029917867124656,2.9023543004643835,9.793159736516458,64.28861066779189,11.327666121043363
2.85,31.222008643260526,131.01077441429769,106.95567130419664,-2.414715976463744,1.3999391061868562,-3.418623291245884,-7.162866719964288,8.977960666253667,35.76406409430929,64.02400668498684,26.36449428957433,49.55712954905013,-17.033424014178273,101.2889934680672,2485.0239329905967,15.288,0.0,15.526705192571958,0.1883708730495111,3.792459708300687e-06,0.0248845850564062,0.0803281325518487,-0.0043371075995275,2.790971556308312,9.702891472471464,64.2438867260381,11.983214200715048
2.86,31.22200754372449,131.01077686347648,107.4616240083364,-2.3261080980187216,1.322403543627995,-1.9398774758915736,-7.339540181370298,9.330264594887904,47.17812708140805,63.987623582646975,26.39764752349137,49.58642180954124,-16.98607469678314,101.3511947464969,2482.07953850818,15.288,0.0,15.538930699474664,0.1882649039194197,3.789321757682876e-06,0.0324123278541493,0.0846187003999757,-0.0056456246814876,2.67555024286487,9.610671695744417,64.1953278037129,12.02854156188685
2.87,31.22200644382736,131.01077931661737,107.96678409137088,-2.233623077151889,1.2428882654825983,-1.7440040499520857,-7.503633671465984,9.667990871761168,47.93906414598076,63.95507862905521,26.43269317689497,49.6204553731547,-16.937400329131098,101.41510663598584,2479.4348061223054,15.288,0.0,15.551056042148554,0.1881702245935963,3.784540319440052e-06,0.0397281946548249,0.0887013459861636,-0.0069160568293887,2.555985255787471,9.515642414445615,64.1502957500526,12.361881567878921
2.88,31.22200534352208,131.01078177381288,108.47117450905228,-2.137468707628631,1.1615369623262772,-3.4689657066977606,-7.654585531498467,9.990531332426654,32.72031283152717,63.923866808402586,26.468027263958607,49.65907362819112,-16.887473030369016,101.4806283640494,2476.895101415648,15.288,0.0,15.563162963219508,0.188079464954897,3.7781367786859015e-06,0.0468207492427596,0.0925683470895675,-0.0081463863352475,2.432553108193214,9.418376849534589,64.10630811056484,13.055156798655062
2.89,31.222004242820528,131.01078423480587,108.97477873568876,-2.037853781588968,1.0785281122009032,-1.8304326592171536,-7.791702479749169,10.296792065259952,45.6562499486834,63.89301722078103,26.503036395162475,49.70210910241372,-16.836368686966487,101.54765421818551,2474.3850605384087,15.288,0.0,15.5752219227397,0.1879897683991617,3.7701386204442095e-06,0.0536678999351398,0.0962061972827633,-0.0093327698429085,2.3055542429304454,9.319302835488168,64.0624220156417,13.041665464504847
2.9,31.222003141700924,131.0107866995366,109.47760315697496,-1.9351680352395515,0.9941509281469028,-2.295119559103712,-7.913970870341629,10.585629813457444,41.090625555050096,63.85664881701762,26.534085205316742,49.74938319311016,-16.784167199204262,101.61607330502282,2471.4493860385246,15.288,0.0,15.5871373611691,0.187883831295591,3.760574925687469e-06,0.0602539859517929,0.0996051944967642,-0.0104716096902851,2.175508110816673,9.21959270956055,64.01280184401124,13.41469594417836
2.91,31.22200204019094,131.01078916765593,109.97962141026537,-1.8293897524534088,0.9084100196660414,-1.4920869236027074,-8.02113933264713,10.856135647474447,47.17812707951601,63.81879014098603,26.56361898622057,49.80070338225754,-16.730953164883417,101.68576873839238,2468.4004996119806,15.288,0.0,15.59903372669424,0.1877735064658354,3.749481772058134e-06,0.0665554015775293,0.1027516894638906,-0.0115593239221887,2.0424483312751653,9.118858846981093,63.961476875091,13.580157612402385
2.92,31.222000938265907,131.01079163911822,110.48084223891956,-1.7206315034891415,0.821422481216102,-2.155189286354644,-8.113109636011451,11.107846293727992,41.09062555313811,63.78185297483476,26.593120938729285,49.855864975885055,-16.676815649356865,101.75661803008308,2465.425066726573,15.288,0.0,15.610911204164283,0.1876658900638892,3.736896739641045e-06,0.0725570231414006,0.1056365885673498,-0.0125937827798776,1.9065950838359929,9.017048852784209,63.91087729649567,13.923061377119845
2.93,31.22199983596618,131.01079411350588,110.98123183680596,-1.6093253962653784,0.7335050157961566,-3.1908965052534226,-8.18860029515328,11.33906492503166,31.95937576639485,63.7391208107624,26.618455875651488,49.91465228585934,-16.62184801949392,101.82849339236118,2462.0040658395137,15.288,0.0,15.62264452365186,0.1875412199169788,3.72286342179184e-06,0.0782351845896749,0.1082470585403134,-0.0135695946767195,1.7685633547431745,8.915481413339734,63.85433636197799,14.346058297494338
2.94,31.221998733295592,131.0107965906116,111.48078086764528,-1.4955248340304272,0.644713128433476,-3.141310475147092,-8.247549315300228,11.549205523066965,31.959375764299384,63.69392485111052,26.641648061194896,49.976835230182544,-16.56614854705926,101.90126103692548,2458.3956053625,15.288,0.0,15.634331419315949,0.1874092972552098,3.7074293299317056e-06,0.0835716181635244,0.1105733857468689,-0.0144842041654656,1.6285438729286816,8.81392386113804,63.795194015431576,14.535269155527137
2.95,31.221997630228188,131.0107990703979,111.9794998142538,-1.3792972124828786,0.5551416181302062,-2.6444781560463806,-8.290339822369386,11.73828000117678,35.76406409142815,63.65174397395791,26.6660705107009,50.04217435658722,-16.509819570757948,101.97478235550685,2455.022732046792,15.288,0.0,15.645998957093102,0.187286242804484,3.6906434519494e-06,0.088553391192867,0.1126084019582198,-0.0153367195021287,1.48680310768,8.711919951849882,63.73894405104726,14.611988792570191
2.96,31.221996526740188,131.01080155281582,112.47739806209448,-1.2609022543348378,0.4650069028473611,-2.885123068541419,-8.316763292731148,11.905787326801129,33.48124989822239,63.61272817909257,26.69182127923196,50.11042239655807,-16.452967431484655,102.04891408106567,2451.8965098573226,15.288,0.0,15.657589607490264,0.1871724980937319,3.672557387755077e-06,0.0931664739351068,0.1143446359219253,-0.0161250043196875,1.3439014123785038,8.609816700480673,63.68577049072234,14.806763949593053
2.97,31.221995422799992,131.01080403785988,112.97449026641556,-1.1407644616690202,0.3745704947076611,-3.133689329600734,-8.325515637471845,12.05026080089922,31.19843769831812,63.567609345707616,26.71318059965508,50.181323863663344,-16.39570264315561,102.12350813828084,2448.302476058286,15.288,0.0,15.6690707457762,0.1870407928745087,3.65322466830188e-06,0.097398089586186,0.1157754090910702,-0.016844638625981,1.200678171993403,8.50919182121247,63.6264463223236,14.978084150315421
2.98,31.22199431844445,131.0108065251454,113.47074708601768,-1.0189597416665397,0.2839154477727462,-4.028392214604145,-8.316879792735843,12.171399625338928,23.589064040646782,63.5216313659008,26.73335157600541,50.25461371021064,-16.33813994778108,102.19841164192692,2444.645313148909,15.288,0.0,15.680532574029124,0.1869065564555918,3.6327050407787206e-06,0.1012297257991962,0.116892383398328,-0.0174938074320983,1.0577705035851364,8.409601241365067,63.56622851763762,15.28206144998775
2.99,31.221993213716395,131.01080901426025,113.96613589190356,-0.8957916616256825,0.1932392458707188,-2.561161674806633,-8.290120663260094,12.267996299880595,35.76406409072257,63.470420346308806,26.749635409271043,50.33001643825215,-16.280398208189467,102.27346710471237,2440.5887957928094,15.288,0.0,15.69197451174241,0.1867569188782893,3.6110621770921288e-06,0.1046444438709004,0.1176887178167594,-0.0180684741932085,0.9163956921428386,8.311933087426608,63.50077423852424,15.026289726668866
3.0,31.221992108621,131.010811505004,114.46064877920516,-0.7714658939885485,0.102769096604195,-3.653991885068284,-8.245949499881915,12.340337572070906,26.63281330541912,63.42019213248375,26.76590369782216,50.40724765422853,-16.222599959290314,102.34851308180149,2436.6115597968565,15.288,0.0,15.703268272364229,0.1866101696298976,3.588362314263545e-06,0.1076299281766907,0.1181598067038946,-0.0185683735361656,0.7782804600813229,8.21576801308029,63.43633505577326,15.285001512705602
3.01,31.221991003099,131.01081399752937,114.954319439977,-0.6461728002489296,0.0126281120290408,-2.7493234555138057,-8.18444288078006,12.3883552774108,34.24218696007312,63.37214514446097,26.782852392723537,50.4860170763754,-16.164871185087176,102.42338451089071,2432.8054174761955,15.288,0.0,15.714524996111594,0.1864698351340793,3.564671459795519e-06,0.1101787505461045,0.1183023541178063,-0.0189927947908013,0.6462961784147824,8.121196540368162,63.37412876364387,15.100173217918456
3.02,31.221989897123773,131.01081649181387,115.44716097493324,-0.5202352140545476,-0.0770092287757653,-2.763382573460856,-8.104635521976528,12.410868361001592,34.24218695837674,63.31840369178214,26.795642241296065,50.56603064637456,-16.107341778828925,102.49791215560604,2428.5657807205093,15.288,0.0,15.725762927844473,0.1863127415173012,3.5400568592113225e-06,0.1122820314407589,0.1181128486099975,-0.0193380305593675,0.5259039230546619,8.029502724598979,63.30630711405521,15.078164797663582
3.03,31.221988790751805,131.0108189873894,115.93913384540356,-0.3938333025075311,-0.1659183606427555,-4.972742522633757,-8.007963821548573,12.40883993827668,15.979688387736632,63.270703446538334,26.8114824229204,50.64698759152118,-16.050144428383092,102.57192408366568,2424.793266598297,15.288,0.0,15.736939137232708,0.1861734205198345,3.514592563548309e-06,0.1139275080899904,0.1175888372592571,-0.019605716546839,0.427355986271929,7.939535358273853,63.244641087819375,15.583162752708809
3.04,31.221987683953365,131.01082148425647,116.43025381288712,-0.2673540323304863,-0.2539081639752892,-3.99833785228961,-7.89294723307889,12.380538422013643,24.35000010511094,63.21524562976818,26.82194396453076,50.72858241441329,-15.993414628997474,102.64524567476006,2420.4299668517124,15.288,0.0,15.747994891497928,0.1860112694791118,3.48835148447663e-06,0.1151083254054508,0.1167290355865596,-0.0197906242887694,0.3687100031561218,7.8533219892271955,63.17536195917942,15.21719597114316
3.05,31.221986576710925,131.01082398235266,116.9205291694708,-0.1409379827941531,-0.3408142108861052,-4.12480578406856,-7.761136515660618,12.327362184411792,23.589064040145303,63.16498392129537,26.83492490740388,50.810506092398,-15.937290510303514,102.71769985688152,2416.468547902556,15.288,0.0,15.759031645475156,0.185864404534894,3.461408349547952e-06,0.1158183559772207,0.115532175000977,-0.0198959288713257,0.3688056494434316,7.76946345141167,63.11144926593823,15.139786035366283
3.06,31.22198546903089,131.0108264814936,117.40995347428212,-0.0148891622596202,-0.4264884856310262,-5.62503323492483,-7.61168861654718,12.248158330998184,11.414062989657848,63.11075654461671,26.84482938682128,50.89244661068452,-15.881912775437453,102.78910718854192,2412.2075941691546,15.288,0.0,15.770049295788471,0.1857058670467238,3.433840022071368e-06,0.1160515770920964,0.1139986874004723,-0.0199179394398488,0.4267482998605884,7.689328626989449,63.04376450860044,15.478894824582374
3.07,31.22198436095241,131.01082898132813,117.89850009991856,0.1104984950277268,-0.5107062885256932,-4.305217629172303,-7.445022600197251,12.143018493756406,22.828124973290755,63.05269642651206,26.85178135741928,50.97408969044873,-15.827423154949548,102.85928784501604,2407.658086143489,15.288,0.0,15.780959073506656,0.1855360479138615,3.405726722800022e-06,0.1158038439154638,0.1121316284306409,-0.0198562023858254,0.5225232120969319,7.613169847595326,62.97247593257416,14.880059088985297
3.08,31.22198325247532,131.01083148171753,118.38616758118503,0.234987981814944,-0.5933050986088318,-5.543781134639099,-7.261672295102826,12.012304533106088,12.935938119230494,62.992600709952,26.856877912549017,51.05512017966819,-15.77396395938215,102.92806217097773,2402.9579804215746,15.288,0.0,15.791797304540292,0.1853602351730577,3.377148742219579e-06,0.1150732119071088,0.1099338889117132,-0.0197111943292565,0.6381444334296853,7.540945019207934,62.899406228536456,15.091747877112358
3.09,31.22198214359576,131.01083398254693,118.87295709969662,0.3583242106056022,-0.6741023845164528,-5.146983028293719,-7.06239571613493,11.856652801065128,16.74062444709442,62.93432669524662,26.862455957602265,51.13522315438836,-15.721677813159,102.99525098715289,2398.401732577994,15.288,0.0,15.802615973246953,0.1851897791774787,3.3481875441101745e-06,0.1138588364759808,0.107409175715527,-0.0194842255011613,0.7634162300736158,7.472347879114626,62.828441383154846,14.729191532118458
3.1,31.22198103430702,131.0108364837218,119.35887200678268,0.4802256717389286,-0.7529118451100995,-3.2055878115957137,-6.847605787554949,11.676363602722864,33.48124989417879,62.87819255310631,26.86871342825168,51.21408431607349,-15.67070780600764,103.0606753512838,2394.0131627419128,15.288,0.0,15.813415122316716,0.1850256162780268,3.318924885712546e-06,0.1121610467795848,0.1045617245810398,-0.0191756725634792,0.8930171710348477,7.407502158340161,62.75992884074207,13.91053432556055
3.11,31.221979924521943,131.0108389855646,119.84396604239376,0.6003495458795817,-0.82947357571466,-5.189652388258549,-6.617543197629165,11.4716848409605,17.501563513783047,62.8252657787372,26.876348168734868,51.29138962960606,-15.621198056960944,103.12415578431566,2389.873011940228,15.288,0.0,15.82407450998478,0.1848708879284408,3.289440156205722e-06,0.1099771705060626,0.1013905867660859,-0.0187856012315295,1.023924220837644,7.3464808365220335,62.69497692535242,14.224061409237821
3.12,31.22197881428309,131.01084148773813,120.32821251951368,0.718531751702181,-0.9037544674316376,-6.266571776653149,-6.37217910906292,11.242368691214608,9.131249795289026,62.76927104592278,26.881532505190872,51.36682539087784,-15.573293639536535,103.1855123104298,2385.503631019003,15.288,0.0,15.834699414826668,0.1847071282305212,3.259816715360499e-06,0.1073107650750338,0.097903952752236,-0.0183129519054184,1.154563638979313,7.290056253459096,62.627315512811286,14.36194423534384
3.13,31.221977703623526,131.01084398996147,120.81159108545788,0.8346270218433001,-0.9757185787386846,-6.344415287851739,-6.111687802089414,10.988385589066846,9.131249789799783,62.703016737134654,26.87993686943877,51.44008240323325,-15.527136402539387,103.24456974084438,2380.3596256998985,15.288,0.0,15.845305309187768,0.1845131745684359,3.230139009863368e-06,0.1041686377950354,0.0941125902684881,-0.0177571470544774,1.2839632662580855,7.239106677510862,62.549758629014086,14.083641254624009
3.14,31.221976592549844,131.01084649209375,121.29409813707088,0.9481061820467432,-1.0448803865615093,-4.785546375051833,-5.83850923097087,10.712385719825242,22.828124974320747,62.64805614226344,26.88459833858623,51.510857796879606,-15.482863894301437,103.30115895442718,2376.078212310288,15.288,0.0,15.855884630278425,0.1843524506286675,3.200491109985632e-06,0.1005561131207179,0.0900242962243103,-0.0171255164211348,1.4108794065663917,7.191223073936825,62.48393581231864,13.105146010564688
3.15,31.221975480992285,131.01084899438624,121.77577768760906,1.0588285086204812,-1.1112224442877223,-5.236249223093581,-5.55176655532142,10.413352727730132,19.78437571123297,62.5908274883094,26.88738378373284,51.57884945361621,-15.440614166559476,103.35511066114786,2371.629155351609,15.288,0.0,15.866318348328258,0.1841850490343563,3.1709538339395445e-06,0.096473401380751,0.0856407031753362,-0.0164144276879872,1.5348591324747034,7.148027271801605,62.41628801747712,12.910396308528185
3.16,31.221974368981968,131.0108514965876,122.25661165546444,1.1666165620559188,-1.1746753124467444,-6.146232945280436,-5.25226457949495,10.092078626311496,12.935938121950784,62.53135825116328,26.88828623944637,51.64375974417626,-15.4005224680716,103.40625953760772,2367.015032807012,15.288,0.0,15.876733821342016,0.1840110504967162,3.141611401712823e-06,0.0919305843834556,0.0809741277611739,-0.0156259072312975,1.6554955732377734,7.109438034254843,62.346853610673854,12.931067768375557
3.17,31.22197325653841,131.0108539985123,122.73658949096117,1.2712784174304037,-1.2351424400505815,-5.509098708900097,-4.940751243070476,9.749321758686074,19.023437646140785,62.46764353610868,26.88612233991768,51.70529858818671,-15.362718798796736,103.45444724054,2362.0847285504906,15.288,0.0,15.887130724225107,0.183824555054697,3.112547540353623e-06,0.0869390935204256,0.0760373482683104,-0.0147617390181039,1.772420744378549,7.075641092357754,62.27364284204596,12.239708582507056
3.18,31.22197214364384,131.01085650016688,123.21572391885894,1.3724120662867167,-1.2923229098229585,-6.060436710717298,-4.618372433840224,9.386370732840266,15.218750315058047,62.40787451422297,26.88584197875414,51.76318421630291,-15.32732735697706,103.4995229924233,2357.4580672818925,15.288,0.0,15.897490985240664,0.1836496669601386,3.083844439866618e-06,0.0815063244032328,0.0708386559678284,-0.0138254081230881,1.8850182897656156,7.0456690844666365,62.204894118011154,12.089756515190267
3.19,31.22197103030624,131.01085900143684,123.69401212905804,1.4698097631048928,-1.3461022316567484,-7.0704132765193,-4.285688796690635,9.003819370555663,7.609375658349378,62.34830494283397,26.88524377674112,51.81714007806585,-15.294468561071866,103.54134088780052,2352.851396102634,15.288,0.0,15.907719168061488,0.1834753621519878,3.055584316943681e-06,0.0756437869151008,0.0653899972190969,-0.0128181449082482,1.9929712614307025,7.0199042160209295,62.1368791498964,12.224018799905922
3.2,31.22196991652356,131.0108615022644,124.17145778578433,1.5633714944636643,-1.3964855530654667,-5.347136386768424,-3.9433629370671137,8.602423439068941,22.828124967330115,62.2863110779336,26.88273698484089,51.86689802183627,-15.264256562758918,103.57976294404446,2348.066843461681,15.288,0.0,15.91792926047312,0.183293919592623,3.027848793247036e-06,0.0693645615468257,0.0597043529813994,-0.0117418778419928,2.09614367415789,6.998477940240807,62.06697335821461,10.869391326894997
3.21,31.221968802305923,131.01086400253857,124.64805736232468,1.6528441496393416,-1.44332170955954,-7.36474165710611,-3.592375583068959,8.18332300460849,6.848437594563942,62.223852139197575,26.87951944789543,51.91219942373358,-15.236798320327654,103.61466015718985,2343.252539280256,15.288,0.0,15.928121443779997,0.1831111047166399,3.000718591712436e-06,0.062682768626416,0.0537952246805593,-0.0105996723256104,2.1941953929675195,6.981052072821254,61.99715967245192,11.580645811158314
3.22,31.221967687690576,131.01086650202197,125.1237909792404,1.7380440896140028,-1.486520061461198,-4.915955108012678,-3.233893492861262,7.747890335527341,28.15468843280438,62.16000755947398,26.87506780768585,51.95279876601711,-15.212191173535937,103.64591545940588,2338.3393360717328,15.288,0.0,15.93827756979132,0.1829242084247767,2.974274579416193e-06,0.055620248393748,0.047682477817156,-0.009395317646852,2.2868889973734774,6.96760063713606,61.92653172940978,9.729053725749711
3.23,31.22196657261003,131.01086900099807,125.5987032009786,1.818550797559152,-1.5257769405881725,-6.025728994023583,-2.8683892400755013,7.296706680904454,19.7843757101158,62.10123544670288,26.873300060424988,51.98845873217032,-15.190525647687078,103.67342003507603,2333.812933707536,15.288,0.0,15.948303957982809,0.1827522357436448,2.9485933173092537e-06,0.0481788544249545,0.0413683905995048,-0.0081302582040646,2.3736765657661465,6.95730483358679,61.86159529105398,9.888326204629026
3.24,31.221965457089222,131.01087149930427,126.07278222750092,1.8943735008157383,-1.5611915182879503,-6.3165206682398125,-2.4966847505468515,6.830789212202509,18.26250058128455,62.04231550829336,26.87107691016019,52.01894786815813,-15.171886553000675,103.69707181559728,2329.280206696697,15.288,0.0,15.958312807426344,0.1825798244741608,2.9237534365886065e-06,0.0403787913255084,0.034870892441571,-0.0068072095512392,2.454604179415593,6.950535023085152,61.797114462265135,9.632837035757227
3.25,31.22196434113539,131.01087399687188,126.5460273587214,1.9655562451792576,-1.5928616283636572,-6.517377414770787,-2.1196920387341853,6.351288318802861,17.50156351152842,61.97641460238865,26.864343272071327,52.04404817730598,-15.1563481256035,103.71678153930831,2324.22864782661,15.288,0.0,15.968304110380286,0.1823868657481151,2.8998316296186246e-06,0.0322393308669349,0.0282066726918074,-0.0054290080773775,2.529747828487871,6.947883431400755,61.726240711443324,9.343883882743787
3.26,31.22196322479899,131.01087649342867,127.01841169231557,2.031705229747735,-1.6205243347714136,-5.807601151529278,-1.7389804853881103,5.860157643848516,24.35000010368152,61.91132109572526,26.857778526486047,52.06355801568398,-15.143972255819811,103.7324748899461,2319.243482205642,15.288,0.0,15.978272257256796,0.1821962792495176,2.8769040203955543e-06,0.0237894627734081,0.0213999275698868,-0.0040016856965261,2.598619713759664,6.948330832202731,61.65680366540976,8.43170990218242
3.27,31.221962108068887,131.0108789890099,127.48994622251377,2.092643648849932,-1.6440771650160404,-6.193404304339553,-1.3553197002092208,5.358391831579221,22.06718790678714,61.84614674334704,26.85091715401108,52.07729028599886,-15.134809396104918,103.7440912465849,2314.258030345217,15.288,0.0,15.988100476857284,0.1820054510510788,2.855042897349568e-06,0.0150440766467359,0.0144630726154506,-0.0025278234422369,2.6610045269524694,6.951859408639336,61.58793114440383,8.301054835833927
3.28,31.221960990945696,131.01088148360063,127.96063497029428,2.148210830356524,-1.663478667256164,-7.036451019146405,-0.9695713910594148,4.847133207850912,15.979688382530238,61.78342121570999,26.845251121333806,52.08507006541984,-15.128899747097307,103.75158209526124,2309.46142342122,15.288,0.0,15.99791104071642,0.1818218257050858,2.834319542470196e-06,0.0060228538933153,0.0074122275848945,-0.0010109348159008,2.7167396280660325,6.957975376541424,61.5221593053527,8.599209961494047
3.29,31.22195987346061,131.0108839770442,128.43046346910177,2.1985114259705307,-1.6788675118994636,-7.515502940816918,-0.5830103488221501,4.328091883160673,12.935938119839436,61.71663179080088,26.83692123411576,52.08673615168176,-15.126272304181995,103.75491216512442,2304.366712482119,15.288,0.0,16.00770376138199,0.1816262369743495,2.8148040445888984e-06,-0.0032467599459302,0.0002692043871508,0.0005443542565434,2.7659835635940038,6.967244283073366,61.45295363455167,8.692241648121776
3.3,31.22195875560981,131.01088646936122,128.8994388379085,2.243311210307757,-1.690118109800142,-6.9010353827021325,-0.1965450043668757,3.802493626984008,19.02343764426463,61.64955873025151,26.828208090206644,52.082143721371885,-15.126943348059152,103.75406128529634,2299.256885974968,15.288,0.0,16.017478620776043,0.18142980970152,2.7965634832381287e-06,-0.0127441147759158,-0.0069497711771234,0.0021342695309566,2.808466580633201,6.979101372465254,61.38411409792734,7.88174327641432
3.31,31.221957637398788,131.01088896053366,129.36756263082407,2.282329851542848,-1.6970524886384033,-8.202765986358225,0.1889591089573666,3.271497170147069,9.131249788835012,61.58582991456282,26.82133785985956,52.07116318753405,-15.13091712340697,103.7490234746748,2294.402321498697,15.288,0.0,16.02713012915844,0.181243220506011,2.779662781578129e-06,-0.0224475025895912,-0.0142278028400538,0.0037552501516031,2.8438518186262294,6.993047546774569,61.3192965083698,8.833106424474554
3.32,31.22195651885951,131.01089145042198,129.83482045985903,2.3157589116539308,-1.6998879844330683,-7.681021900582315,0.5721829597740052,2.7369535092580266,14.457812250903595,61.51925666672779,26.812615613391607,52.053678331211856,-15.138186760158309,103.73980574739323,2289.341586291584,15.288,0.0,16.036745091153858,0.1810482565368834,2.7641654956365186e-06,-0.0323282256977466,-0.0215430148532008,0.0054021103874623,2.872417928236692,7.009610407363328,61.25227805758199,8.174130246608549
3.33,31.22195539997228,131.01089393914424,130.3012295757303,2.343484796248661,-1.6985966529281424,-7.798308893730022,0.9523672380834324,2.19994774362516,14.457812248569894,61.4514887980343,26.803043499183005,52.029590559671696,-15.148732195474857,103.72643073406888,2284.198038244502,15.288,0.0,16.046342496542003,0.1808497730443535,2.750131465820034e-06,-0.0423671920390049,-0.0288809766524096,0.0070715251982221,2.894052931728302,7.028487824963265,61.18471294156771,8.158455431813357
3.34,31.22195428075192,131.01089642665727,130.7667862897258,2.3653376244238715,-1.693108068268857,-8.281100468024745,1.3286975359810869,1.6616417689216472,11.414062985687238,61.38562356338232,26.79449611172847,51.99881531890373,-15.162522182531294,103.70893413599212,2279.201973614306,15.288,0.0,16.055922401107658,0.180656885141313,2.737618916224702e-06,-0.0525403381679473,-0.0362237590332218,0.0087597370766411,2.9085749471912106,7.049234339334904,61.119709474162505,8.550035992431079
3.35,31.221953161183297,131.01089891307035,131.23150532997536,2.381197058037169,-1.6833744561630155,-8.673433388655566,1.7005406213421472,1.122947358682717,9.131249790585125,61.32275927867872,26.787680234715992,51.96128129644503,-15.179514806511309,103.68736408767693,2274.434384795483,15.288,0.0,16.06541671978049,0.1804728252945059,2.726683429451992e-06,-0.0628292332879767,-0.043557656946691,0.0104639474766827,2.9158561714500304,7.071668639942956,61.05837347799509,8.909618169296168
3.36,31.221952041309503,131.0109013982152,131.69536595851233,2.3913978086038017,-1.6696876091208517,-7.241758203148923,2.066030133328262,0.5865538517089415,22.067187904939708,61.25388802486477,26.77723408973956,51.91693305335732,-15.19965641479119,103.6617825466906,2269.227091596352,15.288,0.0,16.07484001557769,0.1802710831692631,2.7173793099735685e-06,-0.0731986065182632,-0.0508570983623267,0.0121766880410738,2.916336924594225,7.096738060837309,60.99165122875904,7.553514930524048
3.37,31.22195092111704,131.01090388220615,132.1583820954132,2.395427332208216,-1.6517535863101749,-9.003095436233426,2.4254099867874905,0.0521694269871421,8.370312727943645,61.19261270994516,26.77129874643173,51.86573518558184,-15.222879982401489,103.63226742280196,2264.5883584119606,15.288,0.0,16.08424602898964,0.1800916922871738,2.709755990293916e-06,-0.0836304187429411,-0.0581090327352587,0.0138974977407012,2.909428145291519,7.122823235774582,60.93319180027018,9.32421914623674
3.38,31.221949800593585,131.01090636515815,132.6205670136702,2.3936905618828086,-1.6299071089724055,-8.393283289196537,2.777313711939051,-0.4781897377470479,14.457812249522838,61.12859423365986,26.76371430677357,51.80766313918172,-15.249109777150805,103.59890671888684,2259.751936931385,15.288,0.0,16.093635249357586,0.1799042245906886,2.70386088001433e-06,-0.0941054390064405,-0.065299654086076,0.0156211553241238,2.895652920063487,7.151064706893725,60.87260355350371,8.853775536601157
3.39,31.221948679758896,131.01090884703467,133.0819144254936,2.386126507874028,-1.6041506733085635,-7.1451927182155615,3.120853800880005,-1.0031804948065333,25.87187623377196,61.06350641607662,26.75551262113471,51.74270610890501,-15.278260344071391,103.56179989560896,2254.8421048641635,15.288,0.0,16.10298706319036,0.1797136060996528,2.6997399773684384e-06,-0.1045960765091098,-0.0724095645645428,0.0173433048449322,2.8749628102587423,7.181261833235284,60.81155993618541,7.861289877117377
3.4,31.221947558636888,131.01091132778436,133.54241556137782,2.372707216540752,-1.574495714383766,-7.995043050470726,3.454976722037589,-1.5212131814646257,19.784375708828303,60.997896224217776,26.74707360556776,51.67087340153732,-15.31023414762904,103.5210609680436,2249.8994747274287,15.288,0.0,16.1122227332497,0.1795214465178356,2.697435409897557e-06,-0.1150714359683737,-0.079417328676689,0.0190589011267503,2.847342435113921,7.213377259405692,60.75060614232743,8.841474258977605
3.41,31.22194643722483,131.01091380749318,134.00207796947873,2.353449969486696,-1.541032433517276,-8.388944506378834,3.7792562772030127,-2.0315675705864367,17.501563510963408,60.93377991044815,26.73959705461939,51.59219188739216,-15.344923222424583,103.47681652196032,2245.072745487536,15.288,0.0,16.12144168433267,0.1793336798568165,2.696984812381541e-06,-0.1255114210527861,-0.0863090184410889,0.0207652713996627,2.8128583210658427,7.247142064106464,60.691744285721406,9.422549269371876
3.42,31.221945315572565,131.0109162859914,134.4608770258376,2.328585638658372,-1.5039643197808414,-8.326403898575181,4.091999609907199,-2.531633992114568,19.02343764541628,60.86687745858407,26.73053488190417,51.50670476801492,-15.382210353278507,103.42920433644524,2240.046517763024,15.288,0.0,16.130643291559547,0.1791377095965908,2.698423892266984e-06,-0.1358774299927663,-0.0930588132711016,0.0224546042588795,2.7718178516899883,7.283071809934387,60.63066242387114,9.616789139817852
3.43,31.22194419366392,131.01091876344267,134.9188285398075,2.2979471141949586,-1.4632358871124032,-7.807612702730869,4.393372093587934,-3.021553040951997,24.350000103289528,60.80356572239289,26.72374919698749,51.414477671930655,-15.421967244327393,103.37837586553336,2235.2903230265333,15.288,0.0,16.13982786205376,0.178952303504841,2.701781358630358e-06,-0.1461519104722306,-0.0996549366948481,0.024126340513859,2.724054336286964,7.320443565600818,60.573746150161526,9.454645273506982
3.44,31.221943071465954,131.01092124009946,135.37595852189497,2.2616020821850578,-1.4189250663494704,-10.20758562014922,4.683044067479361,-3.5007849937525632,5.326562462958002,60.74325104125488,26.718937657248844,51.315583276028086,-15.46406129249486,103.3244877317461,2230.759690333892,15.288,0.0,16.14891681494763,0.1787757145790796,2.7070841011345407e-06,-0.1563236487515954,-0.106089635691756,0.0257787293154397,2.6696716135916123,7.359390605896272,60.52038959485355,11.763553948663386
3.45,31.221941949019765,131.01092371584923,135.83224764355654,2.219764239581079,-1.371234893089568,-10.235324080396545,4.959711264825896,-3.967240347368576,6.0875005314480175,60.68363621945517,26.71472946252888,51.21010892257144,-15.508353044831347,103.26770511430747,2226.285380848076,15.288,0.0,16.15795132217246,0.1786011819251422,2.7143577146023966e-06,-0.1663571366447374,-0.1123397572100579,0.0274051852250665,2.6089648404125105,7.400205184636454,60.46826370723832,12.045729153313028
3.46,31.221940826339058,131.01092619072065,136.2876933252164,2.1728616522312327,-1.3204942641555353,-9.623313608822675,5.221543883774606,-4.418013662111786,12.175000055737364,60.6165879416837,26.70619763243851,51.098160486660525,-15.554695382747935,103.20820295769552,2221.271111043444,15.288,0.0,16.16696920758388,0.1784047678658164,2.7236221984002653e-06,-0.1762249074309784,-0.1183877404451902,0.0289974253900767,2.5424784797892235,7.443896641294402,60.40918354977405,11.806419019437778
3.47,31.2219397034584,131.01092866464157,136.74228008971477,2.1206531756698377,-1.2666095219890623,-10.01362116862583,5.468888790678689,-4.853416600931256,9.892187856235902,60.55245005164611,26.699631100922648,50.97986938173445,-15.602931956434244,103.14616816849885,2216.4759540554487,15.288,0.0,16.175970048796476,0.1782169158577924,2.734891274249005e-06,-0.1858930073172371,-0.1242123501004185,0.0305545874472084,2.4699669828712545,7.489270399041414,60.35350769788374,12.399072796614973
3.48,31.221938580392,131.01093113764523,137.19600485959123,2.0633866308756734,-1.209786581180184,-8.85172826997597,5.700927400518094,-5.272063829497772,20.54531277870677,60.48830208819948,26.693281927838747,50.85538001687178,-15.652902458327906,103.0817930305008,2211.685631822952,15.288,0.0,16.18494535283342,0.1780290305379431,2.7481741430610767e-06,-0.1953425087507132,-0.1298018605753809,0.032072353524466,2.391759847056348,7.536726343579335,60.29828337657857,11.774902276187623
3.49,31.22193745714245,131.01093360982838,137.64887162088976,2.001252805339808,-1.1501666049856951,-10.333473237806318,5.916643950470975,-5.672240475833967,9.13124979042427,60.42176281978063,26.685749292582024,50.7248530491868,-15.70444219310024,103.01527592830868,2206.726205768765,15.288,0.0,16.193797767250988,0.1778341034481134,2.763475471174708e-06,-0.2045476386666693,-0.1351405368763076,0.033545293637075,2.308107012436411,7.586645099605697,60.24110720575039,13.189452483283503
3.5,31.221936333768426,131.01093608100362,138.10084982238126,1.93424622895352,-1.0878422067481943,-11.539650210949672,6.116324085214291,-6.054107627912446,8.97999656719861e-09,60.36005197082317,26.681430135507146,50.588469046339085,-15.757381645176954,102.94682208922012,2202.125045493827,15.288,0.0,16.202632919882955,0.1776533837180566,2.780794611060711e-06,-0.2134759857977635,-0.1402091885224804,0.0349722412662685,2.2190672668614524,7.638123978910024,60.18918438285731,14.395317519137635
3.51,31.221935210233497,131.01093855147445,138.55196714518715,1.8628022394505368,-1.0231248306124072,-8.820667280381615,6.298648891887437,-6.415492315161735,23.589064040525805,60.29546630734953,26.67562643373469,50.4464217595175,-15.811549381282322,102.87664001615478,2197.3195301179912,15.288,0.0,16.211451212083094,0.1774641991385003,2.800124523303876e-06,-0.2221150475727742,-0.1450004106583444,0.0363470029306241,2.125193577109728,7.692147402044413,60.13476277564561,12.595066128463515
3.52,31.22193408654856,131.01094102130406,139.0022220940962,1.7871078013981376,-0.9561801414501988,-8.379510720471712,6.463138940104703,-6.755428293682688,28.154688431005614,60.22786900133088,26.668254869781144,50.29891581239822,-15.866773343277565,102.80493997192389,2192.3003976264945,15.288,0.0,16.220252698175983,0.177266146862161,2.821455546117069e-06,-0.2304438852013505,-0.1495021120889908,0.0376660276601843,2.0267555942938764,7.748764885605841,60.07767954760087,12.554846725654865
3.53,31.221932962764555,131.01094349034952,139.45158844728667,1.7072031708397633,-0.8870846966333787,-10.489684250715358,6.609892742584644,-7.073755679888677,11.414062987461,60.162343475164015,26.66247517720588,50.14617504607512,-15.922879166947078,102.73193632076952,2187.438058251073,15.288,0.0,16.22899645338652,0.1770741886055832,2.8447724029997503e-06,-0.2384306285201245,-0.1536966306151894,0.0389273759662494,1.9238578500017207,7.807365040471291,60.023006103761226,14.274528964800776
3.54,31.22193183889801,131.0109459586481,139.90006093389647,1.6232547414130036,-0.8159910808184477,-10.133344837047154,6.738873521297717,-7.37018633415834,15.218750318879632,60.100741674697005,26.659470501106355,49.988440420599616,-15.9796915414846,102.6578459338633,2182.8665230672827,15.288,0.0,16.23765127110158,0.1768937752663895,2.870052246562241e-06,-0.2460541295841888,-0.1575724501587366,0.0401291604746839,1.8167606449121176,7.867715240884023,59.97257042831765,14.227323730159936
3.55,31.221930714919765,131.0109484264793,140.34766219897827,1.5358607214821212,-0.74330102984234,-9.864031370297376,6.847921398738733,-7.641104006902522,18.262500574490247,60.03047634987144,26.651423158208345,49.82596133419536,-16.03703691037292,102.58288481629316,2177.6715437296743,15.288,0.0,16.246289370407247,0.1766878589848184,2.8972675850413164e-06,-0.2533027860355488,-0.1611232578945744,0.0412612727289949,1.7062333475823086,7.931390072211775,59.91372217215318,14.233046504589813
3.56,31.22192959088555,131.0109508936764,140.79436250448114,1.4447435057906668,-0.668959330339695,-9.682088270494305,6.939944586487449,-7.890756964387929,20.545312774054903,59.97183912533001,26.650946481858544,49.659004679278944,-16.09474207416653,102.50727005914456,2173.325864792452,15.288,0.0,16.25490994093372,0.1765161640141315,2.9263863156243828e-06,-0.2601479685179276,-0.164334506560801,0.0423330916613318,1.5920727160831825,7.995722806970975,59.86676162681172,14.288796646750784
3.57,31.221928466717635,131.01095336078387,141.24021399450535,1.3505395560034283,-0.5933548592517593,-9.495426568691146,7.012527276609192,-8.115269917604222,22.828124966989147,59.90909746231923,26.64826863448619,49.48784263615914,-16.15263709720171,102.4312161580637,2168.687718690217,15.288,0.0,16.263514218358562,0.1763323848921605,2.9573695896825743e-06,-0.2665904192761295,-0.167205894732106,0.043334206409041,1.475114190161503,8.06271370421648,59.81589516493927,14.324673481869166
3.58,31.221927342522925,131.01095582735775,141.68515506950055,1.2534401674099782,-0.516639008707585,-9.577145835876038,7.065272157374577,-8.3134000032279,22.82812497234356,59.843998939633686,26.64450777086192,49.31276098401475,-16.210554221706055,102.35493652960756,2163.884467138773,15.288,0.0,16.272043328521157,0.1761416650496168,2.990178041455243e-06,-0.2725907721335702,-0.1697191444149075,0.0442595179492005,1.3557232520248872,8.13210024148907,59.76284657364068,14.517314236217379
3.59,31.22192621830937,131.0109582934854,142.1291847511883,1.1537152806989293,-0.4390209562024343,-11.02164387573334,7.098046888158409,-8.484604847198046,11.414062986384712,59.77627357223784,26.639486925215028,49.13406432496657,-16.26832765438788,102.27864390107196,2158.8971848046176,15.288,0.0,16.280503229547573,0.1759432097218893,3.0247603675649525e-06,-0.2781337102720196,-0.1718674456912029,0.0451064676566883,1.2344117216249442,8.20383879239137,59.70731299650326,15.615614709741083
3.6,31.221925094124224,131.01096075904,142.57227769263824,1.0515916416199604,-0.3607152774197911,-11.365267864706013,7.111463323136074,-8.629420001455149,9.131249790668926,59.71001298652058,26.6357640015438,48.95206873780732,-16.32579553180623,102.20254780692052,2154.0217426053487,15.288,0.0,16.28894533600491,0.1757490619459432,3.061059995539789e-06,-0.2831993755009081,-0.1736429520550542,0.0458751265446734,1.111731029296347,8.277246460605646,59.6533523375384,15.943936583991514
3.61,31.221923969971865,131.01096322412647,143.01443464496867,0.9473938175023016,-0.2819533033629338,-11.246158201929804,7.105259780465297,-8.747062288212817,10.653124922086985,59.64330232277842,26.632140613217107,48.76709982930807,-16.38280066967492,102.12685365346968,2149.119774973002,15.288,0.0,16.29736957876688,0.1755535856125166,3.099013499654985e-06,-0.2877757604897245,-0.1750415460370605,0.0465623848423086,0.9884561019079812,8.35245642357973,59.599013380206834,15.920800530268746
3.62,31.22192284585034,131.01096568888468,143.45566000578242,0.8413763457994098,-0.2029412425842292,-12.032577529582856,7.079955475114776,-8.838065823783671,4.565625399279432,59.57833131524748,26.63000546992256,48.57949056035015,-16.439191104539578,102.05176203237508,2144.349015308894,15.288,0.0,16.305776150634408,0.1753632259937546,3.13855217351188e-06,-0.2918529434801553,-0.1760601534531346,0.0471686321322925,0.8655035197720335,8.429024066608612,59.54645344606203,16.523319855300354
3.63,31.22192172179263,131.01096815325934,143.89593648155508,0.7339052211991035,-0.1238859917438511,-12.172762869658865,7.034460129253132,-8.900097122081876,3.8046873330369513,59.508405421481534,26.625134761788427,48.389581540176415,-16.494820489607935,101.97746820591156,2139.227697264668,15.288,0.0,16.314103714883906,0.1751582782825144,3.179603054417856e-06,-0.2954166665612936,-0.1766952646653934,0.0476865342361096,0.7442874265133508,8.507753443068093,59.48894547056744,16.639456540809487
3.64,31.221920597823186,131.0109706172406,144.33525172727147,0.6251931483907965,-0.0449922608173806,-8.655683902662958,6.970238390707569,-8.935182745387994,33.481249889092005,59.44051364613914,26.621963554754224,48.19772155879763,-16.549548656666502,101.90416135167438,2134.258984436165,15.288,0.0,16.32236711625373,0.1749593139268367,3.2220864250357857e-06,-0.2984573608865151,-0.1769453381069164,0.0481203664426054,0.6268099360943137,8.587484300955063,59.433446279062856,14.259823902825435
3.65,31.221919473900748,131.01097308118543,144.773633484437,0.5155365295920998,0.0334914766154135,-10.970108729844045,6.888153126384413,-8.944600129468663,14.457812250959016,59.377921933554816,26.62257260749077,48.00426271306841,-16.603241339824223,101.83202490703556,2129.676619307603,15.288,0.0,16.330612949049204,0.174775946221211,3.2659170823687823e-06,-0.3009722371961864,-0.1768101789666875,0.0484726956132288,0.5166232302932099,8.66752343770971,59.38318276209987,15.7415313903448
3.66,31.22191835004677,131.010975545096,145.21107075369335,0.4053498390618365,0.1113452827967637,-11.724786955866357,6.786542929166902,-8.924989060077396,8.370312725762007,59.30959202614404,26.619892524702443,47.809560689881856,-16.65577031568728,101.76123634029452,2124.6884159488613,15.288,0.0,16.338841061107672,0.174575684661319,3.311007930438115e-06,-0.302953116578241,-0.1762897824574023,0.0487335226278722,0.4203641958906849,8.749237719886102,59.32708209125758,16.22292278883125
3.67,31.22191722634216,131.0109780086326,145.64751587814092,0.2949006334514891,0.1883503019434203,-10.64582936127278,6.666827376172072,-8.87792869405806,17.50156351400608,59.240864177309454,26.6173457503716,47.61397662651524,-16.707015220504626,101.69196464102828,2119.6779934828496,15.288,0.0,16.347050546499663,0.1743742478331282,3.3572672131857166e-06,-0.3043903596755238,-0.1753876546601985,0.0489059237536142,0.3499169995623354,8.831635980011278,59.270450120266695,15.381738781743579
3.68,31.221916102713102,131.01098047233597,146.0830155700807,0.1844319142855649,0.2643055971464698,-11.017971067024376,6.530468287547832,-8.805997285729237,14.45781224962016,59.17859519547976,26.619374660942984,47.41787404074119,-16.756863004350837,101.62437096690688,2115.1355606549623,15.288,0.0,16.355192039106893,0.1741918187900619,3.404593313475532e-06,-0.3052852014994558,-0.1741040157035219,0.0489960844876816,0.3222923182638195,8.913504685209013,59.22011207434917,15.543110714548902
3.69,31.221914979184085,131.01098293618008,146.5175562054207,0.0743038179420797,0.339035482045512,-11.471878045382647,6.3760849769650285,-8.706234798573988,10.653124922556696,59.11224572635166,26.61916772220764,47.22161655274085,-16.80520534047568,101.55861205912802,2110.3070258677526,15.288,0.0,16.36326143037083,0.17399737511717,3.4528866350826847e-06,-0.3056347269018983,-0.1724421498499123,0.0489951341354105,0.3470821963275058,8.996145495488573,59.16550098455311,15.74982443995844
3.7,31.221913855796497,131.0109854000371,146.95111356160882,-0.0351625072676724,0.4123074322277588,-12.64607810975992,6.204404008689632,-8.579187007271285,0.760937067171013,59.04235204098883,26.617027190142988,47.02556888988159,-16.851942090778845,101.49483544049583,2105.2316523932527,15.288,0.0,16.371312667629034,0.1737924951218516,3.5020430312068302e-06,-0.3054377675123003,-0.1704084544618032,0.0489036241130498,0.4138040590004715,9.079201170828116,59.10711658202776,16.493040058367818
3.71,31.221912732560984,131.01098786395264,147.38368186913104,-0.1436614421537445,0.4838738977077419,-12.168321481852976,6.017208696197361,-8.42751395174008,4.565625393994299,58.97598646146704,26.61755399256429,46.830094662238125,-16.896981200745227,101.43317941341256,2100.4140960431723,15.288,0.0,16.379345431295818,0.1735979962874268,3.551953466279674e-06,-0.3046958587062276,-0.1680095008297116,0.048727971076083,0.5047495103364753,9.161339298451727,59.05199229210246,15.978042420337088
3.72,31.221911609471768,131.01099032806397,147.8152651439994,-0.2508886333682777,0.5535589269265924,-10.859482321002687,5.814436922506161,-8.250682627228876,15.21875031269427,58.90968221662622,26.618481883290936,46.635555812707686,-16.94023707093993,101.37377513774042,2095.6068184703367,15.288,0.0,16.38736001308798,0.1734036741618196,3.6025052339681744e-06,-0.3034113960504095,-0.1652506313959622,0.0484659888904862,0.6077586967048638,9.242809558886968,58.99663369679873,14.825983839908542
3.73,31.22191048654689,131.01099279236368,148.24585263152346,-0.356564999623976,0.6212068256612274,-12.095550177076165,5.596439438235124,-8.048658583235158,4.565625394671836,58.84114384184921,26.61830233343164,46.44231149337579,-16.98163101976449,101.31674584971276,2090.646683994629,15.288,0.0,16.39533037193739,0.1732027718821123,3.6535843582501096e-06,-0.3015893104948379,-0.1621412011024607,0.04811688991763,0.7162621987700427,9.323706963107703,58.93872087009925,15.569308702106389
3.74,31.22190936382935,131.0109952566912,148.67541814745314,-0.4603781807363881,0.6865999349256846,-11.95316100179614,5.365007746114928,-7.823969618440342,5.3265624657570285,58.77599954821861,26.620739372065408,46.25071483600807,-17.0210932684559,101.2622039550478,2085.933736497925,15.288,0.0,16.40320570551801,0.1730118563971481,3.7050749633458938e-06,-0.2992387250606249,-0.1586949921766238,0.0476870379324239,0.8266543378990452,9.402903671210796,58.883847832535885,15.260270857393417
3.75,31.221908241233766,131.0109977216451,149.10401299144763,-0.5620205351537426,0.7495351633407143,-10.24951390786323,5.11999376574022,-7.576390538384435,19.023437639211988,58.712377791107926,26.624516069465727,46.06111514008073,-17.058559764302093,101.21025522881082,2081.3344392875906,15.288,0.0,16.41106320219002,0.172825418891449,3.756854645751771e-06,-0.2963590258817216,-0.154910454703454,0.0471750562472484,0.9368308406875252,9.480367476265195,58.83011114112994,13.735667624794278
3.76,31.22190711876575,131.0110001872773,149.53163309840934,-0.661229482611521,0.8098693121002564,-9.813235981665976,4.861644023190531,-7.305791287322827,22.0671878990034,58.64745120302188,26.62774604042617,45.87386133636346,-17.09396907094129,101.16100297824956,2076.6481935702755,15.288,0.0,16.418902914462134,0.1726351367653037,3.808803555408381e-06,-0.2929567396593016,-0.150796680461382,0.0465799852369993,1.0455063903634745,9.556263766561376,58.77466094100792,13.164716836073996
3.77,31.22190599646808,131.0110026534112,149.9582517523727,-0.7576806405537359,0.8673865756722156,-11.830998595608529,4.591543224968694,-7.014202351786665,4.565625396751761,58.584369218717136,26.63251781445842,45.68929266472319,-17.127268778317227,101.11453898484596,2072.0981027347266,15.288,0.0,16.42672429822526,0.1724502806647385,3.860801914233819e-06,-0.2890473817242381,-0.1463725459002044,0.0459070791395592,1.1516924794924237,9.629804633552627,58.72061277918494,14.50013212311724
3.78,31.22190487434232,131.0110051201111,150.38386679055264,-0.8511402413570851,0.9219738772124226,-12.287719794813947,4.309936545366986,-6.701506444640278,0.0,58.51984811263935,26.63662975197225,45.50773911113188,-17.15841400094666,101.0709453724338,2067.4516992406943,15.288,0.0,16.434527275808996,0.1722611845746428,3.912727262972025e-06,-0.2846406409067944,-0.1416486609988075,0.0451555521763701,1.2547561559708105,9.701246660374924,58.664665180704496,14.644924015115532
3.79,31.221903752387515,131.01100758745096,150.80847733720185,-0.9413456106876278,0.9734868461627108,-10.36237766815937,4.0180152237930375,-6.369452533644151,15.218750315400364,58.45684578030696,26.64207953916305,45.32952283028519,-17.18736556929405,101.03029693068363,2062.91809070158,15.288,0.0,16.442224525920746,0.1720765554506916,3.964456852946672e-06,-0.2797488466692595,-0.136638013450623,0.044329923108181,1.3541502597944266,9.76989786329488,58.60975337940871,12.809888479395381
3.8,31.221902630583845,131.0110100556138,151.23209356618167,-1.0280387508667772,1.0217705135236013,-9.522628283959047,3.716079236647895,-6.018160766983944,21.30624984146313,58.39321910135902,26.647381519008206,45.15495935646728,-17.21408883484774,100.9926626136348,2058.345821782126,15.288,0.0,16.449891859784902,0.1718900847546015,4.0158669252158775e-06,-0.2743800475639473,-0.1313488202087191,0.043430068899974,1.4494021575809746,9.83580128940986,58.55370993130369,11.862038330100235
3.81,31.221901508947745,131.0110125245554,151.65470367534147,-1.1109856719003035,1.066701578344791,-10.042593035333608,3.4050413694167534,-5.64853489861371,15.979688379801162,58.327836293704834,26.651748578498392,44.98435365154052,-17.238555240904812,100.9581031502334,2053.655343934559,15.288,0.0,16.457540985404876,0.1716984408397462,4.066835859757844e-06,-0.2685524810576964,-0.1257992161176946,0.0424583320472835,1.5401294776876513,9.898885854679223,58.49538370649432,12.014737953930897
3.82,31.22190038748564,131.0110149942863,152.07630163085517,-1.1898704455604798,1.108078186205268,-10.919023272361985,3.086331964552482,-5.262786916859094,7.609375658402095,58.26489459991451,26.65799762351216,44.817997494747424,-17.260742983154,100.92666991126364,2049.1423058272167,15.288,0.0,16.465171743708957,0.1715139790214729,4.117242677006763e-06,-0.2622835748250694,-0.1200058090008988,0.0414207840787339,1.62586974346829,9.958209228009558,58.438940264465785,12.507895120685346
3.83,31.22189926623151,131.01101746464,152.49686492193527,-1.264666994200774,1.1459725757329342,-10.32691438759766,2.7601661872610688,-4.859981868699604,11.4140629832285,58.194452612438255,26.659374250471288,44.6561697791542,-17.280636123990618,100.89840595755685,2044.107679634216,15.288,0.0,16.472783888343542,0.1713074347712893,4.166968688500094e-06,-0.2556000133868844,-0.1139929445490565,0.0403148567916171,1.7065821004901474,10.01521697484837,58.37444956214487,11.742363557400177
3.84,31.22189814524484,131.01101993528536,152.91635584694328,-1.3349946840002902,1.1801327180750227,-11.552715042701273,2.429258091981071,-4.444497439274347,0.0,58.125659227594646,26.662074072260783,44.49912416188996,-17.298229486383175,100.87333887261144,2039.195330393837,15.288,0.0,16.48034263174907,0.1711057395088122,4.215900332058655e-06,-0.2485397039091901,-0.1077939235004954,0.039153336773947,1.781760924243453,10.068182496258352,58.31102093436022,12.6142806859142
3.85,31.221897024505065,131.0110224063774,153.33478381558228,-1.400691365653284,1.2105040598881875,-9.851401441353822,2.0942822736566566,-4.0172065533980685,12.935938118883108,58.057903798854575,26.665679634061984,44.34709411360293,-17.313525360237467,100.85148520461156,2034.362034674013,15.288,0.0,16.487819566758134,0.1709070957469144,4.263924071191646e-06,-0.2411205229990737,-0.1014233520729404,0.0379387602270378,1.851206214666527,10.117038419212124,58.24803518663045,10.843158077475632
3.86,31.22189590397656,131.0110248781585,153.75216688494663,-1.4615782556088008,1.2369961533509275,-9.329928049606227,1.7557183599442956,-3.5786779213494886,15.979688380955173,57.990130427609685,26.669422344451725,44.20030454664746,-17.326527913820183,100.83285826988605,2029.5336141291584,15.288,0.0,16.495277776928376,0.1707083952703617,4.310927949176322e-06,-0.23335573151497,-0.0948918651535344,0.0366726844989058,1.914690197017693,10.161749741300914,58.184422234519424,10.145789276100151
3.87,31.22189478365248,131.01102735068676,154.1685059026765,-1.517420914627533,1.2594853244549644,-8.711370504844664,1.4147460260021192,-3.130769596069924,19.784375708593785,57.92503021449279,26.675128052097087,44.05896472743372,-17.337245938015307,100.81746410286476,2024.8982134498613,15.288,0.0,16.502717383825175,0.170517560049446,4.3568045739081285e-06,-0.2252689944656917,-0.0882189447185139,0.0353606643215303,1.9719276372944945,10.201689253423384,58.12285377381976,9.364357994782248
3.88,31.22189366351942,131.0110298240539,154.5838054293963,-1.56811209892102,1.2779556334151363,-9.63889128640586,1.0719757231024507,-2.674112003645924,10.653124922636108,57.86064247874588,26.681439561814543,43.92327085627353,-17.34569148575464,100.80530327330028,2020.3182527047068,15.288,0.0,16.510138354770096,0.1703288184042769,4.401449738934127e-06,-0.2168804000121803,-0.0814207970347281,0.0340046969071412,2.0228045748764507,10.23704706816322,58.06136663613979,10.060230225502547
3.89,31.22189254360095,131.0110322981153,154.99804832817168,-1.6137215679945267,1.2925320690726758,-10.74406160309456,0.7281828106511355,-2.208894994845504,0.0,57.78930732450207,26.6830606994582,43.79340116662777,-17.351881465817968,100.79636846950424,2015.259285865044,15.288,0.0,16.517540549556273,0.1701196212083619,4.444764773929632e-06,-0.2082231484377713,-0.0745239416029453,0.032605774282929,2.0674367374880136,10.269034880618907,57.99232056701374,10.99292167874729
3.9,31.22189142394613,131.01103477256055,155.41120268074295,-1.6538514079157849,1.302975908564695,-9.473005697079968,0.3857787072985908,-1.7395908289273168,9.131249791495827,57.72225165214759,26.68772948334773,43.669504752417645,-17.355841344320158,100.79063901420538,2010.5051743303595,15.288,0.0,16.52486126320719,0.1699230179187329,4.486659726838413e-06,-0.1993424447633257,-0.0675636973715208,0.0311776787838327,2.1053501220187294,10.295631994013617,57.926904988332765,9.639130583201087
3.91,31.221890304469937,131.01103724790738,155.8233139085182,-1.6884465071025678,1.3092984746125709,-8.289894117926691,0.0445143028629243,-1.2657795161251386,17.501563510376773,57.65753160202001,26.694076222049727,43.55171495745503,-17.357599726511957,100.7880885620738,2005.919575589764,15.288,0.0,16.532131422048863,0.1697332864372502,4.527042798149135e-06,-0.1902376947122996,-0.0605389730791622,0.0297191314090155,2.136496623967075,10.317076881062368,57.86317782651128,8.386091091386792
3.92,31.221889185170543,131.01103972414938,156.23437929817248,-1.7174340956633367,1.3114992524442963,-6.830341568224468,-0.2947072707788924,-0.7885749879076449,28.154688432044395,57.59379982794656,26.70114074949329,43.44015864637464,-17.35718488999604,100.7886900539778,2001.4082787675293,15.288,0.0,16.53938311858039,0.1695464605010054,4.5658286118803e-06,-0.1809374972584863,-0.0534716281596004,0.0282338826246484,2.1608088689109475,10.33351273781725,57.79979165940281,6.882025052672983
3.93,31.22188806603045,131.01104220137103,156.64440494774297,-1.7407938345276155,1.309622662476485,-8.28924005774542,-0.6311237648207517,-0.308867931334001,14.457812250026349,57.52918681055359,26.707605487811254,43.3349420497427,-17.354629751418035,100.79240846279724,1996.8412601947823,15.288,0.0,16.546616482469275,0.1693570365926866,4.602936885517945e-06,-0.1714669810264623,-0.0463806407043452,0.0267250099041614,2.178289902864465,10.345221696687656,57.7348839450568,8.318967324161056
3.94,31.22188694704204,131.011044679589,157.05339116315932,-1.7583962453071436,1.3036297999816948,-9.108084416251389,-0.9637417787134251,0.1716724299479529,6.087500526287577,57.466018523871405,26.715064896542486,43.23615194478399,-17.34997120470876,100.79920168351232,1992.3800136761672,15.288,0.0,16.55383147784919,0.1691718620231908,4.638293555170761e-06,-0.1618538648760761,-0.0392867369006799,0.0251980079783346,2.188806617426262,10.351764619766843,57.6707745465083,9.160538814545975
3.95,31.22188582820302,131.01104715878034,157.4613351952943,-1.7701349142452008,1.29350187283688,-6.732213153759833,-1.2915521938396473,0.6513803930050495,24.35000010243256,57.40625634020641,26.724870875806808,43.14385700710481,-17.34324949541319,100.8090213947362,1988.1600503245004,15.288,0.0,16.561028041358284,0.1689967108831509,4.671830451803881e-06,-0.1521292674451498,-0.0322128371502327,0.0236584864808024,2.1922573590793,10.352784606023317,57.60942188034725,6.885862141624703
3.96,31.22188470946882,131.0110496391794,157.86825816394716,-1.7762373408426355,1.2794795276062272,-8.006854663635755,-1.6143462625410752,1.1306570832316272,12.175000051334887,57.34264911327585,26.73197719195392,43.05811263130407,-17.334506617671877,100.821815374066,1983.6788838809468,15.288,0.0,16.568134205765173,0.1688102368080234,4.703481375559506e-06,-0.1423070564068919,-0.0251690853912274,0.0221055904702965,2.188963785416665,10.349629334880378,57.543612583797945,8.245860834371863
3.97,31.22188359088331,131.0110521204644,158.27413119899967,-1.7765325773939262,1.2614829091427184,-7.092218324065208,-1.9302325133613607,1.6063376780775067,18.262500578357788,57.27942738957331,26.73929088231772,42.97894805928004,-17.323790188127347,100.8375218113842,1979.2297878183567,15.288,0.0,16.575202998733577,0.1686248938976007,4.733193127739516e-06,-0.1324432056954129,-0.0181955947538618,0.0205498805406999,2.1787375041171475,10.341545992936105,57.47756465284037,7.523674570836717
3.98,31.22188247242767,131.01105460269764,158.67896073733516,-1.7710384670300867,1.2395748583029005,-7.092058936194801,-2.238516739796093,2.077399577727313,16.740624446970063,57.21619263273883,26.74650383901781,42.90636452505442,-17.311153831585166,100.85606872541568,1974.785157024177,15.288,0.0,16.582253656023276,0.1684395089298261,4.760917731459337e-06,-0.1225624646169794,-0.0113097331828512,0.0189950504693743,2.161627550538845,10.328656423802142,57.41088940707958,7.721647891114272
3.99,31.22188135406877,131.01105708602395,159.0827611177638,-1.7597144581610715,1.2137819336792313,-8.919759974421234,-2.5386598805829697,2.542761337539313,5.5014048935193575e-09,57.15513345328687,26.75512882162528,42.84034911460756,-17.296652906164695,100.877380237368,1970.4958973209505,15.288,0.0,16.58928633018328,0.1682605250469515,4.7866119243036415e-06,-0.1126854666149587,-0.004525930406739,0.0174449715711938,2.137615091891345,10.310652148359187,57.345779613053615,9.616264722346893
4.0,31.221880235829264,131.01105957023813,159.4855156357301,-1.7428041219658843,1.184329550875999,-8.742601909365243,-2.8293170695370926,3.0010875576955782,4.011835120811825e-09,57.08963820235009,26.760511186994943,42.78086821909631,-17.28034644028932,100.9013737580686,1965.9061354731568,15.288,0.0,16.59630085569514,0.1680684780126377,4.81024162229087e-06,-0.1028571699993219,0.0021249026627421,0.0159045770782779,2.107028728878219,10.28881062014746,57.275659005738646,9.666677286149879
4.01,31.2218791177968,131.01106205473016,159.88717189034048,-1.720591410590916,1.151465929045067,-8.56963408133451,-3.1081254069745983,3.44953038431262,0.0,57.01241217104761,26.757499974894888,42.727851242843805,-17.26230160526729,100.9279534421982,1960.5152405505648,15.288,0.0,16.603296391463317,0.1678418922714434,4.831788221294351e-06,-0.0931516615033037,0.0085931961385985,0.0143837948066724,2.070243945913761,10.264559146482702,57.19327184125585,9.74670876274381
4.02,31.2218780000256,131.01106453909287,160.2876962354291,-1.6928296513359635,1.1150981134497608,-8.402345406053094,-3.373866966450262,3.884737282463022,0.0,56.93600178915324,26.754910639053183,42.68117992414263,-17.242596270065654,100.957006465746,1955.188185044061,15.288,0.0,16.610206116217167,0.1676177035706068,4.851247809999722e-06,-0.0836200669712845,0.0148460683833956,0.012894193271422,2.027006212671772,10.235886045265495,57.1111499337809,9.85259206420747
4.03,31.22187688250496,131.01106702331532,160.6870909896049,-1.6596538802065175,1.0753585131292356,-8.24127280657116,-3.6259054796566126,4.3056341998082495,0.0,56.85970483877943,26.75221382799803,42.64071213601536,-17.221312169637066,100.98841315786365,1949.8765716295336,15.288,0.0,16.617073557552533,0.1673938446401445,4.868622184213572e-06,-0.0742913712016886,0.0208660332682633,0.0114399193107901,1.9775043570217852,10.203082946481814,57.02861184212941,9.98019307840743
4.04,31.221875765225,131.01106950737747,161.08535806498497,-1.6212025230527036,1.0323862587914123,-8.086937361449618,-3.8636623675220623,4.71114266616476,0.0,56.78353579762089,26.749393016803616,42.60628717045647,-17.198533522513927,101.02204913755544,1944.5813567666428,15.288,0.0,16.62392161086505,0.1671703581189313,4.8839206459828e-06,-0.0651936774101555,0.0266363841711814,0.0100251581401862,1.9219351044162123,10.166345707921986,56.9456938770194,10.125280638045243
4.05,31.221874648175607,131.01107199125738,161.4824995754168,-1.5776398468425277,0.9863430442751124,-7.939809074621831,-4.0866175125637385,5.100252568548035,0.0,56.70749459914151,26.7464323954528,42.577726461907424,-17.174346956745513,101.05778553282596,1939.3024967017727,15.288,0.0,16.630750312224627,0.1669472438286314,4.8971597897110384e-06,-0.0563539890672845,0.0321414198407895,0.0086538990891173,1.860530623303588,10.125904444418287,56.86242134977544,10.283656309816108
4.06,31.221873531346453,131.01107447493095,161.87851782355995,-1.5291443626469996,0.9373984486309191,-7.800306400114928,-4.294303589810105,5.472019219379225,0.0,56.63158114309381,26.74331691044495,42.55483441736741,-17.14884139509496,101.09548926581132,1934.0399454477592,15.288,0.0,16.63755970086314,0.1667245014919692,4.908363295801928e-06,-0.0477981321752409,0.0373664915366276,0.0073299286156185,1.7935411031374324,10.08200439879948,56.77882077821553,10.451259139184403
4.07,31.22187241472699,131.01107695837237,162.27341530485964,-1.4759080616799596,0.8857292994078588,-7.668795306773086,-4.486306462357123,5.825564841526501,0.0,56.55579529704927,26.740032298745028,42.5373992879411,-17.12210793907129,101.13502334387633,1928.793654904172,15.288,0.0,16.644349819389134,0.1665021307372328,4.917561700016974e-06,-0.0395506924316112,0.0422980326090193,0.006056822031395,1.721234285648966,10.034904571133634,56.69491978863196,10.62424457804892
4.08,31.221871298306564,131.01107944155396,162.6671946836943,-1.4181558333641957,0.8315454264135316,-7.54558638431911,-4.662279409560893,6.1600901434392,0.0,56.4801094753377,26.736565134673526,42.525194078498245,-17.09423974976429,101.17624715796188,1923.56170710062,15.288,0.0,16.651077945808694,0.1662800503693532,4.924792145297598e-06,-0.0316349370951431,0.0469236116615271,0.0048379306104064,1.6439259563858988,9.984909479155418,56.61072374008034,10.799047816883403
4.09,31.2218701820744,131.0110819244466,163.0598587933749,-1.3561042608474234,0.7750363489521722,-7.430936212231998,-4.821924903138878,6.474861969629652,0.0,56.40452302199031,26.732902928574976,42.51797755278881,-17.065331882070826,101.2190168506982,1918.3440262386728,15.288,0.0,16.657743558764682,0.1660582584747202,4.930098139315334e-06,-0.0240726491315757,0.0512321081167052,0.0036763640928896,1.5619180312262269,9.93230123768492,56.52626173433335,10.972402211344974
4.1,31.221869066019643,131.01108440701947,163.45141062024183,-1.2899601454647207,0.7163696021993786,-7.325053727832528,-4.964978260438282,6.769202304888982,0.0,56.32906362790381,26.72903397302651,42.51549522321116,-17.035481143389795,101.26318564743968,1913.1424623188188,15.288,0.0,16.664390290551175,0.1658368365951601,4.933529230152759e-06,-0.0168843368597893,0.0552133793321171,0.0025750214679426,1.475498516356695,9.87733699297888,56.44158777009979,11.14134287627718
4.11,31.22186795013141,131.01108688924057,163.84185330664948,-1.219961102864617,0.6557442599446208,-7.228094866725762,-5.091239366910601,7.042512475863926,0.0,56.25373104690768,26.724947435551822,42.517480264457696,-17.004786014429754,101.3086040929508,1907.9569599412443,15.288,0.0,16.671018194101293,0.1656157840250432,4.935140705336232e-06,-0.0100890990011791,0.058858399912338,0.0015365676713115,1.3850056469982317,9.820315392645416,56.35673286573035,11.303232089374552
4.12,31.221866834398824,131.01108937107662,164.23119012015266,-1.1463540307606048,0.5933633121477712,-7.140165059197376,-5.200561455315209,7.294265729405297,0.0,56.17852500833499,26.72063339258552,42.52365452452908,-16.973346509927357,101.35512037305168,1902.787462192884,15.288,0.0,16.67762732475684,0.1653950999868128,4.934993280865514e-06,-0.0037045557555923,0.0621593144668971,0.0005634276435559,1.2907984360550588,9.761540936515257,56.271728633421546,11.455745678665789
4.13,31.221865718810967,131.0110918524931,164.6194244584775,-1.0693942148268596,0.5294329826505372,-7.061320806184127,-5.292850774397497,7.524007732493888,0.0,56.10344521871343,26.7160828430619,42.53372955943224,-16.941264025467554,101.40258065146251,1897.6339107757249,15.288,0.0,16.68421773997925,0.165174783635932,4.933152775511451e-06,0.0022531833668584,0.0651094436174029,-0.0003422169407834,1.1932605416972677,9.701322223770648,56.18660717369412,11.596862213828224
4.14,31.22186460335704,131.01109433345465,165.00655983560813,-0.9893458339186266,0.4641639049505575,-6.991571472103819,-5.368067021168153,7.731357546836845,0.0,56.0284894286924,26.71128771867974,42.54740768207717,-16.90864117311568,101.45082941650764,1892.4961154313385,15.288,0.0,16.690786507844475,0.1649548283696498,4.929689776341222e-06,0.0077695464306985,0.067703286182726,-0.0011784300709242,1.092809176608934,9.639972458990028,56.10139932687531,11.724849880076084
4.15,31.22186348802625,131.01109681392495,165.39259987482885,-0.9065146670591132,0.397814816512401,-6.9308766830840325,-5.426249973342014,7.916027755575952,0.0,55.953607052828765,26.70624096011432,42.56438304274805,-16.875581590309697,101.49970985945016,1887.3706259460184,15.288,0.0,16.697256099775394,0.1647350852771574,4.92467931608308e-06,0.0128316176723297,0.0699366497266325,-0.0019435359615685,0.9899556880815116,9.577862289353313,56.016095156009946,11.838274189946818
4.16,31.22186237280801,131.0110992938671,165.77754827791463,-0.8211374019288987,0.3305471476128541,-6.879159770211112,-5.467443620308089,8.077769234157646,0.0,55.8788499562533,26.70093644197581,42.58434277654358,-16.842189694027258,101.5490643246331,1882.2609129399443,15.288,0.0,16.703707396075753,0.1645157070749915,4.91820052542337e-06,0.0174280613400999,0.07180651920499,-0.0026361098936703,0.8851669723839888,9.515239206381176,55.930771892763424,11.935917840101046
4.17,31.221861257691845,131.01110177324344,166.16140883705688,-0.7334936508150905,0.2625731099000729,-6.836303587631368,-5.491760091903731,8.21641845769881,0.0,55.80421777360432,26.6953689205448,42.60696799999848,-16.808570526922292,101.59873461360957,1877.166913958588,15.288,0.0,16.710140460094426,0.1642966927073918,4.910336254606552e-06,0.0215490245331768,0.0733109007291537,-0.0032549591948195,0.7790724018853324,9.452409861307965,55.84546251689004,12.016821872745792
4.18,31.22186014266744,131.01110425201605,166.54418541001945,-0.6438668401759198,0.1941047775297338,-6.802154241283378,-5.49936089258173,8.331883999267102,0.0,55.72971012631321,26.68953409398822,42.63193484870519,-16.774829561154604,101.6485623411818,1872.0885658634447,15.288,0.0,16.716555356378777,0.1640780410797413,4.901172733516362e-06,0.02518624619638,0.0744489497622918,-0.0037991384248887,0.6724876106983889,9.389675888138274,55.760199975147,12.080255110150196
4.19,31.2218590277247,131.0111067301464,166.9258819191433,-0.5525432957960731,0.1253534360049183,-6.776524128280614,-5.490455782781558,8.424145879235915,0.0,55.655326624534574,26.68342859653813,42.65891554234365,-16.74107246635638,101.69838933306096,1867.0258049652225,15.288,0.0,16.722952150522477,0.1638597510642671,4.890799220684173e-06,0.028333057798699,0.075220955347007,-0.0042679478004822,0.566583701249612,9.327332102485192,55.67501708050894,12.125700712061807
4.2,31.221857912853743,131.011109207596,167.3065023255064,-0.4598113335938114,0.0565289424002381,-6.759195091099968,-5.465301528010302,8.493254710734387,0.0,55.58106686906657,26.677049990206303,42.68757944259725,-16.70740486307491,101.7480580330661,1861.9785671630368,15.288,0.0,16.729330908842098,0.163641821505632,4.879307653925561e-06,0.0309843789355302,0.0756283210426964,-0.0046609308642515,0.4632730460839958,9.26566474492014,55.58994641313398,12.152843891576717
4.21,31.221856798044968,131.01111168432618,167.6860506249494,-0.3659737559851949,-0.0121430690226737,-6.749920638743997,-5.4242096047910975,8.539337339009942,0.0,55.50691180740911,26.670396760891883,42.71759410107953,-16.673932061635714,101.79741191959296,1856.9455405063447,15.288,0.0,16.73566314365644,0.1634241963291997,4.866792305471787e-06,0.0331367168871578,0.0756735548215396,-0.0049778710909871,0.3661751523369067,9.2049711730947,55.5050043786017,12.161569004674503
4.22,31.221855683289025,131.01111416029826,168.06453083913155,-0.2713311356066956,-0.0804427696200618,-6.748427768864633,-5.367541907287952,8.562593547635716,0.0,55.43284541926985,26.663468380174344,42.748626340638125,-16.640758754526367,101.84629597815614,1851.925622709492,15.288,0.0,16.741925140644664,0.1632068283868421,4.853349466365926e-06,0.0347882731258492,0.0753604075289514,-0.0052188078445868,0.2830045511302535,9.145532698050925,55.42020950271751,12.151946006302385
4.23,31.221854568576887,131.01111663547383,168.44194700161745,-0.1761475676421812,-0.1482012923959272,-6.754426871442799,-5.295674303537329,8.563268911906285,0.0,55.358901576078026,26.656265139784345,42.780343316563616,-16.60798869772747,101.89455717760644,1846.9210464545265,15.288,0.0,16.748169530993124,0.1629898174227257,4.839077082445913e-06,0.0359387021683719,0.0746935430914382,-0.0053840033624761,0.2301988693645397,9.08756025029616,55.335622197464325,12.124191649278512
4.24,31.221853453899868,131.01111910981473,168.81830314296835,-0.080710340280862,-0.2152207325817466,-6.767610261894475,-5.20903622864243,8.541683603638658,0.0,55.28507986226448,26.648788173665857,42.81241343199749,-16.57572446777037,101.94204482251776,1841.931747406044,15.288,0.0,16.754396381487332,0.1627731622331301,4.8240744181138966e-06,0.0365891323024483,0.0736785679408352,-0.0054739366805424,0.2298566773517293,9.03128962021145,55.25127314814704,12.078698848505091
4.25,31.22185233924959,131.01112158328314,169.19360328378673,0.0146956321249719,-0.2813075646129335,-6.7876559040727935,-5.108095952386352,8.498221055240165,0.0,55.21137986288036,26.641039462389383,42.84450730290632,-16.54406715833092,101.9886109828768,1836.9576615009496,15.288,0.0,16.760605758612304,0.1625568616160418,4.808441739733285e-06,0.0367421852798145,0.0723220622540206,-0.005489307946354,0.2816911531739919,8.976940620205916,55.16719235148908,12.016017561347327
4.26,31.22185122461808,131.01112405584175,169.56785141981015,0.1097886295704336,-0.3462731716916471,-6.81423049408685,-4.993358607444256,8.433325914235358,0.0,55.1378011656668,26.63302180992975,42.87629870880304,-16.513116060063677,102.03411093698962,1831.9987250854897,15.288,0.0,16.766797728533763,0.1623409143772431,4.792280001694368e-06,0.0364019441165572,0.0706315440688906,-0.0054310320988165,0.3632609335779088,8.924716018083043,55.0834090341659,11.936848553315668
4.27,31.221850109997725,131.0111265274539,169.94105151892782,0.2042909243178486,-0.4099343514956352,-6.846992421900547,-4.865364117433147,8.347501817473917,0.0,55.06434336296083,26.62473881839556,42.90746551630845,-16.482968332633163,102.07840361501556,1827.054875040292,15.288,0.0,16.772972356872803,0.1621253193359176,4.775690541598625e-06,0.0355739168550265,0.0686154311481597,-0.0053002319934716,0.4580177312734211,8.874800652831487,54.99995157497551,11.842037823512468
4.28,31.221848995381308,131.01112899808365,170.313207501307,0.2979136485968445,-0.4720924156957655,-6.8855936551647625,-4.724696100022957,8.241317203718062,0.0,54.99098362587368,26.61619487129912,42.93769057418753,-16.453718670235553,102.12135204198472,1822.1245626243103,15.288,0.0,16.779095669771213,0.1619100092962298,4.758774787434044e-06,0.0342650105621955,0.0662830197310877,-0.0050982310235158,0.5582309400969118,8.827385335801521,54.916828361704624,11.732581236621234
4.29,31.221847880762045,131.01113146769583,170.6843232364104,0.3903847747457673,-0.532570154022139,-6.929681371919769,-4.571968781794851,8.115394742731079,0.0,54.91771474366732,26.607395170334367,42.96666262949013,-16.425458926428572,102.16282383133014,1817.207281053488,15.288,0.0,16.78515750378705,0.1616949630457947,4.741633998161954e-06,0.0324836000262617,0.0636445937819234,-0.0048265658137213,0.6603232936951277,8.782623889548859,54.8340600241227,11.609608705222833
4.3,31.221846766133584,131.0111339362562,171.0544025251078,0.4814640371747815,-0.5912315118829756,-6.978905510399168,-4.407801661598502,7.970391521921395,0.0,54.84456561382453,26.59834555816917,42.9940771859502,-16.39827775428412,102.20269164759888,1812.3049125675943,15.288,0.0,16.79120240694672,0.161480265686058,4.724368958649162e-06,0.0302392484909351,0.0607110679111979,-0.0044869448054279,0.762465797252229,8.740611575715498,54.75169683324816,11.474361795925159
4.31,31.221845651490003,131.0111364037315,171.42344909470876,0.5708972464879734,-0.64791962876101,-7.032917709641952,-4.232851102441269,7.8070214006722916,0.0,54.77153586636664,26.58905253832172,43.019637220118014,-16.37226032288617,102.24083355016224,1807.4173974164755,15.288,0.0,16.79723044032613,0.1612659161463848,4.707079714288328e-06,0.0275427262759096,0.0574940350747037,-0.0040812437342322,0.8635447980916562,8.70145666231502,54.66976305819711,11.32821888544659
4.32,31.22184453682585,131.01113887008967,171.79146659598052,0.6584377912849184,-0.702485188641639,-7.09137349065551,-4.047796660441812,7.626043715058003,0.0,54.698625144936976,26.579523259940235,43.04305393121509,-16.34748798838967,102.27713339793408,1802.5446769654952,15.288,0.0,16.80324166359202,0.1610519133960442,4.689865322812735e-06,0.0244059940313295,0.0540057688921242,-0.0036115047868872,0.9628104906821076,8.665248235491267,54.58828179413797,11.172680006705251
4.33,31.22184342213613,131.01114133529967,172.15845858029095,0.7438472635189041,-0.7547867608386074,-7.153934055667049,-3.853338598122321,7.428260192562226,0.0,54.62583310851913,26.56976548317087,43.064047460158015,-16.32403796643292,102.31148124759052,1797.6866938079595,15.288,0.0,16.80923613494635,0.1608382564492034,4.67282361280335e-06,0.0208421469901808,0.0502591757401903,-0.0030799272025302,1.059707411370251,8.632056608471366,54.50727491057211,11.009361485255022
4.34,31.22184230741633,131.01114379933176,172.52442850259095,0.8268960498965968,-0.8046911108310476,-7.220267852478301,-3.650195363381568,7.21451176875483,0.0,54.55315943304132,26.55978754346056,43.08234756935137,-16.301983013745367,102.34377373513334,1792.8433918600244,15.288,0.0,16.815213910996516,0.1606249443696834,4.656050953260621e-06,0.0168653568248899,0.0462677458502498,-0.0024888575934559,1.153793700512798,8.60193394100357,54.42676300427273,10.839989580893787
4.35,31.221841192662385,131.01114626215755,172.88937970650713,0.9073544069594636,-0.8520606107085291,-7.290051601215636,-3.4391074322011974,6.985680088463632,0.0,54.480590287901336,26.54959831842567,43.097694282319935,-16.281391121729953,102.37391443811948,1788.013828695387,15.288,0.0,16.821154693747463,0.1604119364525689,4.639642034823195e-06,0.0124908157679662,0.0420455094924357,-0.0018407802181283,1.2446841409255098,8.574929166275412,54.34675385336539,10.66639763823595
4.36,31.221840077870727,131.01114872374995,173.25331542334987,0.9849957567952328,-0.8967571692710724,-7.362969305478733,-3.2208397217838507,6.742687899064039,0.0,54.408101992791096,26.53920725980013,43.10983851939496,-16.262325198720223,102.40181425405903,1783.1964212954667,15.288,0.0,16.82702343078647,0.1601991629905536,4.623689684081112e-06,0.0077347904693724,0.0376071419885352,-0.0011383248799528,1.3320325955375034,8.551084541931608,54.267245457029325,10.49051789050604
4.37,31.22183896303829,131.0111511840834,173.61623875919247,1.05964616707505,-0.93870908399325,-7.43871777956711,-2.996136208475085,6.486463675209589,0.0,54.33573123897556,26.528624233272183,43.11854270775891,-16.244842758427993,102.42739177070716,1778.3935470868355,15.288,0.0,16.83287584203679,0.1599867320336371,4.6082846456623e-06,0.0026143683382665,0.0329676583675303,-0.0003842299372594,1.4156003228691447,8.530364378689745,54.18828575732386,10.314337855315618
4.38,31.2218378481625,131.01115364313384,173.97815268692344,1.1311165039187023,-0.9778185419710926,-7.517005446829077,-2.765762258546482,6.217971685131418,0.0,54.26347778519337,26.51785949996848,43.12358121680126,-16.228995722229026,102.450573472233,1773.6051561604347,15.288,0.0,16.83871197565913,0.1597746428883166,4.593515384034791e-06,-0.0028525959896589,0.0281423780987512,0.0004186698166602,1.4951352542476233,8.512757987937569,54.109889863552034,10.139920297297913
4.39,31.221836733241265,131.01115610087862,174.33906004624555,1.1992288374567637,-1.0139970197430144,-7.597552267276038,-2.530488635672996,5.938198498423168,0.0,54.19134141404773,26.50692370644328,43.12474081546939,-16.214830199057808,102.47129398202676,1768.8312003419528,15.288,0.0,16.844531877654223,0.159562894931054,4.579467912177633e-06,-0.0086474897971567,0.023146950503979,0.0012674435157134,1.5704106495067258,8.49824218162103,54.03207144896573,9.969371825543304
4.4,31.221835618272955,131.01115855729688,174.69896353075708,1.2638168088855954,-1.0471654103627164,-7.680089929704305,-2.291088990838556,5.648149518635907,0.0,54.11932193313408,26.49582784548359,43.12182110025525,-16.202386281245467,102.48949628726145,1764.0716332555012,15.288,0.0,16.85033559171634,0.1593514876115829,4.566225623614349e-06,-0.0147510094873798,0.0179973035668078,0.00215907475262,1.6412222494779751,8.486782738268815,53.95484273230433,9.804818360232591
4.41,31.22183450325648,131.01116101236923,175.05786569391742,1.3247259579823356,-1.077254120427274,-7.76436184720457,-2.0483373872997266,5.348845517377471,0.0,54.04741917612052,26.48458321676408,43.11463488000319,-16.191697868213097,102.50513192899052,1759.326410383845,15.288,0.0,16.856123159178402,0.1591404204560748,4.553869133888823e-06,-0.0211432284493789,0.0127095929263678,0.0030904721238545,1.7073864545324082,8.478335914744113,53.87821446400788,9.648375475452067
4.42,31.22183338819119,131.01116346607807,175.41576893016176,1.3818140107569874,-1.1042031374229035,-7.8501229708879485,-1.8030058696642488,5.04131918346742,0.0,53.97563300375396,26.473201387509825,43.10300851751591,-16.18279252007913,102.51816115589408,1754.5954891201925,15.288,0.0,16.861894618957052,0.1589296930701195,4.542476131060612e-06,-0.0278036653465986,0.007300151216159,0.0040584797523393,1.7687391337261382,8.472849973714593,53.80219591701164,9.502113445634238
4.43,31.221832273076945,131.01116591840733,175.77267548086837,1.43492253172331,-1.1279228101228822,-7.9371381368731155,-1.5558838159575958,4.726627994884949,0.0,53.90392189635632,26.46169418900241,43.08678223736303,-16.175691336422624,102.52855304965156,1749.8761403449355,15.288,0.0,16.8675882631078,0.1587191832149998,4.53212124456582e-06,-0.0347112961422175,0.0017855132131259,0.0050598756376605,1.8250880909002904,8.470307773029793,53.72675963899887,9.36802799177044
4.44,31.22183115791405,131.01116836934276,176.12858742541263,1.4839578851573176,-1.1484045899089164,-8.025182237809902,-1.307723671394431,4.40581188844888,0.0,53.832319409465136,26.45007367048777,43.06581045568376,-16.170408822610156,102.53628567788256,1745.1705173944652,15.288,0.0,16.873254420015428,0.1585089897082935,4.522875924991961e-06,-0.0418446167032417,-0.0038176259349268,0.0060913904238022,1.876344635613312,8.470612042276864,53.65194051643638,9.247965697772802
4.45,31.221830042703296,131.0111708188719,176.48350668116842,1.5288211965164396,-1.165624877745172,-8.114042200628948,-1.0592738329758546,4.079916256808201,0.0,53.76083329838282,26.438351966406326,43.03996195229664,-16.166952871696928,102.54134608808188,1740.4790912699227,15.288,0.0,16.878904774669586,0.158299135399868,4.514808287179997e-06,-0.0491818908151787,-0.0094926992065109,0.0071497376595684,1.92240815925507,8.473688111878097,53.5777500003795,9.143602055502123
4.46,31.22182892744596,131.01117326698392,176.83743499158322,1.5694211114784755,-1.1795622140340616,-8.203514298443032,-0.8112747962345573,3.749987426053941,0.0,53.68946354067858,26.426541322441825,43.009119996976736,-16.165324784119584,102.5437302568954,1735.8018274082165,15.288,0.0,16.884539355153635,0.1580896202379431,4.50798300331146e-06,-0.0567011051983623,-0.0152231649947781,0.0082316077540448,1.9631866021313256,8.479466833075636,53.50419142947881,9.05639107676603
4.47,31.22182781214373,131.0111757136698,177.19037394307395,1.6056792982699404,-1.190204628129942,-8.293403308231662,-0.5644537787858852,3.4170669966736646,0.0,53.6182101446153,26.414654058719886,42.97318247756181,-16.16551929242164,102.5434430431128,1731.1386933284475,15.288,0.0,16.890158186912473,0.1578804442607768,4.502461194314525e-06,-0.0643800328582324,-0.0209925487704269,0.0093336779503242,1.998605060779544,8.487877982229472,53.43126668437524,8.987518754424379
4.48,31.221826696798743,131.01117815892226,177.5423249461445,1.6375304965696469,-1.1975495400350953,-8.383521622373868,-0.3195227056015721,3.082188720828112,0.0,53.54707314957382,26.402702532736143,42.932061987167664,-16.16752462161194,102.54049809986064,1726.4896586456896,15.288,0.0,16.89576129268023,0.1576716075979141,4.498300328074506e-06,-0.0721962995993298,-0.0267844888766789,0.0104526220941282,2.0286055592420222,8.498851338602922,53.35897620372832,8.937864222676755
4.49,31.22182558141356,131.01118060273572,177.89328923836882,1.6649225279861275,-1.2016036373350207,-8.4736883139796,-0.0771762836596953,2.746375467510075,0.0,53.47605262641834,26.39069910300485,42.88568587072536,-16.171322585193455,102.53491774603334,1721.8546950810085,15.288,0.0,16.90134869246224,0.1574631104712607,4.495554124796016e-06,-0.0801274496079327,-0.0325827811099906,0.0115851201883573,2.0531468285846595,8.512317622660767,53.287319004024006,8.907969916303891
4.5,31.221824465991148,131.01118304510646,178.24326788836595,1.687811719908766,-1.202376419480972,-8.563728147892947,0.1619068657731499,2.4106385062984765,0.0,53.40514202679839,26.37865609406728,42.83399623149613,-16.176888716264564,102.52673279776072,1717.2333487425667,15.288,0.0,16.906910564487237,0.1572549336116782,4.494272469490527e-06,-0.0881510092783429,-0.0383714210978365,0.0127278660310153,2.072196718548465,8.528215748472569,53.21628704277927,8.898024029651044
4.51,31.221823350534905,131.0111854860323,178.59226179083183,1.7061484197545291,-1.1998599426541725,-8.653468739108074,0.3970511232173017,2.075985775892907,0.0,53.33430683552193,26.36658582033972,42.7769499227923,-16.18419241566586,102.51598238619772,1712.62337202597,15.288,0.0,16.91239574518236,0.1570469753988742,4.494501349570025e-06,-0.0962444517908774,-0.044134514523397,0.0138775557700098,2.0857086916818472,8.546514016154271,53.14584705190372,8.90785539593445
4.52,31.221822235048567,131.01118792551296,178.94027167349805,1.71994785470056,-1.1941271428923796,-8.742742235174763,0.6276384882301917,1.743379418582398,0.0,53.2635885591637,26.354500467305915,42.71451853915755,-16.193197106746332,102.50271377674612,1708.0274051162305,15.288,0.0,16.9178654631697,0.1568393580634295,4.496282771538016e-06,-0.1043853887635176,-0.0498564904797526,0.0150309417362695,2.093736349513814,8.567109760859225,53.07602908511839,8.936937040158288
4.53,31.221821119536298,131.01119036354973,179.28729808222263,1.7292096314984873,-1.1852202112183243,-8.831384886022978,0.8530607488217986,1.4137701970056566,0.0,53.19298739695327,26.34241204938097,42.64668823784352,-16.203860513457467,102.48698201730708,1703.4454281378255,15.288,0.0,16.923319727459074,0.1566320822039273,4.499654677347729e-06,-0.1125516728631366,-0.0555221966569653,0.0161848196561971,2.096303020316346,8.589943777665564,53.006826718875054,8.984420839219236
4.54,31.221820004002577,131.0111928001456,179.6333414008693,1.7339459392511285,-1.1731896490360332,-8.919234940543376,1.0727350860051827,1.0880843614878457,0.0,53.12250358001472,26.33033241365134,42.573459572996576,-16.21613493287634,102.46884960423787,1698.8774232781195,15.288,0.0,16.928758544259203,0.1564251485125258,4.504650892216256e-06,-0.1207213844397655,-0.061116840356075,0.0173360353796747,2.093447455748355,8.614960196520967,52.938232258006174,9.049167921255012
4.55,31.221818888452223,131.01119523530517,179.9784018453448,1.7341813466615856,-1.1580940163041196,-9.006131833538895,1.2861053856954157,0.7672212846779046,0.0,53.0521373713591,26.318273209479656,42.494847313483966,-16.229967521074247,102.4483861374844,1694.3233747687996,15.288,0.0,16.93418191722753,0.1562185577749837,4.511301071992344e-06,-0.1288728885149843,-0.0666260239398871,0.0184814927582989,2.085223514282429,8.642106504984845,52.870236775093765,9.129792230158374
4.56,31.221817772890404,131.01119766903463,180.3224794596224,1.7299525674083722,-1.139999661626527,-9.091915449282997,1.4926434398311008,0.4520512261477851,0.0,52.98188906552488,26.30624585932902,42.41088022579198,-16.245300603524193,102.4256679474762,1689.7832688516896,15.288,0.0,16.939589847327483,0.1560123108695771,4.519630657843363e-06,-0.1369848899187381,-0.0720357785206342,0.0196181611927446,2.071699823231132,8.67133343465902,52.80283015229144,9.224709279237118
4.57,31.22181665732254,131.0112001013417,180.66557412965872,1.72130819528031,-1.118980435798679,-9.176425473896945,1.6918500354892572,0.1434132308171172,0.0,52.91175898836264,26.294261530856176,42.32160082302261,-16.26207200737436,102.40077769665092,1685.2570937489716,15.288,0.0,16.944982333024726,0.155806408766495,4.529660838477717e-06,-0.1450364864745597,-0.0773325958313236,0.0207430828378533,2.052959421540047,8.702594721876974,52.73600112586016,9.332186687767406
4.58,31.22181554175436,131.01120253223567,181.00768557941683,1.708303960415693,-1.0951111412930183,-9.259500805438456,1.8832530663253924,-0.1578846987448252,0.0,52.84174089806417,26.28233111087292,42.227065081068325,-16.280215412743438,102.3738039586448,1680.744419861163,15.288,0.0,16.95034969528742,0.1556008330961316,4.541408520233249e-06,-0.1530072194672651,-0.0825034573310518,0.0218533766300817,2.0290922684106483,8.735853205471976,52.66973171570285,9.450392841349887
4.59,31.22181442619184,131.0112049617272,181.3488133738481,1.690988898380722,-1.0684481577518137,-9.340977237541734,2.0663946568878337,-0.451057205835017,0.0,52.77180169143051,26.27046523446064,42.127342146435325,-16.299660704139676,102.3448408020426,1676.2431133796267,15.288,0.0,16.955642901127362,0.1553954863903877,4.554886323025621e-06,-0.1608770295024943,-0.0875357372504219,0.022946221967373,2.000173352576577,8.77110024026761,52.60397997421238,9.577436777824383
4.6,31.22181331064124,131.01120738982848,181.68895692784,1.6694726218471942,-1.0391241671456704,-9.42068991232028,2.240881749861942,-0.735380415816626,0.0,52.701981915106494,26.25867418166382,42.02251404895701,-16.320334311120728,102.3139873938841,1671.7557244634538,15.288,0.0,16.96092084013453,0.1551904880546293,4.570102556845197e-06,-0.1686264269014789,-0.0924173942820543,0.0240189255408653,1.9663703273812223,8.808256857440849,52.53876562047,9.711422851308866
4.61,31.221812195109,131.0112098165529,182.02811550323025,1.6438481260851034,-1.0072399860880823,-9.498473364254776,2.406340028990486,-1.0101586106260287,0.0,52.63228201573394,26.246967846928964,41.9126752605658,-16.34215964414302,102.2813474636138,1667.2822488065503,15.288,0.0,16.966183501071413,0.1549858394136398,4.587061200550902e-06,-0.1762365745864916,-0.0971370474886145,0.0250688860236462,1.9278201835161852,8.847284332053574,52.47407327790945,9.850476587719058
4.62,31.221811079601768,131.0112122419154,182.36628821874947,1.6142185528095547,-0.972902284264988,-9.574160331133594,2.562427931250743,-1.2747356905951484,0.0,52.56270246855894,26.23535575073451,41.79793227331384,-16.365057504382612,102.24702880617124,1662.8226838450155,15.288,0.0,16.97143087055163,0.154781541876179,4.605761913255175e-06,-0.1836892625691307,-0.1016839077946034,0.0260936054831934,1.8846723686066973,8.888144348386579,52.40988667898,9.992774090810979
4.63,31.22180996412639,131.01121466593185,182.7034740500196,1.5806967728224617,-0.9362232197129632,-9.647581796666636,2.7088370495468097,-1.5284964080953651,0.0,52.49324377650721,26.22384702015753,41.6784031691052,-16.388946484568713,102.21114279781057,1658.3770286855622,15.288,0.0,16.976662932863796,0.154577596932277,4.626200047441092e-06,-0.1909669476676578,-0.1060477981374453,0.027090694347343,1.8370884063435025,8.930798312558302,52.346188721237,10.136564208543806
4.64,31.22180884868987,131.01121708861956,183.0396718464501,1.5434049489917936,-0.897320065354336,-9.71856715684411,2.8452924223043152,-1.7708674497240906,0.0,52.423906469555234,26.212450370948385,41.554217164199535,-16.413743370385,102.17380390916388,1653.9452840525987,15.288,0.0,16.981879670323796,0.1543740061514055,4.648366671638751e-06,-0.1980527907487834,-0.1102191715866406,0.0280578759765087,1.785241543579822,8.975206646487214,52.2829615251199,10.280185215987292
4.65,31.221807733299336,131.01121950999686,183.37488031533547,1.502474080728548,-0.8563148272497288,-9.786944507733027,2.9715527107660624,-2.001318365789335,0.0,52.35469110371368,26.20117409113206,41.42551412993996,-16.439363539507973,102.1351292186614,1649.5274522152904,15.288,0.0,16.987081063151493,0.1541707711794633,4.672248602955454e-06,-0.2049306914427719,-0.1141891274218267,0.0289929908382645,1.729316442141355,9.021328079652283,52.2201864926676,10.422076736982534
4.66,31.221806617962,131.01122193008305,183.7090980536595,1.4580435319541336,-0.8133338561893757,-9.852541050739273,3.087410265624364,-2.219362346636321,0.0,52.28559826016933,26.19002602614752,41.29244409121103,-16.465721355484508,102.09523792928844,1645.1235369179528,15.288,0.0,16.99226708966447,0.1539678937363075,4.697828449711948e-06,-0.2115853202866128,-0.1179494251658599,0.0298940002816291,1.6695089397454763,9.069118953171447,52.157844367467504,10.560787685132786
4.67,31.22180550268526,131.01122434889857,184.04232352921187,1.410235707969267,-0.7684720492444649,-9.915182245440947,3.192673117785893,-2.4245436478810127,0.0,52.21659099725302,26.179013592967923,41.15516671154744,-16.49273054892409,102.05425089892162,1640.7311837299446,15.288,0.0,16.99738322656755,0.1537652650458291,4.725084673199399e-06,-0.2180021029690403,-0.1214924349178834,0.0307589614019149,1.605987167517178,9.118570627670517,52.095883309159085,10.694971364983651
4.68,31.22180438747652,131.0112267664647,184.37455509947097,1.359225186533446,-0.721891563648087,-9.974693473435444,3.2872077575097447,-2.616469669745919,0.0,52.147699659077205,26.168143765442245,41.013850813890485,-16.52030455238859,102.01229023444918,1636.3522735953115,15.288,0.0,17.002472703584942,0.1535629744712226,4.753991662875714e-06,-0.2241672382428283,-0.1248111345947842,0.0315860891481766,1.539000575986098,9.169602794199337,52.03430819752552,10.823407885815271
4.69,31.22180327234324,131.01122918280353,184.7057910235307,1.3051787654526257,-0.6737369592701136,-10.03090279274946,3.370910264234407,-2.79479014355534,0.0,52.07893277111712,26.157422986675808,40.86867378870162,-16.548356886506735,101.96947880076104,1631.9873097629788,15.288,0.0,17.007546935533686,0.153361047125736,4.784519779589343e-06,-0.2300678757785211,-0.1278993270529496,0.0323737307945899,1.4687867719133303,9.222152740903756,51.97310485591823,10.944994234517617
4.7,31.22180215729296,131.01123159793804,185.03602945613616,1.2482643505477955,-0.6241480931744421,-10.083640017615348,3.4437065680195755,-2.9591977816517727,0.0,52.01029100543831,26.14685721216049,40.719820980774095,-16.576801534656187,101.92593973800042,1627.6363011325325,15.288,0.0,17.01260589427831,0.1531594849961514,4.816635450254737e-06,-0.2356920424644775,-0.1307515167730951,0.0331203616547199,1.395587007105909,9.27616092588056,51.912251991251296,11.058741449297365
4.71,31.221801042333205,131.0112340118918,185.3652684576228,1.1886556563526056,-0.573267157412164,-10.1327376219712,3.505555049368403,-3.109430542581753,0.0,51.94177505392543,26.13645190355095,40.567485099929165,-16.605553275940395,101.88179603259952,1623.2992576941424,15.288,0.0,17.017649550309628,0.1529582901274811,4.850301264305909e-06,-0.2410286574745399,-0.1333629086967194,0.0338245908162306,1.3196553920867216,9.331562572434034,51.85172796183543,11.163773834103015
4.72,31.22179992747148,131.01123642468914,185.6935060088232,1.1265316680867192,-0.5212382722057411,-10.178031687909032,3.556445988076463,-3.245271499448831,0.0,51.87338562703648,26.126212023066568,40.41186561982581,-16.63452800004449,101.83717010583132,1618.9761904431707,15.288,0.0,17.022677872779504,0.1527574646193025,4.8854760804583165e-06,-0.2460675483508429,-0.1357294101705606,0.0344851625026339,1.2412606190711786,9.388287299688528,51.79151084005484,11.259326099341843
4.73,31.221798812715264,131.01123883635483,186.02074000609807,1.0620760983401891,-0.468207080016545,-10.219362907098663,3.596400920626433,-3.3665485640794666,0.0,51.80512345259905,26.116142029405303,40.25316816630362,-16.663643002921976,101.79218342098052,1614.6671112955987,15.288,0.0,17.027690829639948,0.1525570106222444,4.922115144252138e-06,-0.2507994643717972,-0.1378476309599314,0.0351009570410015,1.1606887607189964,9.446258835466114,51.73157847498445,11.344740060625991
4.74,31.221797698072013,131.01124124691415,186.346968281214,0.9954768399432784,-0.4143203414544456,-10.256577622500828,3.625471910213424,-3.473134070428842,0.0,51.73698927453945,26.10624587514416,40.09160389707113,-16.692817262262473,101.7469561103686,1610.3720330036888,15.288,0.0,17.032688387730072,0.1523569303342345,4.9601702162601136e-06,-0.255216087212127,-0.1397148813670931,0.0356709914404301,1.078247750184046,9.505394815121129,51.67190855468532,11.419461080510976
4.75,31.221796583549104,131.01124365639285,186.67218859537687,0.9269206160651572,-0.3597185928767853,-10.289528704801905,3.643737763646136,-3.564942086975058,0.0,51.66897648272991,26.09652700635283,39.92738887456798,-16.721971691934655,101.7016066232232,1606.0905109564887,15.288,0.0,17.037659917716063,0.1521572042965611,4.999589710910772e-06,-0.2593100379899983,-0.1413291672154938,0.0361944142966232,0.994267572442435,9.565614499240729,51.61247238949557,11.48303261079796
4.76,31.22179546915381,131.0112460648169,186.99639865712456,0.8565830692504491,-0.3045221191718822,-10.31807456216894,3.6512930417260367,-3.6419205350471007,0.0,51.60105648150808,26.086988409102105,39.76074345528593,-16.751029361077048,101.65625141664574,1601.8207378626705,15.288,0.0,17.04256323514028,0.1519577483058598,5.04031886435094e-06,-0.2630748022941615,-0.142689072253015,0.0366704836512757,0.9090992061134576,9.626854482477007,51.55322248409143,11.53508512021617
4.77,31.221794354893337,131.01124847221269,187.31959612530525,0.784685468278357,-0.2489134707663124,-10.342084679257168,3.648288127883289,-3.704079814993976,0.0,51.533266838081566,26.07763254055764,39.591891702683775,-16.779915674566936,101.61100469522968,1597.5650182341958,15.288,0.0,17.047451246536006,0.1517586729983779,5.082299880364159e-06,-0.2665048456756837,-0.1437939074165101,0.0370986447335125,0.8232164516960012,9.688974764593372,51.49416772451415,11.575358700827625
4.78,31.22179324077477,131.01125087860672,187.64177861205948,0.7114270067090845,-0.1930400187390627,-10.361438783146786,3.634888578945328,-3.751463360070536,0.0,51.46560834847871,26.06846132994108,39.421060693006176,-16.808558599505727,101.56597806699176,1593.3233673052775,15.288,0.0,17.052323915920645,0.1515599807252213,5.125472084089918e-06,-0.2695956362384205,-0.1446437338847336,0.0374784602187471,0.7371505406630104,9.751868238471516,51.43528575061013,11.60367639932264
4.79,31.221792126805006,131.01125328402557,187.962943699716,0.6370083153749716,-0.1370482931821014,-10.376027613749736,3.61128569750636,-3.7841550016283616,0.0,51.39808181822684,26.05947620860565,39.24847986443549,-16.83688884158033,101.5212802652126,1589.0958007063134,15.288,0.0,17.05718120671075,0.1513616738654539,5.169772106718375e-06,-0.2723435882377333,-0.1452392775492751,0.0378096267940135,0.6515834978255205,9.815421998978673,51.37655434320233,11.619946751455446
4.8,31.22179101299088,131.01125568849602,188.2830889417833,0.5616309231968513,-0.0810836114900334,-10.385753931690187,3.577695379747144,-3.8022778107949295,0.0,51.33068806111947,26.05067811576004,39.074380383023474,-16.864839990311754,101.47701690735056,1584.882334385269,15.288,0.0,17.062023081996696,0.1511637548224662,5.215134070965194e-06,-0.2747460570201843,-0.1455819167411454,0.0380919735499748,0.567453641603845,9.879517647115431,51.31795148146159,11.62416042173996
4.81,31.22178989933896,131.01125809204467,188.60221186891303,0.4854967239827235,-0.0252897151502214,-10.39053347613198,3.534356912532484,-3.8059928389130566,0.0,51.26342789774073,26.04206750544193,38.89899451270134,-16.892348642996502,101.43329027623126,1580.6829845140496,15.288,0.0,17.066849504473996,0.1509662260196358,5.2614897843649845e-06,-0.2768013315058807,-0.1456736684325093,0.0383254600432462,0.4861549376309313,9.944031664871266,51.25945539870336,11.616386968143019
4.82,31.22178878585568,131.01126049469815,188.9203099988388,0.4088074507333444,0.0301915837260396,-10.390295861311678,3.481531726020553,-3.7954977644373646,0.0,51.19630215415917,26.03364435469652,38.722554991104,-16.91935450792872,101.39019912312152,1576.4977674055478,15.288,0.0,17.071660436615,0.1507690898964923,5.308768939750979e-06,-0.2785086242785168,-0.145517172981819,0.0385101740415764,0.4099207826337481,10.008835853948195,51.20104463682139,11.596771728577194
4.83,31.22178767254728,131.01126289648283,189.2373808463124,0.3317641585906357,0.0852207454278051,-10.384985401327306,3.4195021079059225,-3.771025454186878,0.0,51.12931166067352,26.02540817290884,38.54529441290188,-16.945800487626762,101.34783849216232,1572.3266994325156,15.288,0.0,17.076455840909226,0.1505723489050593,5.356899322188689e-06,-0.2798680593548856,-0.1451156774936262,0.038646328964814,0.3425345985569373,10.07379783153773,51.14269809912617,11.565532820751478
4.84,31.221786559419733,131.01126529742498,189.5534219320488,0.2545632389901437,0.1396659518298531,-10.374561648229385,3.348567807842965,-3.732841004405049,0.0,51.06245179573571,26.01735801251589,38.367444622285646,-16.971632742903065,101.3062995655212,1568.1694619064483,15.288,0.0,17.081227922864052,0.1503759894420163,5.40580702171812e-06,-0.2808806573755902,-0.1444730173821377,0.0387342568513108,0.2903599359285166,10.138787649001202,51.08439045042022,11.522956986850291
4.85,31.221785446478865,131.01126769755052,189.86843077477448,0.1773827175286528,0.1934229459099815,-10.358997714522864,3.2690330636867704,-3.6812321471533087,0.0,50.99569152737378,26.009492521036098,38.18923613350543,-16.996800727949964,101.26566954592435,1564.024117730376,15.288,0.0,17.08593140044242,0.1501799201263775,5.455416669685181e-06,-0.2815482502397558,-0.1435934978110056,0.0387743797836132,0.2624441749282385,10.203701834306932,51.02607427495963,11.469388865244834
4.86,31.2217843337302,131.01127009688503,190.182404909116,0.100442611770858,0.2463257210673972,-10.338286305393623,3.181246207487751,-3.61653600459896,0.0,50.92906906080238,26.0018098954638,38.010897592421536,-17.021257190714756,101.22603158707626,1559.892981345774,15.288,0.0,17.09061943729085,0.1499842534768897,5.505651649866781e-06,-0.2818735516790595,-0.1424820013153897,0.0387672915894877,0.266016948636058,10.268357297129691,50.96776169539374,11.405254220643446
4.87,31.221783221179063,131.0112724954537,190.49534190249528,0.0239363722357809,0.2982469276067362,-10.31243706627572,3.0855597915386204,-3.539110602079539,0.0,50.86258523033825,25.99430788747068,37.83265515488484,-17.044958217622725,101.18746464489432,1555.776068536286,15.288,0.0,17.09529199698737,0.1497889919576103,5.556434306157116e-06,-0.2818601691519965,-0.1411440141293489,0.0387136777924228,0.2992059066392386,10.332610634504029,50.909433536606144,11.331034433219635
4.88,31.22178210883048,131.01127489328138,190.8072393382324,-0.0519456480444493,0.3490630250729077,-10.281477103149198,2.9823404474598347,-3.449340974411656,0.0,50.79624086785611,25.98698384306715,37.65473191605543,-17.06786324047705,101.15004338236017,1551.6733947381572,15.288,0.0,17.09994904346593,0.1495941380254654,5.607686178592696e-06,-0.2815125287660912,-0.139585528272661,0.0386143327428156,0.3529069458642385,10.396317334373714,50.85107122043354,11.2472698520526
4.89,31.22178099668924,131.01127729039214,191.1180948413856,-0.1270166362174307,0.3986545485242761,-10.245451213476825,2.8719674980652297,-3.347637390431865,0.0,50.73003680159741,25.979834717716344,37.47734737101538,-17.089935020205466,101.11383810572806,1547.5849749663455,15.288,0.0,17.10459054120281,0.1493996941267836,5.6593282321188016e-06,-0.2808358509366329,-0.1378130181973442,0.0384701555410937,0.4183998262309359,10.45933245811476,50.79265680638844,11.154557094546348
4.9,31.22177988475981,131.01127968680976,191.42790607576933,-0.2010937466029101,0.4469063600923322,-10.204422001370164,2.7548315729392034,-3.234433551906524,0.0,50.663973854911085,25.97285709220125,37.30071689308411,-17.11113961793839,101.07891471616333,1543.5108237418326,15.288,0.0,17.10921645526749,0.1492056626935752,5.711281085929028e-06,-0.2798361243813756,-0.1358334166033585,0.0382821457651061,0.490064454450545,10.521511328968211,50.73417302997412,11.053546298768048
4.91,31.221778773046417,131.0112820825572,191.73667075587923,-0.2739985110752656,0.4937078852649132,-10.158469875397945,2.631333233150305,-3.1101847752588223,0.0,50.598052845083615,25.96604718918116,37.12505123099485,-17.131446354600765,101.04533467582404,1539.450955022636,15.288,0.0,17.11382675145824,0.1490120461401002,5.763465242501827e-06,-0.2785200785615251,-0.1336540895072186,0.0380513990187924,0.5646421892923098,10.582710219865625,50.67560333865985,10.944938288062685
4.92,31.221777661552977,131.01128447765697,192.04438664689144,-0.345557232170211,0.5389533336664148,-10.107692928636329,2.501881610145675,-2.9753661642478684,0.0,50.53227458211938,25.959400890376195,36.95055602600605,-17.15082776019215,101.01315498740264,1535.405382132191,15.288,0.0,17.118421396319036,0.1488188468592933,5.815801315440068e-06,-0.2768951546819392,-0.1312828106476063,0.037779102319319,0.6402163498815108,10.642787034937976,50.61693192534224,10.829481600803476
4.93,31.22177655028306,131.01128687213065,192.35105157360567,-0.4156013580814367,0.5825419038283889,-10.05220670173426,2.36689306368594,-2.830470781512117,0.0,50.46663986768748,25.9529137543132,36.77743134993526,-17.169259513910323,100.98242818615924,1531.374117699785,15.288,0.0,17.12300035734298,0.1486260672196621,5.868210255235323e-06,-0.2749694753652144,-0.1287277353117155,0.0374665293401712,0.7155931852551388,10.701601979082236,50.55814375942984,10.707969331031425
4.94,31.22177543924001,131.01128926599924,192.6566634214404,-0.4839849348707154,0.6244036502381931,-9.992142035358937,2.226778847593107,-2.6760005290077533,0.0,50.40112192304832,25.946581047462345,36.60587126759001,-17.186720374680476,100.9532023461254,1527.3555025765888,15.288,0.0,17.12752488612967,0.1484336283642622,5.9206135781090695e-06,-0.2727517928031522,-0.1259973430004954,0.0371150124601726,0.7900076343486686,10.759049994867398,50.49920107766227,10.581229858675451
4.95,31.221774328426783,131.01129165928285,192.96122015332548,-0.550541974639062,0.6644352543300953,-9.927646979675096,2.0819665047911724,-2.512479472960043,0.0,50.33573529826152,25.94039777971606,36.436063461155456,-17.203192080964975,100.92552113697715,1523.3503878309127,15.288,0.0,17.13201439127472,0.1482415731508147,5.972933604655549e-06,-0.270251419026305,-0.1231003536325141,0.0367259839582224,0.8628772137166997,10.814981976660444,50.440102204691264,10.450134553304565
4.96,31.22177321784609,131.01129405200075,193.26471979976475,-0.6151127320636045,0.7025389202620863,-9.858887372977758,1.9328910149609309,-2.34044687392352,0.0,50.27049461985368,25.934358652795087,36.268188827684206,-17.21865927553379,100.89942383942252,1519.359624529602,15.288,0.0,17.136488322077838,0.1480499446629422,6.025093637892708e-06,-0.2674783225384957,-0.1200458966027891,0.0363009575172542,0.9337588796435152,10.869252789322314,50.38084641016147,10.315591087205588
4.97,31.221772107500257,131.01129644417165,193.5671604727474,-0.6775525497748737,0.7386354376588435,-9.786043977526232,1.7799849710634756,-2.160449756566614,0.0,50.20540064599796,25.928458117373047,36.10242107176723,-17.233109442514788,100.87494534026004,1515.3832219199185,15.288,0.0,17.140946650562796,0.1478587451416224,6.07701818124496e-06,-0.2644430291823209,-0.1168433863397212,0.0358415041680703,1.0023144890699125,10.92173802591765,50.32142201549365,10.178533606465031
4.98,31.221770997391324,131.0112988358129,193.86854036872955,-0.737723502590324,0.7726513666471676,-9.709312175486165,1.623681918773921,-1.9730441941342736,0.0,50.140454121404986,25.9226903957836,35.9389263585697,-17.246532818530266,100.85211617211452,1511.4211882701368,15.288,0.0,17.14538935002502,0.1476679767883379,6.128633143470174e-06,-0.2611565789375523,-0.113502482449203,0.0353492562650771,1.0682664037910103,10.972318601982147,50.261818235772445,10.039919784859052
4.99,31.22176988752101,131.01130122694136,194.1688577706216,-0.7954946530513256,0.8045191442523585,-9.628901104342605,1.4644152079395067,-1.7787936140434155,0.0,50.07565577641078,25.917049501809807,35.77786299303089,-17.258922300045626,100.83096256175656,1507.4735308202091,15.288,0.0,17.149816395065034,0.1474776417624034,6.179866034962319e-06,-0.257630490065199,-0.1100330617637266,0.0348259022188701,1.1313802217645643,11.020881270651971,50.20202519539582,9.900724978496088
5.0,31.221768777890656,131.01130361757265,194.468111055738,-0.8507422856805392,0.8341771743127752,-9.545032708431334,1.3026168862530074,-1.578267144970486,0.0,50.01100632607852,25.91152926059428,35.619381124435144,-17.27027334846522,100.8115064851248,1503.5402557351972,15.288,0.0,17.154227761571754,0.1472877421783159,6.230646156647783e-06,-0.2538767227338656,-0.1064451903703156,0.0342731812012467,1.1914540927091426,11.067319102456228,50.14203394114007,9.76193563481489
5.01,31.221767668501386,131.0113060077216,194.76629869281427,-0.9033501196048516,0.8615699008314918,-9.45794071441413,1.1387166369724613,-1.372038009450416,0.0,49.94650646951845,25.90612332860968,35.46362247664035,-17.280583893734526,100.79376572841004,1499.6213680710257,15.288,0.0,17.158623426939982,0.1470982801037616,6.2809047809193605e-06,-0.2499076422386841,-0.1027490956902768,0.0336928778379415,1.2483119094815052,11.111531927961993,50.08183645283588,9.62454188188025
5.02,31.22176655935389,131.011308397402,195.06341925790983,-0.9532094996538422,0.8866478653442809,-9.36786953898948,0.9731407618949336,-1.1606819652867904,0.0,49.882156888973775,25.900825213633265,35.31072010416884,-17.289854237146493,100.77775395460986,1495.7168717268291,15.288,0.0,17.163003369886372,0.1469092575569288,6.330575324024531e-06,-0.2457359819202744,-0.0989551386811197,0.033086816903473,1.3017988537825524,11.15342674259178,50.02142565129802,9.489529243673282
5.03,31.2217654504486,131.01131078662664,195.3594714194972,-1.0002195654206127,0.9093677478853897,-9.275073137599904,0.8063112108282058,-0.9447757987751302,0.0,49.81795824933264,25.89562829466744,35.16079817428604,-17.298086953981777,100.76348077501386,1491.826769424364,15.288,0.0,17.16736757078406,0.1467206765050629,6.379593509454507e-06,-0.2413748058884909,-0.0950737862288609,0.0324568580327118,1.351778410905031,11.192918071958582,49.96079540410674,9.357869457653583
5.04,31.221764341785583,131.01131317540737,195.65445395834053,-1.044304978339791,0.9297194079844284,-9.179811671200818,0.6386334297032872,-0.7248887994316007,0.0,49.75388198221941,25.89052585541789,35.01397177829838,-17.305286794646054,100.75095182844676,1487.9493152406449,15.288,0.0,17.17167551812108,0.1465324528193643,6.42789752966978e-06,-0.2368374499306236,-0.0911155493092051,0.0318048688695275,1.398161415549225,11.22996260737314,49.89991555657053,9.230506960497388
5.05,31.2217632333646,131.01131556375492,195.94836576053635,-1.0853695205417748,0.947654542982536,-9.082353902740005,0.4705205083653986,-0.5015972194519247,0.0,49.689947205769386,25.88551111259555,34.87034680491857,-17.31146056522616,100.74016890209175,1484.08562080537,15.288,0.0,17.17595292741994,0.1463446428142715,6.475428207941e-06,-0.2321374613562672,-0.0870909190848607,0.0311327668632738,1.4408222317549302,11.264469059692605,49.8387976464488,9.108355599885796
5.06,31.22176212518515,131.01131795167908,196.2412058165197,-1.123329940040204,0.9631382582824404,-8.982975568423798,0.3023795718812754,-0.2754747396706218,0.0,49.62616531271952,25.88057717742297,34.7300197868133,-17.316617041099615,100.73113000103857,1480.236330938926,15.288,0.0,17.18021474630163,0.1461572800525618,6.5221290943522205e-06,-0.2272886701762028,-0.0830105124090448,0.0304424916723543,1.4796575942744865,11.296363566052396,49.77744759157863,8.992283903468937
5.07,31.221761017246337,131.01132033918856,196.5329732359726,-1.1581177607045463,0.9761518066395284,-8.88195646810411,0.1346065765311817,-0.0470884379903816,0.0,49.56253689288944,25.87571710867052,34.59307775622749,-17.3207668920081,100.72382940370753,1476.4014433570176,15.288,0.0,17.18446096161718,0.1459703662811377,6.5679466003209856e-06,-0.2223050930289828,-0.0788849526929605,0.0297359907173988,1.514588829159476,11.325593528303209,49.71586304241782,8.883101201311074
5.08,31.221759909547032,131.01132272629116,196.82366723688875,-1.1896728219878607,0.9866825558400942,-8.77957962849702,-0.032411012527778,0.1830002731297974,0.0,49.49906251592913,25.87092393322313,34.45959815552688,-17.32392259148602,100.71825775083424,1472.5809544721396,15.288,0.0,17.188691561836464,0.145783903187671,6.612830112876059e-06,-0.2172008915586808,-0.0747248365540854,0.0290152205424641,1.5455497320674525,11.352115111160858,49.65404258901012,8.781546448480388
5.09,31.221758802085773,131.01132511299343,197.11328715253163,-1.2179433182359565,0.9947239397587456,-8.676129991548933,-0.1982949106569043,0.4142368121537229,0.0,49.43574273094277,25.866190664600456,34.329648773603274,-17.32609832820836,100.7144021377892,1468.7748593784345,15.288,0.0,17.192906537064715,0.1455978923995146,6.656732096775965e-06,-0.2119903359637022,-0.0705407086205083,0.0282821418861406,1.5724861203632106,11.375893369317234,49.59198575283326,8.68827627544098
5.1,31.22175769486081,131.01132749930107,197.4018324393847,-1.2428858169361925,1.0002753955568144,-8.571893108517838,-0.3626766579140901,0.6460745358201465,0.0,49.37257806627904,25.86151032108157,34.203287707159845,-17.327309919843294,100.71224620934116,1464.983151848371,15.288,0.0,17.197105879207722,0.1454123354830849,6.699608185729673e-06,-0.2066877689847171,-0.0663430369267713,0.0275387148508876,1.5953554689330087,11.396902335633383,49.52969297665712,8.603853678897995
5.11,31.22175658787008,131.01132988521871,197.68930265826657,-1.2644652564625114,1.0033422878074545,-8.467153848529987,-0.5251982191671866,0.8779757890803118,0.0,49.30956902910446,25.856875943395032,34.08056334647068,-17.327574729566912,100.71177025666212,1461.2058243184863,15.288,0.0,17.201289581757067,0.1452272339425818,6.741417262664786e-06,-0.2013075704069609,-0.062142188947249,0.0267868941794857,1.614126602062921,11.415125071515751,49.46716561215271,8.528737828676864
5.12,31.22175548111128,131.01133227075,197.97569749420967,-1.2826549233734823,1.003935819500784,-8.36219513008393,-0.6855125411082192,1.1094128984025176,0.0,49.24671610529842,25.852280611935768,33.96151438515561,-17.326911585346885,100.7129513164035,1457.442867890792,15.288,0.0,17.20545763993882,0.145042589219698,6.782121529019464e-06,-0.1958641221482459,-0.057948408310224,0.02602862464731,1.6287794212016864,11.430553679578043,49.40440590578387,8.463275478014284
5.13,31.221754374581806,131.01133465589749,198.26101675049432,-1.2974364099137143,1.0020729307499967,-8.25729668353563,-0.8432840675327127,1.3398691096318809,0.0,49.18401975928595,25.847717463474456,33.84616985346359,-17.32534070205688,100.71576327169896,1453.694272332261,15.288,0.0,17.209610050697,0.1448584026931234,6.8216865630998354e-06,-0.190371774000301,-0.0537717922331618,0.0252658365782045,1.6393046551989658,11.443189279855172,49.34141698272664,8.407694438395627
5.14,31.2217532682788,131.01133704066277,198.5452603436811,-1.308805419818185,0.9977854340149652,-8.152733240106073,-0.9981926318927878,1.5688415287590511,0.0,49.1214703662596,25.843179708702515,33.734549174553365,-17.32288360641631,100.72017695502096,1449.959431726908,15.288,0.0,17.213733042349887,0.1446746460264854,6.860081368285863e-06,-0.184844808234715,-0.0496222666361023,0.0245004362242946,1.645713895429468,11.453053842377454,49.27819421384769,8.362099709824953
5.15,31.221752162199152,131.01133942504657,198.8284283085788,-1.316770481753058,0.9911181017981152,-8.048772211734583,-1.1499363027394944,1.795843354781274,0.0,49.05905000597261,25.838660676528285,33.62666226079887,-17.31956305428198,100.72616027165304,1446.2372541017064,15.288,0.0,17.217801599274125,0.1444912664510432,6.897278434218551e-06,-0.179297355532405,-0.0455094795379472,0.0237342963824805,1.6480372083791546,11.460187856144378,49.21472670920986,8.32647230054007
5.16,31.221751056339524,131.01134180904856,199.11052079327527,-1.321320937353451,0.9820780685347926,-7.945677772756768,-1.2982087454954598,2.0203908468630782,0.0,48.9967875508436,25.83415377870164,33.52250964005624,-17.315402945918,100.733678333694,1442.5294083102913,15.288,0.0,17.221854709337606,0.1443083490141778,6.9332537394541e-06,-0.173743447008112,-0.0414429200729036,0.0229692899144303,1.6462670998426256,11.46458522868097,49.15104445949359,8.300669875946758
5.17,31.22174995069632,131.01134419266748,199.39153806509955,-1.322470751187462,0.9707039026589332,-7.843705463405488,-1.4427246147502415,2.2420191408054126,0.0,48.93468337965471,25.82965253217524,33.422082538747325,-17.310428282053888,100.74269352691876,1438.8358788485768,15.288,0.0,17.225892376128122,0.1441258948430265,6.967986757692e-06,-0.1681969784994196,-0.0374318920435294,0.0222072475022105,1.6404351901765035,11.466282117970689,49.08715389792847,8.28443236066305
5.18,31.2217488452657,131.01134657590123,199.67148050664767,-1.3202417019645143,0.9570392359633167,-7.743102166972839,-1.5832120523231747,2.460278196360023,0.0,48.87273784983109,25.82515058512333,33.32536301667652,-17.30466510376725,100.7531656126623,1435.1566489289653,15.288,0.0,17.229914604962126,0.1439439050020032,7.001460471014198e-06,-0.1626716544284758,-0.0334854522999946,0.0214499650522152,1.6305827595492726,11.465323066414031,49.02306223100356,8.277388499658896
5.19,31.221747740043675,131.0113489587468,199.9503486028607,-1.3146632320757532,0.94113259859407,-7.644105198746295,-1.719412980093698,2.6747334325099343,0.0,48.8109512975138,25.82064173001684,33.23232412825507,-17.29814043074845,100.76505183845045,1431.4917004958531,15.288,0.0,17.233921402737963,0.1437623804929841,7.033661365480383e-06,-0.157180958672779,-0.029612393189199,0.0206992000864797,1.6167605058170067,11.461760777954607,48.95877741272599,8.279065419514524
5.2,31.221746635026,131.01135134120017,200.22814296289064,-1.3057722812219177,0.9230372451055376,-7.546941467541934,-1.851083360105544,2.884966317571676,0.0,48.74932403781695,25.816119916016657,33.14293010257124,-17.290882201824953,100.7783070500834,1427.841014248796,15.288,0.0,17.237912777968482,0.1435813222560725,7.0645794170699085e-06,-0.1517381264627551,-0.0258212259317932,0.0199566682976504,1.5990282966766154,11.455655865552112,48.8943081176702,8.288900154669902
5.21,31.22174553020824,131.0113537232567,200.5048642972406,-1.2936131049326811,0.902810972285304,-7.4518267133374545,-1.9779934231176013,3.0905749155738764,0.0,48.68785636508929,25.81157926067028,33.057136541513,-17.282919217559847,100.79288380514998,1424.204569666884,15.288,0.0,17.24188874074843,0.1434007311703634,7.094208068278468e-06,-0.1463561173465954,-0.0221201649465719,0.0192240402713742,1.5774549167381755,11.447076570385107,48.82966371274692,8.30625262415493
5.22,31.221744425585783,131.01135610491076,200.7805134227352,-1.2782370786969963,0.8805159292957939,-7.358964823858511,-2.0999278666349888,3.2911743902394206,0.0,48.62654855317711,25.807014060898105,32.97489063512692,-17.27428108472424,100.80873248795356,1420.5823450334503,15.288,0.0,17.245849302656577,0.1432206080547063,7.122544195686704e-06,-0.1410475892597333,-0.0185171131390273,0.0185029383794362,1.5521178106775326,11.43609845398951,48.76485422777181,8.33041950869372
5.23,31.22174332115387,131.01135848615607,201.0550912664949,-1.2597024883639325,0.8562184205541066,-7.268547232328573,-2.216686023311678,3.4863974677571403,0.0,48.56540085583309,25.80241880326049,32.89613139337484,-17.264998162429187,100.8258014258346,1416.9743174680195,15.288,0.0,17.24979447678837,0.1430409536689111,7.149588068852514e-06,-0.1358248737335379,-0.0150196481685579,0.0177949338466159,1.5231028242377775,11.422804064417534,48.6998903250419,8.360648485477672
5.24,31.22174221690757,131.01136086698554,201.3285988510289,-1.2380743076408565,0.829988702014509,-7.180752397931641,-2.3280820006044687,3.675894859456111,0.0,48.50441350714836,25.797788173496205,32.82078989343138,-17.25510150969388,100.84403700687488,1413.3804629606248,15.288,0.0,17.2537242777559,0.1428617687150076,7.175343300883281e-06,-0.1306999522749972,-0.0116350097064574,0.0171015439937767,1.4905039459842058,11.40728257786034,48.634783267898605,8.396152322326898
5.25,31.221741112841787,131.01136324739133,201.60103730119167,-1.2134278442317217,0.8019070783890366,-7.095744993938551,-2.433947042985646,3.859336951816796,0.0,48.44357979865431,25.793117065836693,32.748789541647675,-17.2446228342201,100.86338379896796,1409.8003534403952,15.288,0.0,17.257629385789613,0.1426830334469267,7.199816791340072e-06,-0.1256844332930872,-0.0083700865679462,0.0164242272266516,1.454429768056515,11.389637544181234,48.56953895560958,8.43612333567505
5.26,31.22174000895133,131.0113656273649,201.87240783722663,-1.185853522355605,0.7720719709071193,-7.013673997454863,-2.5341352323050423,4.0364173863627375,0.0,48.382876851826,25.788400615574936,32.68004636263796,-17.233594434239066,100.88378468485912,1406.2326229724897,15.288,0.0,17.261478764539074,0.1425046804919301,7.2230186843636835e-06,-0.1207894860890666,-0.0052313285692912,0.0157643722397141,1.415011867544979,11.369997161682388,48.50414996319247,8.479748205879442
5.27,31.22173890523086,131.01136800689727,202.1427117727777,-1.1554179481257203,0.7405366892483177,-6.9346776066762095,-2.6284975226130567,4.206838287120865,0.0,48.32233491045055,25.78363416766683,32.614469315608765,-17.22204913262131,100.9051810143233,1402.6789965247426,15.288,0.0,17.26531301760228,0.1423267989410344,7.244962278435465e-06,-0.1160258857955396,-0.0022248484366228,0.0151233269942465,1.3723377438371638,11.348432659955304,48.43865490296723,8.526209070208488
5.28,31.221737801674955,131.01137038597858,202.4119505099212,-1.122210349881431,0.7073850744836329,-6.858878922385832,-2.716907849917397,4.370325685198255,0.0,48.26195413534349,25.77881328421196,32.5519605607991,-17.210020248108094,100.92751268990942,1399.1394459238215,15.288,0.0,17.269132164766337,0.1421493892809191,7.265663933022567e-06,-0.1114040033201477,0.000643571670139,0.014502369381827,1.3265314634014962,11.325055617189289,48.3730671001568,8.574704364092968
5.29,31.221736698278097,131.01137276459852,202.6801255351893,-1.0863253660159136,0.6727038224312174,-6.786386728968385,-2.7992552081470228,4.526625135142918,0.0,48.201734670258105,25.77393376309601,32.492415763074185,-17.197541551314284,100.95071828246432,1395.6139420568757,15.288,0.0,17.27293622704195,0.1419724519481082,7.285142992514405e-06,-0.1069337600309892,0.0033685359264787,0.013902712319274,1.2777241512047013,11.299982131504526,48.30740031190425,8.624454166471295
5.3,31.22173559503468,131.01137514274623,202.94723842255428,-1.0478627616077782,0.6365822521795408,-6.717295468732332,-2.875443628858334,4.67550191232033,0.0,48.14167664248135,25.768991643115235,32.43572441357093,-17.18464721608985,100.97473515655886,1392.10245491331,15.288,0.0,17.276725226550756,0.1417959873307173,7.303421695103669e-06,-0.1026246116760091,0.005945041519528,0.013325502081298,1.226053893204755,11.27333234638647,48.24166869158731,8.674707638249544
5.31,31.22173449193897,131.01137752041035,203.21329081851704,-1.0069271376384448,0.5991120718091218,-6.651685292986782,-2.9453921354968826,4.816741174039887,0.0,48.08178016357114,25.7639832083746,32.38177016053205,-17.171371770731565,100.99949959708584,1388.6049536345151,15.288,0.0,17.28049918655749,0.1416199957706133,7.320525076174176e-06,-0.0984855336204442,0.0083684843123245,0.0127718168168483,1.1716657293823949,11.24522996247811,48.17588675281949,8.724749142896584
5.32,31.22173338898533,131.01137989757896,203.47828444807448,-0.9636276336806288,0.560387142002968,-6.589622186914503,-3.0090346724481902,4.950148084537517,0.0,48.022045330091856,25.758904991969324,32.33043114839611,-17.15775004884693,101.02494693697022,1385.121406561341,15.288,0.0,17.2842581314539,0.1414444775655933,7.336480866617687e-06,-0.0945250074128572,0.0106346635013159,0.0122426652487736,1.1147117812497451,11.215801737842355,48.1100693331021,8.773903138576452
5.33,31.22173228616793,131.01138227423988,203.7422211057724,-0.9180776249238626,0.520503238210034,-6.531158164854316,-3.066320009082184,5.075547903848149,0.0,47.96247222422228,25.753753778957023,32.28158036420915,-17.143817139687883,101.0510116859188,1381.6517812783395,15.288,0.0,17.288002086533346,0.1412694329711309,7.351319386501782e-06,-0.0907510086873173,0.0127397852748576,0.0117389855561225,1.0553515808189444,11.185176978886789,48.04423155710486,8.821537955294321
5.34,31.221731183480976,131.01138465038042,204.00510265073743,-0.8703944140993941,0.4795578115299927,-6.476331532230955,-3.1172116187985246,5.1927860404372685,0.0,47.90306091465808,25.748526608635,32.23508599042689,-17.129608337787325,101.07762766012723,1378.1960446687676,15.288,0.0,17.2917310781196,0.1410948622030634,7.36507343450903e-06,-0.0871709964065151,0.0146804654825403,0.0112616444380497,0.9937527054221632,11.153487023625855,47.97838880002375,8.867068582880231
5.35,31.221730080918668,131.01138702598757,204.26693100767287,-0.8206989193770936,0.4376497493380481,-6.425167209997179,-3.1616875333509142,5.301728067584459,0.0,47.843811457285774,25.74322077613143,32.190811763178615,-17.115159091750606,101.10472811284696,1374.7541629609825,15.288,0.0,17.295445133357536,0.1409207654395439,7.377778173564102e-06,-0.0837919034481298,0.0164537313266533,0.0108114363579377,0.9300918877384752,11.120864720164883,47.91255665065293,8.909958599094743
5.36,31.221728978475127,131.01138940104795,204.52770815890483,-0.7691153587423849,0.3948791357439434,-6.377677117172672,-3.1997401724299945,5.402259703311412,0.0,47.784723896122834,25.737833833328143,32.14861733507062,-17.100504952074655,101.13224586570368,1371.3261017865905,15.288,0.0,17.299144280325844,0.140747142823817,7.389471013061466e-06,-0.0806201285335739,0.018057022089717,0.0103890829660338,0.8645568812738773,11.087443902227209,47.84675087468053,8.949721363483478
5.37,31.221727876144573,131.01139177554796,204.7874361344473,-0.7157789932737288,0.3513605983940596,-6.333859847162246,-3.2313811614303054,5.4942896066300175,0.0,47.72578320886194,25.732363591997807,32.10835864193837,-17.08568151769708,101.16011344100392,1367.9109632083612,15.288,0.0,17.302808544223414,0.1405739501220359,7.4001914903735374e-06,-0.0776615246427497,0.0194881974465417,0.0099952289208837,0.7973627874630472,11.053376207724533,47.78097445667091,8.985923606144414
5.38,31.221726773921187,131.0113941494738,205.04611701498288,-0.6608222794331832,0.3072004108562231,-6.293701303123911,-3.256635700256509,5.577746192734619,0.0,47.66698425808717,25.72680814228224,32.06988829284596,-17.07072436925259,101.18826321736796,1364.50841964701,15.288,0.0,17.306431165390748,0.1404011722154126,7.409981172595186e-06,-0.0749213529586599,0.0207456078637223,0.0096304420378953,0.7287345146574008,11.018801581771212,47.7152389545833,9.018181899235254
5.39,31.2217256717992,131.01139652281142,205.30375292888087,-0.6043664588569815,0.2624824015950784,-6.257177816961868,-3.2755324515975768,5.652571902907721,0.0,47.60834734418946,25.72116580990165,32.0330559530145,-17.05566900637733,101.21662757586422,1361.1195996147887,15.288,0.0,17.310039155533342,0.1402288689112679,7.418883497826392e-06,-0.0724043620908048,0.021827946111012,0.00929522657404,0.6589030827513676,10.983830156911283,47.64957783919751,9.046156984714024
5.4,31.221724569772903,131.0113988955466,205.5603460392797,-0.5465457147039154,0.2173090005248857,-6.22425417219636,-3.288119092351232,5.71873204066859,0.0,47.54987247231184,25.71543516927417,31.99770868476564,-17.040550809128863,101.24513899854378,1357.7444668615924,15.288,0.0,17.31363254488318,0.1400570402384358,7.426943648278947e-06,-0.0701147610543443,0.0227342868240623,0.0089900107335375,0.5881615319233328,10.948594427887016,47.58400720845401,9.069562465662719
5.41,31.22172346783661,131.011401267665,205.8158985500488,-0.4874959285630178,0.1717826577197483,-6.194884765645483,-3.294456464533473,5.77621140096327,0.0,47.491559639997874,25.709615046694825,31.963691316479053,-17.02540498163098,101.27373019797778,1354.3829848057912,15.288,0.0,17.317211364228562,0.1398856862033849,7.434208426418624e-06,-0.0680562043804359,0.0234641062678792,0.0087151496264559,0.516876048744742,10.913225306953647,47.51854315634717,9.08816036417442
5.42,31.221722365984743,131.01140363915223,206.0704126869061,-0.4273543603500727,0.1260056154871901,-6.169014233410153,-3.294618261416867,5.825014030187302,0.0,47.43340883800958,25.703704517609108,31.9308468137282,-17.010266492743508,101.30233424985065,1351.0351165858935,15.288,0.0,17.320775644739275,0.1397148067925975,7.440726125019819e-06,-0.0662317919240498,0.0240172776756102,0.0084709257069501,0.445543342458085,10.877851639677766,47.453201737851,9.101759970047413
5.43,31.22172126421175,131.0114060099938,206.32389070735897,-0.3662593298467798,0.0800796839582692,-6.14657809905844,-3.2886906909008053,5.865162949837437,0.0,47.37542005126059,25.69770290334884,31.89901664882468,-16.99517001554259,101.33088472512615,1347.7008251155796,15.288,0.0,17.32432541793478,0.1395444019753241,7.446546396489771e-06,-0.0646440699289738,0.0243940657701029,0.0082575493683689,0.3749114097145951,10.842599737189524,47.3879989345065,9.110216529610494
5.44,31.22172016251221,131.0114083801753,206.5763348828125,-0.3043499006094141,0.0341060207638632,-6.127503438710075,-3.276772116687512,5.896699844148438,0.0,47.317593259743454,25.691609767353324,31.86804116796397,-16.98014986568535,101.3593158215572,1344.380073139729,15.288,0.0,17.32786071563655,0.1393744717062974,7.451720121802463e-06,-0.0632950333264769,0.0245951204956724,0.0080751596908468,0.3062549129604622,10.807592927926898,47.32295062064082,9.113429812539556
5.45,31.221719060880748,131.0114107496822,206.82774751149216,-0.2417655668910655,-0.0118150847568585,-6.1117095578062335,-3.2589726778834294,5.919684712167553,0.0,47.25992843944729,25.6854249108982,31.83775995518793,-16.96523993876031,101.38756249429504,1341.0728232878648,15.288,0.0,17.331381569904476,0.139205015928439,7.45629927936647e-06,-0.0621861292413814,0.0246214699889035,0.0079238253366689,0.2420540946422433,10.77295113172864,47.25807253028676,9.111342586339347
5.46,31.221717959312155,131.01141311850012,207.07813089161067,-0.1786459441769883,-0.0575844224291139,-6.099108674478967,-3.2354138877178835,5.93419548483815,0.0,47.20242556331424,25.679148368357808,31.808012192403247,-16.950473646749323,101.41556058534007,1337.7790381316051,15.288,0.0,17.33488801302097,0.1390360345756531,7.460336814140366e-06,-0.0613182616766538,0.0244745128186044,0.0078035455884647,0.1876974382672767,10.73879045900125,47.1933802249138,9.103939021116947
5.47,31.221716857801272,131.01141548661477,207.32748733528024,-0.1151304640445429,-0.1031040666009531,-6.089606604576926,-3.20622821224444,5.940327607844648,0.0,47.14508460202408,25.672780402022862,31.778637014720392,-16.93588385375556,101.44324695156224,1334.4986802294532,15.288,0.0,17.33838007725256,0.1388675275751447,7.463886507294094e-06,-0.0606917973449492,0.0241560095264402,0.0077142515249034,0.1545492089701979,10.70522283785411,47.12888906185543,9.09124304130191
5.48,31.221715756343134,131.0114178540119,207.57581915559663,-0.0513580736944925,-0.1482775760050045,-6.08310344363085,-3.17155862976292,5.938193590984872,0.0,47.08790552506654,25.66632149650024,31.74947386040511,-16.921502811172893,101.4705595910064,1331.2317121894032,15.288,0.0,17.341857794992922,0.138699494850562,7.467002846700438e-06,-0.0603065726132655,0.0236680735005787,0.0076558073284964,0.1569199967858783,10.6723556711949,47.06461416389165,9.073316635715463
5.49,31.221714654932875,131.0114202206775,207.82312865769129,0.0125330589949782,-0.1930101872525286,-6.079494241225185,-3.1315581721066765,5.927922525154441,0.0,47.03088830154143,25.659772352718186,31.72036281476217,-16.907362092499632,101.49743776718634,1327.9780967144277,15.288,0.0,17.34532119855628,0.1385319363243536,7.469740898525872e-06,-0.0601619015244518,0.0230131612158223,0.007628011719649,0.1934166729008185,10.6402915267219,47.00057038956521,9.050258133258504
5.5,31.221713553565767,131.01142258659775,208.0694181466855,0.0763907664047198,-0.2371825141686365,-6.078668245800339,-3.0863999332417063,5.909665502413099,0.0,46.97400325335792,25.653133892202387,31.6911449515846,-16.893492525497475,101.523822135858,1324.736124435991,15.288,0.0,17.348731513209128,0.1383647645913126,7.47215619181601e-06,-0.0602565626317397,0.0221941011645373,0.0076305918805003,0.2491807795277053,10.609160944622246,46.93674681756151,9.022206966193318
5.51,31.22171245223725,131.01142495175887,208.31468991476964,0.140092616722509,-0.2807269238924679,-6.080512341254577,-3.0362499918880075,5.883580019467655,0.0,46.917276121175085,25.646407245579542,31.661662692453856,-16.87992410964838,101.5496548973725,1321.5072162713277,15.288,0.0,17.35212258009692,0.138198055484923,7.474304601276762e-06,-0.0605888127405423,0.0212140764364372,0.0076632193686392,0.3137409600446982,10.579026927318512,46.87317981551787,8.989324679355406
5.52,31.221711350942925,131.0114273161477,208.558946235242,0.2035065450607299,-0.323558386508519,-6.084910496380726,-2.9812873565115514,5.849840987759368,0.0,46.86071083223285,25.639593722555063,31.63176011023205,-16.866685962167477,101.57487989248304,1318.2915587672992,15.288,0.0,17.3554996103253,0.1380318205863366,7.476242190256691e-06,-0.0611564571257259,0.020076508601261,0.0077255068887874,0.3822361876049902,10.549971538542485,46.8098866698646,8.951807059646082
5.53,31.22171024967855,131.0114296797509,208.8021893605204,0.2665003597523894,-0.3655907141326546,-6.091744069567636,-2.921700259773579,5.808638327598326,0.0,46.80430736365463,25.63269482165221,31.60128322646664,-16.853806263246327,101.5994426975202,1315.089115514564,15.288,0.0,17.35886263509021,0.1378660598413473,7.478025101929744e-06,-0.0619568217963944,0.0187851158658279,0.0078170080471939,0.4524135808441709,10.522075562379973,46.74688089824749,8.909879765626345
5.54,31.22170914844005,131.01143204255578,209.04442152611847,0.328944023894025,-0.4067402600894327,-6.1008924933949,-2.857684453612616,5.760175678492305,0.0,46.74806569665144,25.62571222270614,31.57008031560196,-16.841312192931532,101.62329073364629,1311.8998504497447,15.288,0.0,17.36221168530516,0.1377007732077108,7.4797094402401085e-06,-0.0629867654145286,0.0173439022200946,0.0079372198548858,0.5231061004868265,10.495413951202725,46.68417562262916,8.863795659844362
5.55,31.22170804722356,131.0114344045498,209.28564493176333,0.390709907327537,-0.4469260688832384,-6.11223382433278,-2.7894426663539966,5.704669749732355,0.0,46.69198581723656,25.61864777904369,31.53800219977396,-16.829229869201953,101.64637337224976,1308.7237278960868,15.288,0.0,17.365546791381497,0.137535960657224,7.481351152879968e-06,-0.064242692902024,0.0157571446279752,0.0080855847879769,0.5936278688024056,10.470055744032395,46.62178354641807,8.81383285896126
5.56,31.22170694602536,131.01143676572073,209.5258617483537,0.4516730300911237,-0.4860700183490728,-6.125645261630091,-2.717184050416717,5.642349648976921,0.0,46.636067717246746,25.611503509448184,31.50490253364793,-16.81758428760575,101.66864203605355,1305.5607126178315,15.288,0.0,17.36886798343243,0.1373716221787458,7.483005916836744e-06,-0.0657205698176446,0.0140293798386466,0.008261492929124,0.6635267098094353,10.44606402463966,46.5597169331452,8.760292723218795
5.57,31.221705844841928,131.01143912605687,209.76507411398424,0.5117112966008535,-0.5240969531519339,-6.141003633440516,-2.6411236223077608,5.573456190862945,0.0,46.58031139494472,25.604281589932555,31.470638078874654,-16.80639926277596,101.6900502956053,1302.410769853062,15.288,0.0,17.372175290959163,0.1372077577799569,7.4847290266612335e-06,-0.0674159374550232,0.0121653908552734,0.0084642841832211,0.7324744119766424,10.423495919673863,46.49798758609367,8.703497775360788
5.58,31.22170474366997,131.01144148554684,210.0032841190393,0.5707057205894359,-0.5609348101490075,-6.158185848626199,-2.561481696207057,5.498241187508886,0.0,46.524716855963135,25.59698434534828,31.435068967775223,-16.79569737214633,101.71055396082367,1299.273865364238,15.288,0.0,17.37546874300783,0.1370443674901387,7.486575285593876e-06,-0.069323928611418,0.0101701930992152,0.0086932505605117,0.800214018023512,10.402402635040511,46.43660682956037,8.643789538289493
5.59,31.221703642506352,131.0114438441796,210.24049381613025,0.6285406401640579,-0.596514734921119,-6.177069313020568,-2.478483312860336,5.416966723057272,0.0,46.46928411395661,25.58961424085004,31.39805895589714,-16.78549990218967,101.73011116728148,1296.1499654730787,15.288,0.0,17.3787483679812,0.1368814513620816,7.4885988996737555e-06,-0.071439283976886,0.008049020306719,0.0089476385201522,0.8665326832849457,10.382829529847022,46.375585491225,8.581526280837073
5.6,31.22170254134816,131.01144620194464,210.4767052131424,0.6851039228910191,-0.6307711897351862,-6.197532309315854,-2.392357665197317,5.329904414274656,0.0,46.414013191388776,25.58217387324535,31.35947566311945,-16.7758267974981,101.74868245691708,1293.0390371004332,15.288,0.0,17.382014193654335,0.1367190094744171,7.4908533749419805e-06,-0.0737563690929957,0.0058073101951387,0.0092266513674154,0.9312468611313324,10.364816225659888,46.31493388601134,8.517080661150668
5.61,31.221701440192696,131.01144855883183,210.7119202632936,0.7402871605233493,-0.6636420526572583,-6.219454340082377,-2.3033375222922685,5.23733465937243,0.0,46.35890412023015,25.574665962247387,31.319190803015875,-16.766696613018095,101.76623085287676,1289.941047804459,15.288,0.0,17.385266247111865,0.1365570419336454,7.493391417838446e-06,-0.0762691918299684,0.0034506899354725,0.0095294516977033,0.9941938170931413,10.348396749131178,46.25466180126004,8.450837258179378
5.62,31.221700339037444,131.01145091483147,210.94614086911176,0.7939858531827922,-0.6950687078612962,-6.242716433769721,-2.2116586531808204,5.139545877177753,0.0,46.303956942690846,25.567093341658097,31.277080400219383,-16.758126469745893,101.7827219282075,1286.8559658167678,15.288,0.0,17.388504554763642,0.1363955488763101,7.496264838881358e-06,-0.0789714203310393,0.000984961467732,0.0098551638805719,1.055226571719232,10.33359970530856,46.19477848332861,8.383189983190347
5.63,31.22169923788013,131.01145326993455,211.17936887647383,0.8460928136014463,-0.7249836780897017,-6.267201018945854,-2.117563788161928,5.036836299373294,0.0,46.24915767875993,25.55945895263561,31.23302499588764,-16.750132013985702,101.79812386849956,1283.7829810149683,15.288,0.0,17.3917110308143,0.1362344891340624,7.49952446195801e-06,-0.0818563968112077,-0.0015839052174833,0.0102028729127065,1.114197548128248,10.320463617079,46.13528054772415,8.31454177423477
5.64,31.221698136718693,131.0114556241323,211.41160607360948,0.896510233628602,-0.7533324388511154,-6.292791968411551,-2.0212966002577044,4.92951011570438,0.0,46.194502690094126,25.55176584754211,31.18690985891768,-16.742727370074313,101.81240754826152,1280.7218605637784,15.288,0.0,17.394880974197413,0.1360738520011516,7.503220057401421e-06,-0.0849171215527758,-0.0042497253630351,0.0105716276388561,1.1709799514083248,10.309010651796632,46.07617291672686,8.245298095566351
5.65,31.22169703555128,131.01145797741663,211.64285418613417,0.9451550125585568,-0.7800832447859533,-6.31937654085473,-1.9230935476920807,4.817872419701383,0.0,46.1400098676003,25.544017152037764,31.13862517553908,-16.735925102712827,101.82554659026172,1277.673565038852,15.288,0.0,17.398037420429805,0.1359136901898495,7.5074002249931235e-06,-0.0881463447723929,-0.0070062434549248,0.0109604554440743,1.2254765061461983,10.299235115508225,46.01747846371495,8.175861013422335
5.66,31.221695934376257,131.01146032977988,211.8731148710874,0.9919399394016502,-0.8051922872295934,-6.3468442317647815,-1.8231965924990263,4.702235928079033,0.0,46.08567930098952,25.536216066789773,31.08806619015159,-16.729736204793074,101.83751737732972,1274.6380656637273,15.288,0.0,17.401180392222766,0.1357540039760712,7.512112312848664e-06,-0.0915365636538891,-0.0098471087428924,0.0113683533076369,1.2775815771369057,10.291146125622497,45.9592041553852,8.106633101386988
5.67,31.22169483319223,131.0114626812149,212.10238972686963,1.0367824661156275,-0.8286195803343177,-6.375087054813475,-1.7218478598531128,4.582917500185984,0.0,46.03151109320128,25.52836586213472,31.035133357442984,-16.724170075916437,101.84829908395152,1271.6153344824677,15.288,0.0,17.404309911420036,0.1355947936745743,7.517402342859152e-06,-0.0950800307570618,-0.0127658704831362,0.0117942927936189,1.3271975539968015,10.284748598928651,45.90135637105447,8.0380114345802
5.68,31.221693731997973,131.01146503171523,212.3306802793302,1.079604824460208,-0.8503289980106535,-6.4039996399420085,-1.619289092482587,4.460237364183579,0.0,45.977505360898114,25.520469869280795,30.979732484008423,-16.719234504456782,101.85787370315896,1268.6053443855462,15.288,0.0,17.407425998951318,0.1354360596403797,7.523314935346393e-06,-0.0987687737117127,-0.0157559928339634,0.01223722263916,1.3742344798131854,10.280043540817587,45.8439408974332,7.970384300538446
5.69,31.221692630792543,131.01146738127477,212.55798798176767,1.1203341312661277,-0.870288302194851,-6.433479301684926,-1.5157611149613432,4.334518348211924,0.0,45.92366223492722,25.512531471582868,30.921774857034208,-16.71493565472365,101.8662260659178,1265.608069129562,15.288,0.0,17.410528674785812,0.135277802270149,7.529893237364899e-06,-0.1025946150346102,-0.0188108696730237,0.0126960713388407,1.4186097991752566,10.277028340956775,45.78696292472781,7.904127845235238
5.7,31.22169152957519,131.01146972988803,212.7843142169177,1.1589024820620115,-0.8884691625162628,-6.463426079699558,-1.411503309104264,4.206085118445106,0.0,45.869981860709366,25.504554095905743,30.861177360025337,-16.711278059360332,101.8733438529346,1262.623483354352,15.288,0.0,17.41361795783926,0.1351200220033275,7.537178854676173e-06,-0.1065491920242014,-0.0219238393066904,0.0131697497196752,1.4602481849049005,10.27569707172574,45.73042704401937,7.839602687825326
5.71,31.22169042834536,131.0114720775501,213.00966029397256,1.195247033145983,-0.904847167678064,-6.493742753615392,-1.3067531015897924,4.075263425847855,0.0,45.81646439877482,25.49654120409453,30.7978625755814,-16.708264617080555,101.87921759883368,1259.651562608624,15.288,0.0,17.416693866113388,0.1349627193237138,7.54521178741497e-06,-0.1106239766885201,-0.0250881990421049,0.0136571535013733,1.4990814166416984,10.276040785556637,45.67433724608777,7.777150545585457
5.72,31.221689327102755,131.01147442425668,213.23402744361127,1.2293100718877867,-0.9194018282643804,-6.524334834445948,-1.20174546504994,3.942379363474521,0.0,45.76311002495969,25.48849628456623,30.731758875249785,-16.705896595814917,101.883840688691,1256.6922833556666,15.288,0.0,17.419756416448,0.1348058947600427,7.554030369465503e-06,-0.114810295663536,-0.0282972195943631,0.0141571658365896,1.5350482925161342,10.27804780821879,45.61869692123829,7.7170909182335485
5.73,31.22168822584725,131.01147677000387,213.457416821976,1.2610390756307663,-0.9321165717569084,-6.555110534927287,-1.0967124334615852,3.807758635882077,0.0,45.70991893097874,25.480422844040348,30.66280049650947,-16.704173641307207,101.88720934694352,1253.7456229999607,15.288,0.0,17.42280562479987,0.1346495488876743,7.563671211560099e-06,-0.1190993500802054,-0.0315441593018091,0.0146686598264247,1.5680945619486215,10.281704024018987,45.56350886072271,7.65971788749158
5.74,31.221687124578995,131.01147911478847,213.67982950570288,1.2903867588479263,-0.9429787291591134,-6.585980721200513,-0.9918826330688651,3.671725842408741,0.0,45.65689132450084,25.472324399421296,30.59092760696,-16.703093791164633,101.889322618729,1250.8115598867705,15.288,0.0,17.42584150593289,0.1344936823288115,7.574169148112332e-06,-0.1234822353400992,-0.0348222781238705,0.0151905010062151,1.598172869993897,10.286993150815436,45.50877525897441,7.605297093448791
5.75,31.22168602329825,131.0114814586078,213.9012664978873,1.317311109019472,-0.951979514134816,-6.616858848335276,-0.8874808294962875,3.534603775705159,0.0,45.60402742955082,25.46420446984704,30.51608635581304,-16.702653494333855,101.89018234374572,1247.8900733201708,15.288,0.0,17.428864073572974,0.1343382957536738,7.585557187793016e-06,-0.1279499607607994,-0.0381248513967845,0.0157215497973601,1.6252427077960598,10.293897001221245,45.454497717338064,7.5540629526596765
5.76,31.22168492200557,131.01148380145972,214.12172871019047,1.3417754111042983,-0.9591139944060192,-6.647660882195094,-0.7837274920329897,3.396712737039611,0.0,45.55132748672976,25.456066568917738,30.438228912803936,-16.70284763594042,101.88979312275502,1244.9811435677536,15.288,0.0,17.431873340377102,0.1341833898811765,7.597866467856205e-06,-0.1324934690538891,-0.0414451833239867,0.016260663920728,1.6492703643129336,10.302395728095329,45.40067724882521,7.506216184230394
5.77,31.22168382070169,131.0114861433426,214.3412169817288,1.3637482607802476,-0.964381055696966,-6.678305210163574,-0.6808383758217937,3.258369869711091,0.0,45.498791753348726,25.44791419711564,30.3573134946608,-16.703669567395146,101.88816227688348,1242.084751866044,15.288,0.0,17.434869317840338,0.1340289654792862,7.611126212222387e-06,-0.1371036555997352,-0.0447766201788765,0.0168067007677267,1.6702288762918758,10.312468052110336,45.34731428394498,7.461921708375844
5.78,31.22168271938753,131.01148848425547,214.5597320681373,1.3831906884993928,-0.9677582787288436,-6.708711631463239,-0.579033790667731,3.119893873693287,0.0,45.446391945262526,25.43975084264077,30.27330438397889,-16.705111138966437,101.88529980521456,1239.1993230064,15.288,0.0,17.437815710796002,0.1338749392390531,7.625363705922134e-06,-0.1417713656225293,-0.0481125237597962,0.0173585061402899,1.6880730478662398,10.324121505799225,45.29438405831241,7.421309161325521
5.79,31.22168161806423,131.01149082419786,214.77727464355897,1.400094413307878,-0.9692761838747784,-6.738802884797782,-0.4785125262192783,2.981590101914702,0.0,45.39415563231379,25.431579967487405,30.186171955725246,-16.707162726140385,101.88121835788272,1236.326331525059,15.288,0.0,17.44074727063669,0.1337213923843562,7.640604263026002e-06,-0.1464874259395265,-0.0514463071318085,0.0179149496230233,1.7028134586915131,10.337303686956467,45.24190934744476,7.384464645033071
5.8,31.22168051673309,131.01149316316975,214.99384530064515,1.4144445806957735,-0.9689460765724373,-6.76850404934883,-0.3794733972534785,2.8437621466478005,0.0,45.34208448531121,25.42340498878435,30.095892648813926,-16.709813285346534,101.87593315404943,1233.4658359340478,15.288,0.0,17.443665738206732,0.1335683298465558,7.656871169242755e-06,-0.1512427038741821,-0.0547715198748341,0.0184749019856513,1.7144442936765751,10.351988710403354,45.18989004615884,7.351437292936771
5.81,31.22167941539565,131.01149550117182,215.20944455155035,1.4262309723209443,-0.9667816666424888,-6.797742189912329,-0.2821094078665888,2.706708193209308,0.0,45.29017883046215,25.41522928239752,30.00244893314987,-16.713050410066092,101.8694619017368,1230.617821367341,15.288,0.0,17.446571120480375,0.1334157525959734,7.674185666585758e-06,-0.15602809419369,-0.0580818038072622,0.0190372422002627,1.7229650361017377,10.36815139526676,45.13832432751975,7.322236942472382
5.82,31.221678314053573,131.01149783820514,215.42407282296128,1.435448584064999,-0.9628001974005196,-6.8264462651568,-0.1866070438754414,2.570720245375496,0.0,45.23843901124671,25.40705617641979,29.90582927646589,-16.716860384806736,101.8618247244552,1227.78227393161,15.288,0.0,17.44946342337658,0.1332636616536679,7.692566930394122e-06,-0.1608345366356974,-0.0613709040119174,0.0196008600200093,1.7283815839445655,10.385765947889803,45.08720982736688,7.296834476667304
5.83,31.221677212708727,131.01150017427136,215.63773046703088,1.442097575885387,-0.9570223698273352,-6.854547021558629,-0.0931459748480395,2.4360835912002967,0.0,45.18686538835714,25.39888894496056,29.806028099936142,-16.72122824310839,101.85304408224292,1224.959180698278,15.288,0.0,17.452342651697805,0.1331120580912555,7.712032050029141e-06,-0.1656530332924068,-0.0646326799049295,0.0201646580225596,1.730706161741598,10.40480605698211,45.036543656141546,7.275162837126328
5.84,31.221676111363188,131.0115025093726,215.8504177474646,1.446183211972349,-0.94947226103933,-6.8819768920063655,-0.001898777446434,2.3030762940113707,0.0,45.13545833966246,25.39073080219328,29.70304572280084,-16.726137829296796,101.84314468744824,1222.1485296972955,15.288,0.0,17.455208809145297,0.1329609430307997,7.732596013346753e-06,-0.1704746655826236,-0.0678611158937641,0.020727553588927,1.7299572249489348,10.425244965873844,44.98632241162696,7.2571185716854965
5.85,31.22167501001912,131.0115048435115,216.0621348564144,1.4477157914789784,-0.9401772372893928,-6.908669900847974,0.0869693196643425,2.171968709282478,0.0,45.084218260163176,25.3825848966674,29.59688829627046,-16.73157186366888,101.83215341562745,1219.3503099084337,15.288,0.0,17.458061898364992,0.1328103176446979,7.754271694955014e-06,-0.1752906107875526,-0.0710503316111297,0.0212884808152459,1.72615935698388,10.447055522550825,44.936542192529984,7.242563878596296
5.86,31.221673908678905,131.0115071766911,216.27288189957227,1.4467105700832608,-0.9291678616864728,-6.934561577005337,0.1733006691534323,2.043023028000407,0.0,45.03314556185022,25.37445430588944,29.487567726991983,-16.737512010777603,101.8200992119494,1216.5645112504344,15.288,0.0,17.46090192091693,0.1326601831552483,7.777069848256521e-06,-0.1800921581278585,-0.0741945917132133,0.0218463923553875,1.719343159255669,10.47021020848461,44.88719861279009,7.231329094996834
5.87,31.22167280734505,131.01150950891508,216.4826589100853,1.443187672762823,-0.9164777970392354,-6.959588876599508,0.2569454165261783,1.9164928470456768,0.0,44.98224067362779,25.366342031179183,29.375101590372417,-16.74393895046857,101.80701299351028,1213.7911245711575,15.288,0.0,17.463728877367,0.1325105408344373,7.80099910127068e-06,-0.1848707243605109,-0.077288315231188,0.0224002611923921,1.7095451348249706,10.4946811472673,44.83828681671231,7.223215565877752
5.88,31.221671706020224,131.0115118401874,216.69146583960807,1.4371719979802255,-0.9021437038398268,-6.983690116354054,0.3377616896503388,1.7926227670953545,0.0,44.931504041009376,25.358250992805896,29.25951303406727,-16.750832451308593,101.79292754797416,1211.030141626685,15.288,0.0,17.46654276713402,0.1323613920030451,7.826065956230192e-06,-0.1896178688754503,-0.0803260844663854,0.0229490823368354,1.6968075661075792,10.520440094756625,44.7898014946321,7.217998821374616
5.89,31.221670604707214,131.01151417051256,216.89930257023104,1.4286931138399324,-0.8862051341164385,-7.006804918868091,0.4156157664467617,1.6716480183646676,0.0,44.88093612610834,25.35018402540698,29.140830671953967,-16.7581714460383,101.77787742896292,1208.2815550761673,15.288,0.0,17.469343588749712,0.1322127380306226,7.85227479294952e-06,-0.1943253082732944,-0.0833026534204218,0.0234918744507168,1.6811783878716056,10.547458411781989,44.741736899520085,7.215431985244939
5.9,31.22166950340897,131.01151649989544,217.10616890255483,1.417785146247878,-0.8687044207915129,-7.02887417064297,0.490382220580041,1.5537941146272705,0.0,44.83053740719768,25.342143873694337,29.01908846892133,-16.765934108673587,101.76189884862464,1205.545358454634,15.288,0.0,17.47213133961403,0.1320645803341853,7.879627875951813e-06,-0.1989849304065784,-0.0862129557526234,0.0240276813950649,1.6627110559062117,10.575707021938094,44.69408686385929,7.215249335930343
5.91,31.22166840212856,131.0115188283413,217.31206456662025,1.40448665976484,-0.849686563502722,-7.049839993577654,0.561944045465064,1.4392765356566113,0.0,44.78030837861467,25.334133188448902,28.8943256168176,-16.774097932879005,101.74502956781085,1202.821546162292,15.288,0.0,17.47490601622455,0.1319169203779521,7.908125365345729e-06,-0.2035888078682226,-0.0890521122580842,0.0245555737002693,1.6414644131911094,10.605156355542878,44.64684481742147,7.21716994336231
5.92,31.22166730086913,131.01152115585597,217.5169892248912,1.3888405312444427,-0.8291991106097368,-7.069645730440811,0.6301927565609676,1.3283004383746626,0.0,44.73024955038121,25.32615452280683,28.766586401909592,-16.78263981123432,101.72730878429516,1200.110113440522,15.288,0.0,17.477667614084698,0.1317697596722228,7.937765331421896e-06,-0.2081292109122682,-0.0918154378609482,0.0250746499577608,1.617502554479311,10.63577628242362,44.60000380535797,7.2209013093206185
5.93,31.221666199634004,131.0115234824454,217.72094246728653,1.3708912554941883,-0.8072867154342489,-7.088235819811508,0.695026723191625,1.2210613213314303,0.0,44.68035534159217,25.31821032911244,28.635920064223416,-16.79153611501578,101.70877701946804,1197.4107290598358,15.288,0.0,17.48040847783536,0.1316230817840179,7.96854377332775e-06,-0.2125986191724849,-0.0944984469425786,0.0255840345610282,1.590889783986836,10.667542507722391,44.55355123654579,7.226142811601572
5.94,31.221665098426545,131.01152580811606,217.92392381316407,1.3506834724940968,-0.7839880957221004,-7.105555145570321,0.7563487092408455,1.1177460967778523,0.0,44.63061063160532,25.31030296459596,28.502380658094143,-16.800762769180555,101.68947601427278,1194.7225525254755,15.288,0.0,17.48310901614674,0.1314768421770697,8.000454660603337e-06,-0.216989705940968,-0.0970968071303298,0.0260828732601767,1.5616879696346502,10.70044012695699,44.50746591230349,7.232588308038366
5.95,31.221663997250257,131.0115281328748,218.1259327222565,1.3282814287335571,-0.7593768460978821,-7.121550841086006,0.8140815210203761,1.0185246639810703,0.0,44.58103783058898,25.30243467387247,28.36602691244748,-16.810295323321206,101.66944863267338,1192.0467541800651,15.288,0.0,17.485796623732615,0.1313311068764391,8.033489941040845e-06,-0.2212953915646106,-0.0996064245321045,0.0265703669203827,1.5299939335571264,10.73441364038489,44.46175868667825,7.239931463500011
5.96,31.22166289610872,131.01153045672862,218.32696858572504,1.303743882176222,-0.7335095156839558,-7.136171289833338,0.8681514472905028,0.9235585142577208,0.0,44.531637508603744,25.2946075877374,28.226922046516783,-16.820109042829255,101.64873872143684,1189.3833324119923,15.288,0.0,17.4884712925752,0.1311858775688383,8.067639560344364e-06,-0.2255088556102294,-0.1020234522810901,0.0270457388866911,1.4958915253132357,10.769429808506777,44.41642125060535,7.24786782043741
5.97,31.2216617950056,131.01153277968504,218.52703073410896,1.2771331772485617,-0.7064445676228083,-7.149366239498406,0.9184934980562172,0.8329978018520945,0.0,44.48241024966119,25.286823725160843,28.085133595968006,-16.830178989648783,101.62739098961288,1186.7322863392214,15.288,0.0,17.49113301393195,0.1310411559819712,8.10289150219371e-06,-0.2296235310430995,-0.104344265362981,0.0275082463281371,1.4594692262352806,10.80545439596583,44.37144500807573,7.256097661301255
5.98,31.221660693944624,131.0115351017517,218.72611844130327,1.248515083742883,-0.6782422452437048,-7.161086871842481,0.965051382340174,0.7469812277880244,0.0,44.43335665111452,25.2790849913309,27.940733237284743,-16.840480099331614,101.60545089361348,1184.0936157733456,15.288,0.0,17.49378177815436,0.130896943882744,8.139231824539782e-06,-0.2336331134854475,-0.1065654646299466,0.0279571811414566,1.420820060609513,10.842452079683875,44.32682109650403,7.264328620822376
5.99,31.2216595929296,131.01153742293658,218.9242309185932,1.2179586314212147,-0.648964436819968,-7.171285885103653,1.0077774666960029,0.6656359518990786,0.0,44.38447732329217,25.271393175985576,27.793796606388884,-16.85098725654741,101.58296452313056,1181.467321197274,15.288,0.0,17.496417574838944,0.1307532430761864,8.176644699330243e-06,-0.2375315698343851,-0.1086838803173156,0.0283918707724979,1.3800415316181218,10.880386359651911,44.28254040756691,7.272278039839215
6.0,31.221658491964345,131.0115397432479,219.12136732956208,1.1855359405892212,-0.6186745389304968,-7.179917588086001,1.0466327148710948,0.5890775327648637,0.0,44.33577288907476,25.26374995203119,27.64440311191403,-16.861675368758174,101.55997848823364,1178.853403739133,15.288,0.0,17.49904039293295,0.1306100554042181,8.21511245562076e-06,-0.2413131462333876,-0.110696575064628,0.0288116789551226,1.3372355907144666,10.91921947448658,44.2385936082104,7.279675058074603
6.01,31.2216573910528,131.0115420626942,219.31752678214133,1.1513220490001754,-0.5874373186248227,-7.186938004969964,1.0815866091431228,0.5174098951769858,0.0,44.287243983330015,25.256156874443484,27.492635743554963,-16.872519437785417,101.53653980796784,1176.251865139786,15.288,0.0,17.501650220689054,0.1304673827439843,8.254615625994257e-06,-0.2449723753928224,-0.1126008464440494,0.0292160063677451,1.2925086522153506,10.958912323514138,44.19497116170975,7.2862624492936305
6.02,31.22165629019888,131.01154438128398,219.5127083365601,1.1153947355281273,-0.5553187747589788,-7.192304989761041,1.1126170539356908,0.4507253246727663,0.0,44.23889125231694,25.24861537944881,27.338580875920368,-16.883494629019683,101.51269580075504,1173.6627077195662,15.288,0.0,17.504247045604966,0.1303252270060928,8.295132996177345e-06,-0.2485040832560166,-0.1143942289996588,0.0296042912078472,1.245971669149866,10.999424396789802,44.15166334883602,7.29179820707838
6.03,31.22165518940656,131.01154669902624,219.70691100335705,1.077834341087219,-0.522385998959852,-7.195978349195702,1.1397102623865385,0.3891044885981829,0.0,44.190715353279046,25.24112678398121,27.18232806832031,-16.894576338042828,101.48849397687746,1171.0859343524903,15.288,0.0,17.5068308546197,0.1301835901334446,8.336641657792237e-06,-0.2519033950085863,-0.1160744958020937,0.0299760096849523,1.197740292312642,11.040713714189302,44.10866028927714,7.296056893098473
6.04,31.22165408867985,131.01154901592992,219.90013374934395,1.0387235870308376,-0.4887070361496744,-7.197919972828796,1.1628606264183547,0.3326164831776483,0.0,44.14271695383815,25.233692285409525,27.023969860921977,-16.905740254456752,101.46398193330114,1168.5215484336773,15.288,0.0,17.509401634083414,0.1300424740994304,8.379117064117281e-06,-0.2551657404299904,-0.1176396595239968,0.0303306764325293,1.147935142392027,11.082736775193036,44.06595196293585,7.2988307622935915
6.05,31.22165298802277,131.0115513320042,220.092375504562,0.9981473914932474,-0.4543507450609612,-7.198093968956484,1.1820705710447643,0.2813189059327295,0.0,44.09489673138589,25.226312961531765,26.863601567711044,-16.9169624227346,101.4392072510755,1165.9695538446165,15.288,0.0,17.511959369742282,0.1299018809061495,8.422533088756239e-06,-0.2582868585873221,-0.1190879730422715,0.0306678448394882,1.0966822377397625,11.125448520192345,44.02352823123395,7.299930681019718
6.06,31.221651887439336,131.01155364725844,220.2836351583055,0.9561926841095352,-0.4193866591209775,-7.196466804972793,1.1973503936619478,0.2352579527388286,0.0,44.04725537260635,25.218989770828767,26.70132106669507,-16.928219299933776,101.4142173955212,1163.4299549254808,15.288,0.0,17.514504046904598,0.1297618125830179,8.466862087090126e-06,-0.2612628018725711,-0.1204179295740107,0.0309871073022348,1.0441136383837473,11.168802304028262,43.9813788584965,7.299186855027388
6.07,31.22165078693358,131.01155596170207,220.47391155812804,0.9129482193492716,-0.3838848476539243,-7.193007450704612,1.2087180889774591,0.1944685388130927,0.0,43.99979357278047,25.211723552974057,26.537228587787617,-16.939487810133624,101.38905961939616,1160.9027564381731,15.288,0.0,17.517035650350174,0.1296222711847055,8.512074960378354e-06,-0.2640899393858125,-0.1216282623538276,0.0312880953980579,0.990368393812838,11.212749882827596,43.93949353307428,7.296449384262285
6.08,31.221649686509515,131.01155827534456,220.66320352574405,0.8685043889674979,-0.347915777940258,-7.187687523247966,1.2161991604337212,0.1589744427831007,0.0,43.952512035199526,25.20451502959092,26.3714264988104,-16.950745395483484,101.36378086920767,1158.3879635328617,15.288,0.0,17.51955416439075,0.129483258789429,8.558141222386436e-06,-0.2667649596678932,-0.1227179438609192,0.0315704799810324,0.9355939242262022,11.25724141428296,43.89786188844695,7.291588661132248
6.09,31.221648586171145,131.01156058819552,220.8515098540456,0.8229530339184119,-0.3115501783385897,-7.180481431811985,1.2198264189106438,0.128788472978388,0.0,43.90541147064263,25.19736480525181,26.20401909004949,-16.961970063770167,101.33842769481544,1155.885581720034,15.288,0.0,17.522059573020965,0.1293447774974072,8.605029068371713e-06,-0.2692848727874215,-0.1236861846050359,0.0318339712017407,0.8799480295635351,11.302225471757012,43.85647352422879,7.284495628088547
6.1,31.221647485922457,131.0115629002646,221.03882930213544,0.7763872559744323,-0.274858902449635,-7.171366521060214,1.2196397694377237,0.1039126550722744,0.0,43.85849259661289,25.19027336871201,26.035112357799346,-16.973140432436228,101.31304616244924,1153.3956168294396,15.288,0.0,17.524551859782488,0.129206829428615,8.652705446287968e-06,-0.2716470117878947,-0.1245324314809281,0.0320783184518466,0.8236018234048338,11.347649072701644,43.81531802677435,7.275081909261336
6.11,31.22164638576743,131.01156521156148,221.22516060824293,0.7288923013250099,-0.2378924371368565,-7.160322265820899,1.2156790428848407,0.0843417104445052,0.0,43.81173244059309,25.183241098453056,25.864813790185973,-16.98423576747204,101.2876817747466,1150.9168299999549,15.288,0.0,17.527001822975308,0.1290693469121997,8.701136141396469e-06,-0.2738490204760186,-0.1252563380378138,0.0323032912270455,0.7667292518090464,11.393483587062953,43.77436449131594,7.263277773143517
6.12,31.22164528570996,131.01156752209587,221.41050248972647,0.6805716232826473,-0.200740375478024,-7.14733236576208,1.208002102340226,0.0700545816767699,0.0,43.76515355071621,25.17626826155004,25.693232166690134,-16.995236011334356,101.26237941140803,1148.4503767529732,15.288,0.0,17.52943636665601,0.1289323963807689,8.750285855689833e-06,-0.275888859477594,-0.1258577737430603,0.0325087303868375,0.7095579874575658,11.439649227202144,43.73362139078221,7.249036947784338
6.13,31.221644185753927,131.01156983187747,221.59485364506008,0.6315217469964273,-0.1634748880878204,-7.132383856156557,1.1966693195493607,0.0610219810668547,0.0,43.718758634544734,25.169355008529543,25.52047732915648,-17.006121822702248,101.23718323836091,1145.9963674461435,15.288,0.0,17.53185790539642,0.1287959858168907,8.800118257282497e-06,-0.2777648341607059,-0.1263368815228928,0.0326945035966749,0.6523363195039172,11.486086455878826,43.69308009401144,7.232332999391464
6.14,31.22164308590319,131.011572140916,221.778212756814,0.5818389597155013,-0.1261660449364166,-7.115467193067582,1.1817467109513369,0.0572050171672749,0.0,43.67254843115818,25.162501381238744,25.34665995712165,-17.016874610563757,101.2121366249859,1143.55480886723,15.288,0.0,17.53426642190461,0.128660117403951,8.850596070347186e-06,-0.2794755727385696,-0.12669403068961,0.0328605154175831,0.5953603100315329,11.532736584012232,43.652730331178816,7.213159576666419
6.15,31.22164198616152,131.0115744492211,221.960578496623,0.5316198761316924,-0.0888833884730554,-7.096576413201015,1.1633061739418988,0.0585552379692544,0.0,43.62652368331169,25.15570731512332,25.17189135258429,-17.02747656022321,101.18728207527596,1141.1257079613076,15.288,0.0,17.53666189881413,0.1285247933361388,8.901681154988416e-06,-0.2810200243768576,-0.1269298127423892,0.0330067083111249,0.5389988151472489,11.579539713711622,43.612561918899,7.19153020981112
6.16,31.22164088653261,131.01157675680233,222.14194952319977,0.4809612558812386,-0.0516958098942556,-7.075709238351902,1.1414252197984556,0.0650149249448774,0.0,43.58068513656077,25.14897264169984,24.996283226292352,-17.037910655760587,101.16266116277484,1138.7090717849046,15.288,0.0,17.53904431844548,0.128390015815878,8.953334588126704e-06,-0.282397456985866,-0.1270450373685838,0.0331330621681342,0.4837314581945387,11.626434846174492,43.57256477883328,7.16747791754924
6.17,31.22163978702012,131.01157906366927,222.3223244952532,0.4299598233548538,-0.0146714286464476,-7.052867168895601,1.1161867008963693,0.0765174007800693,0.0,43.53503353892097,25.14229709120383,24.819947485915755,-17.04816069902143,101.13831446926196,1136.3049074903747,15.288,0.0,17.54141366322351,0.1282557870528078,9.005516745301689e-06,-0.2836074544457761,-0.1270407280988083,0.0332395937755296,0.4302100608736511,11.673360000166534,43.53272895632349,7.14105475164317
6.18,31.22163868762762,131.01158136983133,222.5017020565812,0.3787120897053021,0.0221225255961519,-7.028055565217411,1.0876785328187264,0.0929873497313097,0.0,43.489569639957935,25.13568029540376,24.642996026487,-17.058211325216682,101.11428152716644,1133.9132222780838,15.288,0.0,17.543769915394186,0.12812210926112,9.05818738327091e-06,-0.2846499132796807,-0.1269181176301411,0.0333263562224566,0.3793576754201493,11.720252341452204,43.49304463806618,7.112331282058518
6.19,31.221637588358604,131.0115836752979,222.68008086290288,0.3273141777043072,0.0586198274445289,-7.001283716135696,1.055993412483522,0.1143411492847807,0.0,43.44429419030521,25.12912179057052,24.46554052348196,-17.068048015226264,101.0906007656808,1131.53402337157,15.288,0.0,17.546113057263106,0.1279889846581513,9.111305723157473e-06,-0.2855250387898944,-0.1266786428320342,0.0333934382488902,0.3325219056160188,11.767048321168437,43.45350216966152,7.081396024757774
6.2,31.221636489216475,131.0115859800782,222.85745956297632,0.2758616494659225,0.0947553672395413,-6.972564893426775,1.021228532970029,0.1404872119837433,0.0,43.39920794089329,25.12262102059297,24.287692228902014,-17.07765710471086,101.0673094605336,1129.1673179807171,15.288,0.0,17.54844307107624,0.1278564154620872,9.16483053396464e-06,-0.2862333406740012,-0.1263239394499673,0.0334409635386046,0.2916816070451012,11.813683822960629,43.414092072388925,7.048354812743937
6.21,31.221635390204543,131.01158828418127,223.03383681251069,0.2244493374989562,0.1304652587996283,-6.941916391698233,0.9834852960189124,0.1713263361515246,0.0,43.35431164243901,25.116177340228685,24.109561770707447,-17.087025790148854,101.04444368736937,1126.8131132743763,15.288,0.0,17.550759939213716,0.1277244038904899,9.218720216268016e-06,-0.2867756281377804,-0.1258558365218709,0.0334690899591511,0.259612406847025,11.860094317270564,43.37480505965912,7.01333010988882
6.22,31.22163429132601,131.01159058761615,223.2092112771484,0.1731711791811743,0.1656869437122918,-6.909359552955322,0.9428690229314892,0.2067520643414585,0.0,43.30960604473433,25.10979001848118,23.9312589559388,-17.096142131922903,101.0220382786772,1124.471416345855,15.288,0.0,17.553063644130187,0.1275929521581949,9.272932885869828e-06,-0.2871530045232377,-0.1252763505233354,0.0334780087512432,0.2396671379736482,11.906215022245611,43.33563205271906,6.976460265960683
6.23,31.221633192584008,131.01159289039157,223.3835816284884,0.1221200550010429,0.2003592917873962,-6.874919775328177,0.8994886647288935,0.2466510482876692,0.0,43.26509189601438,25.10345824209136,23.752892577850623,-17.104995054590358,101.00012678420084,1122.142234181638,15.288,0.0,17.55535416838468,0.1274620624754549,9.327426457224091e-06,-0.2873668614702847,-0.124587679256926,0.0334679436701871,0.2346424787819376,11.95198106990536,43.29656419582893,6.937898710329779
6.24,31.22163209398155,131.0115951925162,223.5569465570067,0.0713876307981056,0.2344226975488022,-6.838626505550245,0.8534565123585287,0.290903419166098,0.0,43.22076994239461,25.097181119133857,23.574570227368536,-17.11357434447737,100.97874143475563,1119.825573634777,15.288,0.0,17.557631494744896,0.1273317370462767,9.38215872643565e-06,-0.2874188726316244,-0.1237921955019521,0.0334391500820445,0.24505135486367,11.997327676516443,43.257592870881474,6.897813080983281
6.25,31.221630995521487,131.0115974939985,223.72930476509728,0.0210642041628958,0.2678191727972016,-6.800513214882848,0.8048879076472686,0.3393831620214163,0.0,43.17664092719542,25.090957682708083,23.39639810916552,-17.12187064474301,100.95791310937535,1117.521441390896,15.288,0.0,17.559895606142515,0.1272019780664486,9.437087453647156e-06,-0.2873109869607246,-0.1228924404405555,0.0333919140169603,0.2686462484073472,12.042190316318312,43.21870971128677,6.856384284762393
6.26,31.22162989720661,131.0115997948466,223.90065496806773,-0.0287614447213902,0.3004924349642595,-6.7606173583229685,0.7539009557760434,0.3919584931966348,0.0,43.132705590349225,25.0847868947122,23.21848086264031,-17.129875448063853,100.93767130570372,1115.2298439407891,15.288,0.0,17.562146485717918,0.1270727877217833,9.492170444617464e-06,-0.2870454215934836,-0.1218911168765631,0.0333265511826244,0.3018657260919392,12.086504897341255,43.17990661527325,6.813805484247906
6.27,31.221628799039607,131.01160209506864,224.07099590904528,-0.0780021976015008,0.3323879911752949,-6.718980317035456,0.7006162399554067,0.4484922396594309,0.0,43.088964667868325,25.07866764969093,23.040921388064525,-17.13758108709223,100.91804411354627,1112.9507875546155,15.288,0.0,17.564384116924522,0.1269441681865629,9.547365631312287e-06,-0.286624654344536,-0.1207910822633319,0.0332434059404557,0.3414177078780255,12.130207938316405,43.14117575857019,6.7702810063862096
6.28,31.221627701022967,131.0116043946724,224.24032635499992,-0.1265727378886705,0.3634532180230717,-6.675647324073537,0.6451565389323921,0.5088422191608334,0.0,43.045418891262585,25.07259877874499,22.86382067815072,-17.14498072284475,100.89905819149186,1110.6842782542988,15.288,0.0,17.566608483558603,0.1268161216218276,9.602631151323115e-06,-0.2860514158396478,-0.1195953415571232,0.0331428502472417,0.3848619035184332,12.173236745807293,43.1025096063611,6.726025167893584
6.29,31.22162660315911,131.01160669366544,224.408645094759,-0.1743896854474793,0.3936374370319268,-6.630667373561291,0.587646547920938,0.5728616202000453,0.0,43.002068986836704,25.06657905349477,22.687277655277786,-17.15206833117761,100.88073874651482,1108.4303217808624,15.288,0.0,17.568819569625145,0.1266886501732963,9.65792542596347e-06,-0.285328681305815,-0.1183070399121353,0.0330252825649298,0.4305365440199061,12.215529590686405,43.06390092443446,6.681261012712481
6.3,31.22162550545032,131.01160899205516,224.5759509390033,-0.2213759940839733,0.4229029756841301,-6.58409256800302,0.5282093174949176,0.6404006456224025,0.0,42.95890267690498,25.06060719098025,22.51138901496116,-17.158838687312752,100.8631095169702,1106.1882541612797,15.288,0.0,17.5710016338558,0.1265617176755071,9.713207240527897e-06,-0.2844596590399961,-0.1169294474224183,0.0328911164424765,0.4773398868986199,12.257040409510402,43.02533151780802,6.636218276551385
6.31,31.221624407898734,131.01161128984867,224.74224273816,-0.2674514505069263,0.4512006674365731,-6.535978690270789,0.4669720580854623,0.7113045000463911,0.0,42.91592361844618,25.054681860159583,22.33624908489914,-17.16528734377852,100.8461927714913,1103.95823393446,15.288,0.0,17.57315825381428,0.1264353349081247,9.768435838701604e-06,-0.2834477707773588,-0.1154659228516198,0.0327408003799806,0.524510097161023,12.297706589464386,42.98679732101208,6.59113301599146
6.32,31.221623310506363,131.01161358705284,224.9075193724591,-0.3125358591165246,0.4784774283941528,-6.486385605967908,0.4040658463974661,0.7854138478807808,0.0,42.873142681265385,25.04880167858561,22.161949681072564,-17.171410611822193,100.8300092980811,1101.7407897085686,15.288,0.0,17.575301717671678,0.1263095339007789,9.823570963415372e-06,-0.282296671452132,-0.1139199808016225,0.0325748131729717,0.5715041924787653,12.337458929005138,42.94830086637587,6.546246432114779
6.33,31.221622213275047,131.01161588367418,225.0717797519372,-0.3565548162825264,0.50469098974208,-6.435376145302851,0.3396203982968895,0.8625670849129882,0.0,42.83056056660712,25.042965219960283,21.988579958607207,-17.177205547638764,100.81457837963728,1099.5359258774683,15.288,0.0,17.577432011270506,0.1261843167254702,9.878572934225928e-06,-0.2810102275658381,-0.1122952528254031,0.0323936480158906,0.6179328799113364,12.376241233755657,42.90983621671669,6.501802067307771
6.34,31.22162111620653,131.0116181797191,225.2350228233917,-0.3994364488320699,0.5298013366195992,-6.383016212738525,0.2737660227265849,0.9425998418249304,0.0,42.788177967959165,25.037171018752485,21.816226279664896,-17.18266993192483,100.7999177862516,1097.343646437453,15.288,0.0,17.57954912089478,0.1260596854313883,9.933402719072382e-06,-0.2795925048257276,-0.110595472421404,0.0321978187770089,0.6635016093306337,12.413999113465554,42.87139778137411,6.4580444616842625
6.35,31.2216200193024,131.01162047519367,225.39724757038056,-0.441111515716768,0.5537707557720916,-6.329374606620895,0.2066333739359757,1.0253453439809832,0.0,42.74599557062656,25.031417574262164,21.64497208866591,-17.187802248123663,100.78604377076049,1095.1639549704591,15.288,0.0,17.581653033358315,0.125935642043638,9.988022001091812e-06,-0.2780477583438429,-0.1088244671139131,0.03198785877475,0.7079797739575316,12.450680135886792,42.83298032324278,6.415217325748603
6.36,31.22161892256408,131.0116227701036,225.55845302216773,-0.4815135037977201,0.5765638785914412,-6.274522826373701,0.1383532103044144,1.110634765183292,0.0,42.70401405120221,25.02570335466813,21.47489779438019,-17.19260165981339,100.77297106665476,1092.9968546192215,15.288,0.0,17.58374373594587,0.1258121885617004,1.0042393243096452e-05,-0.276380422649424,-0.1069861504867188,0.0317643195409979,0.7511812925309251,12.486233974578584,42.79457896497461,6.373561633115342
6.37,31.22161782599284,131.01162506445442,225.71863824577048,-0.5205787175641223,0.5981477192817942,-6.218534868193147,0.0690561601029394,1.19829757476672,0.0,42.66223407723896,25.020026801048743,21.3060806589954,-17.19706798737548,100.76071288826788,1090.8423480745344,15.288,0.0,17.585821216575017,0.1256893269584637,1.0096479749601708e-05,-0.2745951015365261,-0.1050845141848696,0.0315277695743156,0.7929521107652916,12.52061254973505,42.75618919461442,6.333313645941903
6.38,31.221616729589844,131.01162735825136,225.87780234794727,-0.558246362859234,0.6184917085500231,-6.161487010213661,-0.0011275056663872,1.2881618775248571,0.0,42.62065630666091,25.014386331368858,21.138594694255588,-17.20120168407447,100.74928093316208,1088.7004375492927,15.288,0.0,17.58788546361954,0.1255670591784869,1.015024572631634e-05,-0.2726965577686661,-0.1031236198995644,0.0312787930852041,0.8331619832584667,12.553770162055466,42.71780687026999,6.294702889812122
6.39,31.22161563335607,131.01162965149928,226.0359444851374,-0.5944586243909535,0.6375677224039747,-6.103457588202889,-0.0720680930410468,1.3800547459420855,0.0,42.57928138742589,25.008780344421968,20.972510564747743,-17.2050038116747,100.73868538663775,1086.5711247658207,15.288,0.0,17.589936466012468,0.125445387136998,1.0203656337017062e-05,-0.2706897026618836,-0.1011075913504727,0.0310179887362487,0.8716989565026616,12.585663618628883,42.67942822426375,6.257950099099807
6.4,31.22161453729238,131.01163194420286,226.1930638535196,-0.6291607370436196,0.6553501062565886,-6.044526762866082,-0.1436366973615403,1.473802544321677,0.0,42.53810995723445,25.00320722372204,20.807895498399457,-17.208476015713785,100.72893492829122,1084.4544109434128,15.288,0.0,17.591974213378517,0.1253243127190597,1.0256677757709555e-05,-0.2685795855673899,-0.0990406062797632,0.0307459683793273,0.9084655920991151,12.616252350665956,42.64104986659299,6.223265158056686
6.41,31.22161344139944,131.01163423636635,226.34915970491525,-0.662301051038574,0.6718156946054097,-5.984776279880548,-0.2157054079657111,1.5692312444636447,0.0,42.497142643001006,24.997665341334173,20.64481320423461,-17.21162050054585,100.72003674055128,1082.3502967766542,15.288,0.0,17.593998695857476,0.1252038377779963,1.030927722801433e-05,-0.2663713832746114,-0.0969268884717661,0.0304633557921637,0.9433763337670436,12.645498523046175,42.60266878745712,6.190845066858597
6.42,31.221612345677784,131.0116365279939,226.5042313318786,-0.6938310907421598,0.68694382584387,-5.924289223833305,-0.2881475051028262,1.666166732538138,0.0,42.45638006066664,24.992153061639364,20.48332379742112,-17.21444000426112,100.71199651912654,1080.2587824295915,15.288,0.0,17.596009904310268,0.1250839641348492,1.0361423099724508e-05,-0.2640703893548713,-0.0947706998113712,0.0301707854167738,0.9763556397678728,12.673367134733834,42.56428235936255,6.160871965309879
6.43,31.22161125012782,131.01163881908911,226.65827807664408,-0.7237056073059338,0.7007163528063705,-5.863149767223133,-0.3608376491517208,1.7644351069447268,0.0,42.415822814688894,24.98666874502409,20.323483731629192,-17.216937773581908,100.70481848529938,1078.1798675149298,15.288,0.0,17.59800783011289,0.1249646935768615,1.0413084882481693e-05,-0.26168200346577,-0.0925763323946118,0.0298689011016232,1.0073366371250243,12.699826110550656,42.52588833823548,6.133511249566032
6.44,31.22161015474977,131.01164110965556,226.8112993390736,-0.7518826249201332,0.7131176484960327,-5.801442915743844,-0.4336520619640958,1.863862966900267,0.0,42.375471497934846,24.981210751488444,20.165345738705383,-17.219117538827692,100.6985054000038,1076.1135510908612,15.288,0.0,17.59999246540662,0.1248460278571913,1.0464233286512212e-05,-0.2592117206356136,-0.0903481007037632,0.0295583548500088,1.036260136330758,12.724846383283529,42.48748486418282,6.108909818851676
6.45,31.22160905954374,131.01164339969628,226.96329456671884,-0.7783234809032075,0.7241346076624702,-5.739254251030899,-0.5064687004933838,1.9642776916514528,0.0,42.33532669125233,24.97577744416649,20.00895877565438,-17.22098348903536,100.69305857962904,1074.059831645692,15.288,0.0,17.601963802936105,0.1247279686936198,1.0514840262419503e-05,-0.2566651205469581,-0.088090333859503,0.0292398055764029,1.0630738993824678,12.748401966772636,42.44907046128152,6.087194489456967
6.46,31.22160796450964,131.01164568921416,227.1142632587977,-0.8029928594730945,0.7337566438049555,-5.676669672088365,-0.5791674226148448,2.0655077101605843,0.0,42.29538896331035,24.97036719275292,19.854367978906964,-17.22254024731331,100.68847791349172,1072.0187070929007,15.288,0.0,17.603921836181843,0.1246105177680985,1.0564879037989858e-05,-0.2540478568376269,-0.0858073679616714,0.0289139178729355,1.0877320872798972,12.770470019190377,42.41064403692108,6.068470612119578
6.47,31.221606869647285,131.01164797821178,227.26420496321097,-0.825858819365199,0.7419756820638476,-5.6137751365783695,-0.6516301452881841,2.167382761229733,0.0,42.25565887023933,24.96497837682884,19.701614625840303,-17.223792846501244,100.68476188292249,1069.99017475794,15.288,0.0,17.60586655922771,0.1244936767256799,1.0614324151996042e-05,-0.2513656464372259,-0.0835035385303381,0.0285813607877339,1.1101948365319516,12.791030896945104,42.3722048803027,6.052820926145891
6.48,31.221605774956306,131.01165026669133,227.4131192904567,-0.8468928152000836,0.7487861476801834,-5.550656403166848,-0.7237409950375455,2.269734144003984,0.0,42.21613695555469,24.95960938908334,19.55073610350456,-17.224746705200673,100.68190758191524,1067.9742313779186,15.288,0.0,17.607797966937568,0.1243774471743044,1.066315148500356e-05,-0.2486242589564634,-0.0811831730579289,0.0282428066171699,1.1304279286337382,12.810068198616012,42.33375266052913,6.040304679266813
6.49,31.2216046804362,131.01165255465477,227.561005902698,-0.8660697127998827,0.7541849505403107,-5.487398776067001,-0.7953864509555295,2.3723949588990085,0.0,42.1768237498428,24.95425863842357,19.401765884497703,-17.225407604233375,100.67991073928864,1065.9708730911132,15.288,0.0,17.609716054822822,0.1242618306838615,1.0711338287165654e-05,-0.2458295061461375,-0.0788505836830633,0.0278989297134889,1.1484025275339234,12.827568799479272,42.29528742384519,6.0309570364043115
6.5,31.221603586086303,131.01165484210387,227.7078645107792,-0.8833677983873167,0.758171465524972,-5.424086852926327,-0.8664554802405257,2.475200338962425,0.0,42.137719770657256,24.948924552971416,19.25473350991968,-17.22578166357943,100.67876574231208,1063.980095435635,15.288,0.0,17.611620819130714,0.124146828785891,1.0758863203018753e-05,-0.2429872314420677,-0.0765100599962716,0.0275504053096973,1.1640949664786318,12.843522876136374,42.2568095904334,6.024788793420626
6.51,31.221602491905845,131.01165712904,227.8536948891376,-0.8987687818158828,0.7607475089846655,-5.360804277142353,-0.9368396664585992,2.5779876717614765,0.0,42.098825522350495,24.94360558294,19.109664579325667,-17.2258753198383,100.67846566174951,1062.0018933455085,15.288,0.0,17.613512256829587,0.124032442973085,1.080570629329948e-05,-0.2401032996115863,-0.0741658619869906,0.027197908363151,1.177486571137567,12.85792392158921,42.218319950540206,6.021786403903095
6.52,31.22160139789389,131.0116594154643,227.998496861885,-0.9122590795623192,0.7619212993552748,-5.297633301556911,-1.0064343968566478,2.6805971122702488,0.0,42.06013667280557,24.938300203446712,18.966580747594,-17.225695304248138,100.67900227828524,1060.0360180342725,15.288,0.0,17.61538464438424,0.1239186604888553,1.085184905425536e-05,-0.2371835862778455,-0.0718222122890952,0.0268421093143027,1.1885670521588607,12.870774148788309,42.17981546327833,6.021912459613854
6.53,31.2216003040494,131.0116617013775,228.1422703107613,-0.9238299278457356,0.7617080016297761,-5.234654220660145,-1.0751399039329783,2.7828720203538424,0.0,42.02164328062005,24.933006918611262,18.825499732325703,-17.225248619322816,100.68036611638487,1058.0819392110986,15.288,0.0,17.617225641036185,0.1238054520503118,1.0897274452977905e-05,-0.2342339597126656,-0.0694832602087916,0.0264836717609724,1.1973347626906323,12.88208529842386,42.141288569326015,6.025106414377456
6.54,31.221599210371146,131.01166398678032,228.2850151711576,-0.9334691180208864,0.7601038213846528,-5.1719468296564575,-1.1428533713989963,2.884656931208744,0.0,41.9833611684456,24.92772426141367,18.68643533020504,-17.224542514931866,100.68254648329057,1056.1404248416395,15.288,0.0,17.619053476238886,0.1236928642813788,1.0941966921656589e-05,-0.2312602839584132,-0.0671531212559566,0.0261232725976774,1.2037737717055257,12.891843566168076,42.10275449532839,6.031284560363752
6.55,31.22159811685779,131.01166627167305,228.4267314360918,-0.9411719637776677,0.7571200041882205,-5.1095886183571855,-1.2094779521758112,2.985800264118782,0.0,41.9452907873186,24.922450796478675,18.549397425384587,-17.223584472742008,100.68553148542416,1054.2114674294398,15.288,0.0,17.620868149832507,0.1235808985178557,1.098591235959188e-05,-0.2282684087312895,-0.0648358704944491,0.0257615746140535,1.2078840201122891,12.900055642854474,42.06421545837408,6.040342372983213
6.56,31.2215970235079,131.01166855605572,228.56741915124016,-0.9469371321602342,0.7527700644450729,-5.047654986518809,-1.2749199513438751,3.086153664584187,0.0,41.907432574609885,24.91718512301121,18.41439201123537,-17.222382187609455,100.68930805716028,1052.2950588733413,15.288,0.0,17.62266966234011,0.1234695560553114,1.102909814733697e-05,-0.2252641553413611,-0.0625355206103857,0.0253992348712248,1.2096698336763232,12.906731470265717,42.02567401804182,6.0521554992159015
6.57,31.221595930319904,131.0116708399282,228.7070784189121,-0.9507666128088578,0.7470697404109474,-4.986219043195736,-1.3390889136826198,3.1855721719474497,0.0,41.869786954030666,24.911925876892,18.281421220054565,-17.220943548756797,100.69386199343144,1050.391190470927,15.288,0.0,17.624458014996648,0.1233588381491174,1.107151315120465e-05,-0.2222533072454402,-0.060256015884223,0.025036903686722,1.2091398264862936,12.91188420054494,41.98713306935265,6.0665813707690015
6.58,31.22159483729205,131.01167312329,228.84570940003607,-0.9526656819520636,0.7400369460427634,-4.925351416847721,-1.4018977049457444,3.2839143785249285,0.0,41.83235433564913,24.906671732635584,18.15048335894619,-17.219276621611453,100.69917798345196,1048.49985292363,15.288,0.0,17.626233209763548,0.1232487460144957,1.111314772504264e-05,-0.2192416007956037,-0.0580012263596402,0.0246752236471352,1.2063068071506031,12.915530146930667,41.94859583523882,6.08346097218177
6.59,31.22159374442254,131.01167540614043,228.98331229826115,-0.9526428613009816,0.7316917198638136,-4.865120076861813,-1.4632625870368972,3.3810425804195448,0.0,41.79513511584336,24.901421405210105,18.02157295172421,-17.21738963030358,100.7052396455187,1046.6210363398309,15.288,0.0,17.627995249241515,0.1231392808263619,1.1153993709334483e-05,-0.2162347161945204,-0.0557749422153071,0.0243148286494476,1.201187686518469,12.9176887261114,41.91006585848299,6.1026207232234135
6.6,31.22159265170942,131.01167768847867,229.1198873867892,-0.9507098719356823,0.7220561707894178,-4.805590167091114,-1.5231032871809629,3.4768229201718164,0.0,41.758129677410814,24.896173651716943,17.89468078668004,-17.215290940817766,100.71202956284728,1044.7547302433493,15.288,0.0,17.62974413674316,0.1230304437196629,1.1194044427682502e-05,-0.2132382686682551,-0.0535808683452826,0.0239563429720227,1.1938033858812611,12.918382392196357,41.871546993339074,6.123874435004063
6.61,31.22159155915064,131.0116799703036,229.25543498054628,-0.9468815833743544,0.7111544211788554,-4.746823851932724,-1.5813430612620427,3.571125521424971,0.0,41.72133838966256,24.890927272930444,17.769793970049815,-17.21298904478853,100.71952932040128,1042.9009235827025,15.288,0.0,17.631479876322086,0.1229222357896472,1.1233294680739754e-05,-0.2102577998667018,-0.0514226191534493,0.0236003803761011,1.1841787451848518,12.917636562745871,41.83304339670436,6.147025300781818
6.62,31.22159046674404,131.01168225161385,229.38995544711787,-0.9411759580073727,0.6990125473353578,-4.688880175394363,-1.6379087514826287,3.663824615769767,0.0,41.684761608391376,24.885681114698368,17.646895985010776,-17.210492543924907,100.72771954267164,1041.0596047337392,15.288,0.0,17.63320247262759,0.1228146580917674,1.127174073764389e-05,-0.2072987695012407,-0.0493037135668056,0.0232475432384986,1.1723424309622918,12.915479537258836,41.79455951876624,6.171867885211911
6.63,31.221589374487326,131.01168453240788,229.5234492156903,-0.9336139909623828,0.6856585172693082,-4.631814933546532,-1.6927308383850148,3.75479866190137,0.0,41.64839967609353,24.880434069201463,17.52596675603058,-17.207810135048074,100.73657993236354,1039.2307615145646,15.288,0.0,17.63491193103541,0.122707711642334,1.1309380325029136e-05,-0.204366547228714,-0.0472275702720624,0.0228984217164588,1.1583268436031071,12.911942407979344,41.756100093474274,6.198190079471637
6.64,31.22158828237816,131.01168681268396,229.65591675320047,-0.9242196456820188,0.6711221262523485,-4.575680560655416,-1.7457434874461992,3.8439304572551376,0.0,41.61225292196583,24.875185076075457,17.406982718387603,-17.2049505957203,100.74608930994624,1037.414381189364,15.288,0.0,17.636608257487932,0.1226013974185049,1.1346212613672835e-05,-0.2014664047903436,-0.0451975031797364,0.0225535929450815,1.142168024351454,12.907058963863344,41.71767012844117,6.225774994113935
6.65,31.22158719041408,131.01168909244015,229.7873585862004,-0.913019785270399,0.6554349299103989,-4.520526029251661,-1.796884590253088,3.931107242229949,0.0,41.57632166214244,24.86993312339306,17.289916892675222,-17.20192277044309,100.75622565402078,1035.6104504840068,15.288,0.0,17.638291458595862,0.1224957163589822,1.138223820285952e-05,-0.1986035084136707,-0.0432167171193155,0.0222136202681974,1.1239055619883531,12.900865587502814,41.67927489469768,6.254402766191474
6.66,31.22158609859252,131.01169137167437,229.91777528694223,-0.9000440998372305,0.6386301751737959,-4.466396764296612,-1.8460958003958103,4.016220797130112,0.0,41.54060619995375,24.86467724851073,17.17473896409899,-17.198735557398656,100.7669661424601,1033.8189556033171,15.288,0.0,17.639961541739947,0.1223906693647648,1.1417459102521715e-05,-0.1957829114851575,-0.0412883037689056,0.0218790525031471,1.1035824998534218,12.893401145592938,41.64091991613278,6.283852262080859
6.67,31.22158500691084,131.0116936503843,230.0471674743744,-0.8853250301141516,0.6207427295819918,-4.41333457152305,-1.8933225642602,4.099167531955588,0.0,41.5051068257564,24.8594165387788,17.06141536637067,-17.195397895707433,100.77828719427458,1032.0398822250838,15.288,0.0,17.641618514649643,0.1222862572986626,1.1451878713234169e-05,-0.1930095475005348,-0.0394152378220936,0.0215504232396785,1.0812452442375384,12.884706873787977,41.602610958246295,6.313902662187328
6.68,31.221583915366303,131.01169592856755,230.17553581811487,-0.8688976872407683,0.6018090080610795,-4.361377580025874,-1.9385141465348912,4.179848569075625,0.0,41.46982381758774,24.8541501321188,16.94990936999946,-17.19191875317284,100.79016451215492,1030.27321553763,15.288,0.0,17.643262385926143,0.1221824809872039,1.1485501804139747e-05,-0.190288223299537,-0.0376003733944842,0.0212282501741745,1.05694347438996,12.874826254924171,41.56435401732809,6.3443349180408015
6.69,31.221582823956137,131.01169820622147,230.30288102752107,-0.8507997692809431,0.581866898674046,-4.310560198999329,-1.9816236508436795,4.25816981894724,0.0,41.43475744097061,24.848877217469155,16.84018117477729,-17.18830711448251,100.8025731256435,1028.5189402331737,15.288,0.0,17.644893164548385,0.1220793412200644,1.1518334488871107e-05,-0.1876236125912256,-0.0358464406722113,0.0209130344786338,1.030730056690861,12.863804892852434,41.52615530862519,6.374933076493693
6.7,31.221581732677457,131.0117004833434,230.4292038636132,-0.8310714743012572,0.5609556862006417,-4.260913088569233,-2.022608035237112,4.334042048873445,0.0,41.39990794944097,24.843597035100988,16.732188006251477,-17.184571969835474,100.81548743488408,1026.7770405363578,15.288,0.0,17.646510860207243,0.1219768387516349,1.1550384199553735e-05,-0.185020249775556,-0.0341560428039835,0.0206052602055994,1.0026609639383497,12.8516903805295,41.48802125488911,6.405485469029609
6.71,31.22158064152732,131.01170275993044,230.55450512317705,-0.8097554104688119,0.5391159746740545,-4.212463144506525,-2.061428122847501,4.407380944916795,0.0,41.3652755845846,24.83830887680813,16.625884215975447,-17.18072230396336,100.82888125489832,1025.047500211773,15.288,0.0,17.648115483043984,0.1218749743010947,1.1581659658959672e-05,-0.1824825240664011,-0.0325316530380239,0.0203053937287827,0.9727952032479829,12.83853216413108,41.44995847426661,6.435785767340926
6.72,31.22157955050272,131.01170503597956,230.6787856486993,-0.7868965031739557,0.5163896083374985,-4.165233496610938,-2.0980486075798184,4.478107166973309,0.0,41.33086057641178,24.83301208597323,16.521221385325322,-17.176767085513507,100.84272786033688,1023.3303025835364,15.288,0.0,17.64970704376651,0.1217737485535447,1.1612170850889597e-05,-0.1800146739207458,-0.0309756121047413,0.0200138832198843,0.941194755737519,12.824381402693762,41.41197376827812,6.46563390859358
6.73,31.22157845960061,131.01170731148767,230.802046322406,-0.7625418994675149,0.4928195915248121,-4.119243520462522,-2.1324380549642123,4.546146397063006,0.0,41.296663143623256,24.82770605751228,16.418148432668392,-17.172715256762206,100.85700003065185,1021.625430553162,15.288,0.0,17.651285553620298,0.1216731621607671,1.1641928988863008e-05,-0.1776207817783745,-0.0294901258459764,0.0197311581617525,0.9079245334281734,12.809290824225272,41.374074109515874,6.494836895770438
6.74,31.22157736881785,131.0117095864516,230.9242880632804,-0.7367408699739642,0.4684500075011975,-4.074508862188205,-2.1645688981800872,4.611429380854757,0.0,41.26268349389041,24.822390237702308,16.31661172366712,-17.16857572362744,100.87167009563464,1019.9328666154536,15.288,0.0,17.652851024359336,0.1215732157420627,1.1670946483188328e-05,-0.1753047691158041,-0.0280772630908543,0.0194576288979539,0.8730523605642403,12.793314578602144,41.33626662919033,6.523209479821207
6.75,31.22157627815132,131.01171186086796,231.04551183004665,-0.7095447084872821,0.4433259364571175,-4.031041475839366,-2.194417429295353,4.673891962445571,0.0,41.22892182408809,24.817064123895207,16.216555184500937,-17.16435734594912,100.88670998126516,1018.2525928735056,15.288,0.0,17.654403468144434,0.1214739098849274,1.169923690649566e-05,-0.1730703918177717,-0.0267389537780596,0.0191936862188984,0.8366489897611336,12.776508087797852,41.298558604493394,6.550574731315241
6.76,31.221575187597768,131.01171413473335,231.16571861520504,-0.6810066293947216,0.4174933726110958,-3.988849672931933,-2.221963785698496,4.733475112392374,0.0,41.19537832070136,24.811727264120112,16.117920417786998,-17.16006892800865,100.9020912558142,1016.584591061964,15.288,0.0,17.655942897630382,0.1213752451462436,1.1726814957803472e-05,-0.1709212358691276,-0.0254769873240498,0.0189397009846348,0.7987881680303586,12.758927893675942,41.26095744599265,6.576764509836336
6.77,31.221574097153976,131.01171640804435,231.2849094420509,-0.6511816631698027,0.3909991407526572,-3.947938183640441,-2.2471919317905,4.790124949007788,0.0,41.162053160170366,24.80637925657919,16.020646820979813,-17.155719209258603,100.91778517614142,1014.928842566076,15.288,0.0,17.657469325965963,0.1212772220533038,1.1753696425202802e-05,-0.1688607133695446,-0.02429301123655,0.018696023784185,0.7595467753621027,12.74063150411007,41.22347068487273,6.601619839649763
6.78,31.221573006816683,131.0117186807974,231.4030853726267,-0.6201265501399575,0.3638908124247613,-3.908308229096424,-2.2700896359853737,4.843792752923624,0.0,41.128946509098085,24.801019749041323,15.924671707029292,-17.151316855235756,100.93376273413064,1013.2853284348764,15.288,0.0,17.658982766619594,0.1211798411044163,1.1779898147232644e-05,-0.1668920588728486,-0.023188529971722,0.0184629846313629,0.7190050701885733,12.721677238020902,41.18610595997985,6.624991200168227
6.79,31.22157191658256,131.01172095298884,231.52024749579564,-0.5879001767574777,0.3362189815465968,-3.8699575039434886,-2.290649054208556,4.894435096410096,0.0,41.096055582601,24.795648438131472,15.82993042707642,-17.146870448633223,100.94999470320188,1011.6538845564232,15.288,0.0,17.660479816557892,0.1210830941017826,1.1805437973202376e-05,-0.1650183259948119,-0.0221649037419764,0.018240891384893,0.6772487387490042,12.702127305100973,41.14886843361986,6.646738981248322
6.8,31.22157082644832,131.01172322461508,231.63639692624824,-0.5545642470489104,0.3080408024133855,-3.8328799182410633,-2.3088681885031344,4.942014130831583,0.0,41.063370068642406,24.79026506828012,15.736356497082802,-17.142388479396168,100.96645168893173,1010.0339771478492,15.288,0.0,17.661948353688096,0.1209869506699549,1.1830334738460512e-05,-0.1632423801123407,-0.0212233259613399,0.0180300271039253,0.6343718758601395,12.682052635073475,41.11175677163301,6.666734166657346
6.81,31.22156973641057,131.0117254956724,231.7515348134457,-0.5201774295171157,0.2793946833920148,-3.797067032287754,-2.324743590261975,4.986496148527984,0.0,41.03090363384409,24.78486943111469,15.64388172845572,-17.137879333690698,100.98310418432295,1008.4262528851676,15.288,0.0,17.663404111010696,0.1208914510828619,1.185460820898374e-05,-0.1615669019060316,-0.0203648540161815,0.017830664394239,0.5904606697668813,12.661498121559658,41.0747906741528,6.684855619041827
6.82,31.22156864646601,131.01172776615712,231.86566232273992,-0.4848022101052225,0.2503303187817116,-3.7625069657832415,-2.338277894970154,5.027853082012464,0.0,40.99865640973492,24.77946136456721,15.55243634999072,-17.13335128825734,100.99992260555474,1006.8306916806024,15.288,0.0,17.66484710324238,0.1207965957354311,1.187827902803902e-05,-0.1599943859223934,-0.0195904141330667,0.0176430486682314,0.5456161250411835,12.640523749343703,41.03797807915596,6.700993120125979
6.83,31.221567556611287,131.0117300360654,231.97878064928568,-0.4485022338011577,0.2208977279147725,-3.729184836256621,-2.349477355929024,5.06606199767377,0.0,40.96662851995725,24.774040751714505,15.461949135177848,-17.12881250261396,101.016877335609,1005.2472732174202,15.288,0.0,17.666277345444083,0.1207023849993467,1.190136867908824e-05,-0.1585271357624262,-0.0189007874152344,0.0174674037850893,0.4999490606666275,12.619189538815778,41.00132696795776,6.7150463552580115
6.84,31.221566466843026,131.0117323053935,232.09089100512176,-0.4113421918447704,0.1911471712942723,-3.697082884617671,-2.3583517934980023,5.101105069807842,0.0,40.9348200805795,24.76860751964269,15.372347531776173,-17.12427101062562,101.03393877022056,1003.675976967773,15.288,0.0,17.667694852906248,0.1206088192239609,1.192389944091229e-05,-0.1571672623817934,-0.0182966101172072,0.0173039319620819,0.453584625124485,12.597555394649156,40.964845352337775,6.726924852475121
6.85,31.22156537715788,131.0117345741378,232.20199462414047,-0.3733877084696776,0.1611290670824479,-3.6661806071312464,-2.364914539816497,5.132969547906693,0.0,40.903231200551055,24.763161638238728,15.283557792112912,-17.11973471213128,101.05107736353236,1002.116782218056,15.288,0.0,17.669099641191842,0.1205158987376157,1.1945894341968336e-05,-0.1559166827153539,-0.0177783741452674,0.0171528137207319,0.4066701237569776,12.575680956837065,40.92854126186091,6.7365478848203955
6.86,31.22156428755247,131.01173684229434,232.31209275711748,-0.334705227396281,0.130893908234444,-3.6364548930590015,-2.369182379104904,5.161647717233794,0.0,40.87186198208844,24.75770311891396,15.195505103893128,-17.115211364619668,101.06826367339184,1000.5696680872492,15.288,0.0,17.67049172609333,0.120423623848811,1.1967377114053104e-05,-0.1547771186240744,-0.0173464277799744,0.0170142078672692,0.3593892173743976,12.55362545485906,40.8924227312292,6.7438443406960955
6.87,31.22156319802353,131.01173910985946,232.42118667072089,-0.2953618982457822,0.1004921803656293,-3.607880167222677,-2.371175483602136,5.187136852717585,0.0,40.84071252104148,24.752232013264408,15.10811372130852,-17.110708574949417,101.08546840622536,999.0346135492252,15.288,0.0,17.671871123560965,0.1203319948472437,1.1988372145348926e-05,-0.1537500961618532,-0.0170009766165293,0.0168882515070542,0.3119891661490774,12.531447565455023,40.85649778772728,6.748752566504083
6.88,31.22156210856771,131.0117413768294,232.52927764651443,-0.2554254630217482,0.0699742803364363,-3.5804285367341127,-2.3709173451740098,5.209439166197256,0.0,40.80978290741252,24.7467484116724,15.021307096235695,-17.10623379111182,101.10266246142588,997.5115974573608,15.288,0.0,17.673237849803183,0.1202410120053678,1.2008904432930066e-05,-0.1528369451593476,-0.0167420847187107,0.0167750600923495,0.264836807546383,12.509205274339829,40.82077443893241,6.751220185315905
6.89,31.221561019181703,131.01174364320048,232.6363669769856,-0.2149641428963754,0.0393904359921346,-3.554069941131244,-2.368434702761064,5.22856174709251,0.0,40.7790732256309,24.74125244185455,14.93500800931779,-17.101794294036885,101.11981697519144,996.000598561228,15.288,0.0,17.674591921100134,0.1201506755791753,1.2028999534800704e-05,-0.1520387991213809,-0.0165696759815592,0.0166747275028598,0.2185433181296344,12.486955742798916,40.78526066036022,6.751203894925305
6.9,31.221559929862284,131.01174590896895,232.74245596355647,-0.1740465253942567,0.0087906268001512,-3.5287723051837188,-2.36375746566051,5.24451649654663,0.0,40.74858355505273,24.73574426736004,14.84913870072602,-17.097397189447353,101.13690336374924,994.5015955314652,15.288,0.0,17.675933353875426,0.1200609858096794,1.2048683521543213e-05,-0.1513565954340844,-0.016483535697951,0.016587326158511,0.1742683788987344,12.46475517914152,40.749964383476105,6.748669248144196
6.91,31.22155884060617,131.01174817413133,232.8475459145968,-0.1327414521902614,-0.0217754942611069,-3.5045016936242126,-2.3569186328058462,5.257320055136503,0.0,40.71831397038847,24.73022408602448,14.763621000401136,-17.09304939976678,101.1538933659036,993.0145669820632,15.288,0.0,17.677262164681732,0.11997194292417,1.206798292764875e-05,-0.1507910758774725,-0.0164833123239262,0.0165129071637583,0.1345156661199051,12.44265871580845,40.71489348383086,6.743590417902235
6.92,31.221557751410234,131.01175043868392,232.95163814641856,-0.0911179076755494,-0.0522586774824131,-3.481222467079764,-2.3479542081543907,5.266993724245005,0.0,40.68826454209462,24.72469212838457,14.678376457578343,-17.088757656092064,101.17075908484404,991.5394914912524,15.288,0.0,17.678578370143462,0.1198835471373564,1.2086924702604828e-05,-0.1503427874386624,-0.0165685194371552,0.0164515004827331,0.1050401835930094,12.420720292537013,40.68005576936952,6.735949949348429
6.93,31.22155666227128,131.0117527026232,233.05473397930024,-0.0492449084478674,-0.082610151790395,-3.458897438497736,-2.336903112294647,5.273563381206033,0.0,40.65843533676363,24.719148656055527,14.59332646940354,-17.084528490242278,101.1874730291516,990.0763476206424,15.288,0.0,17.679881986899368,0.119795798652527,1.2105536161813073e-05,-0.1500120834205954,-0.0167385378831256,0.0164031151444842,0.0961743027336231,12.398992545963877,40.64545896896077,6.725738500855933
6.94,31.22155557318624,131.01175496594573,233.15683473649355,-0.0071913938600364,-0.1127816987159054,-3.437488029383115,-2.323807090382694,5.277059388344308,0.0,40.628826417665024,24.71359396008004,14.50839240845226,-17.08036822689919,101.20400815294184,988.6251139432804,15.288,0.0,17.68117303171729,0.1197086976631316,1.21238449374101e-05,-0.1497991248406152,-0.0169926181029789,0.0163677394776562,0.1130107412794386,12.377526705887062,40.61111072129811,6.7129545755634235
6.95,31.221554484152,131.01175722864812,233.25794174124272,0.0349738821526773,-0.1427257244870453,-3.416954425168389,-2.308710616646188,5.27751649606994,0.0,40.59943784495984,24.70802835924944,14.423495748967351,-17.076282975856785,101.2203378950842,987.1857690543616,15.288,0.0,17.682451521235983,0.1196222443534192,1.2141878929063748e-05,-0.1497038821129155,-0.0173298826370576,0.0163453413735622,0.1469482981661358,12.356372499054329,40.57701856376972,6.697604244906009
6.96,31.221553395165618,131.01175949072703,233.3580563128097,0.0771824579239146,-0.1723953307405675,-3.3972557290997623,-2.2916607954650927,5.274973740160632,0.0,40.57026967633726,24.70245219840407,14.338558191636505,-17.07227862439966,101.23643621743754,985.758291604248,15.288,0.0,17.683717472194594,0.1195364389002936,1.2159666254816528e-05,-0.1497261370084167,-0.0177493287976943,0.0163358685771658,0.1888842605799216,12.335578059978708,40.543189921969,6.679700865290084
6.97,31.221552306224133,131.01176175217924,233.457179771442,0.1193662693302056,-0.2017443831368392,-3.378350114006789,-2.272707259348816,5.269474333433016,0.0,40.541321967286464,24.696865846715284,14.25350178673462,-17.0683608298325,101.252277642044,984.3426603106036,15.288,0.0,17.684970901246224,0.1194512814741379,1.2177235202046343e-05,-0.1498654848853302,-0.0182498315050293,0.0163392490047075,0.2344121231849879,12.31518984990591,40.50963209917101,6.6592647890150625
6.98,31.22155121732465,131.0117640130015,233.55531342843665,0.161457753422832,-0.2307275782128272,-3.360194971396122,-2.251902063879383,5.261065551974271,0.0,40.51259477154076,24.691269695955995,14.168249055461883,-17.06453501218436,101.26783728722388,982.9388539823752,15.288,0.0,17.686211824972244,0.1193667722400952,1.2194614178616375e-05,-0.1501213371832512,-0.0188301462791148,0.0163553910874024,0.281609091783529,12.295252583576588,40.47635226625992,6.636323070290532
6.99,31.221550128464376,131.01176627319094,233.6524585851459,0.203389950249251,-0.2593005082100882,-3.342747057313729,-2.229299579854115,5.249798616147792,0.0,40.48408814146583,24.685664158760645,14.082723109313376,-17.06080634711351,101.28309090251612,981.5468515380484,15.288,0.0,17.68744025983928,0.1192829113592266,1.2211831664279872e-05,-0.15049292417328,-0.0194889123814277,0.0163841841400782,0.329551123495704,12.275809164209631,40.44335745192043,6.610909167128573
7.0,31.22154903964056,131.01176853274444,233.74861654689107,0.2450966027507643,-0.287419723914824,-3.3259626344769564,-2.204956382782063,5.235728566585203,0.0,40.45580212854443,24.680049666881647,13.996847767321148,-17.057179759040682,101.2980149024097,980.1666320297912,15.288,0.0,17.688656222270925,0.1191996989899345,1.2228916162413104e-05,-0.1509792979564307,-0.0202246560992191,0.0164254987539401,0.3777326282936256,12.256900626672056,40.41065453324019,6.58306263974942
7.01,31.221547950850525,131.0117707916592,233.84378859314805,0.2865122545764312,-0.3150427952279574,-3.309797610195291,-2.1789311399951594,5.218914135407914,0.0,40.42773678369226,24.674426669444703,13.910547671015804,-17.053659914538766,101.3125863988148,978.7981746598496,15.288,0.0,17.689859728532994,0.1191171352888816,1.2245896152140048e-05,-0.1515793357021813,-0.0210357941654033,0.0164791872123611,0.4258408241963811,12.238566089200573,40.37825022650216,6.552828846082858
7.02,31.221546862091685,131.0117730499324,233.9379759994121,0.3275723457183361,-0.3421283695782484,-3.2942076696537246,-2.151284495533764,5.199417612916126,0.0,40.39989215764382,24.668795631208443,13.823748396959909,-17.050251216009112,101.32678323222255,977.4414587987504,15.288,0.0,17.69105079470483,0.1190352204121367,1.2262800040916008e-05,-0.1522917431187979,-0.021920637306891,0.0165450839287625,0.4736604138025462,12.220842713444323,40.3461510783881,6.520258634826675
7.03,31.22154577336154,131.0117753075614,234.03118002229013,0.3682133058516343,-0.3686362281232903,-3.279148404169863,-2.1220789530138364,5.177304710002224,0.0,40.37226830141748,24.66315703082987,13.736376566711783,-17.046957795674917,101.34058400150604,976.0964640083398,15.288,0.0,17.692229436751017,0.1189539545165392,1.227965611763714e-05,-0.1531150581468232,-0.0228773939143083,0.0166230059056202,0.5210295927065502,12.203765672787082,40.31436345761127,6.485408036477371
7.04,31.221544684657648,131.0117775645437,234.12340191341505,0.4083726452334308,-0.3945273394686746,-3.264575434064627,-2.091378756753593,5.152644416567104,0.0,40.34486526659851,24.657511359141324,13.648359954083666,-17.043783509923035,101.35396809231564,974.7631700553964,15.288,0.0,17.693395670392313,0.1188733377605346,1.2296492506338252e-05,-0.1540476548668409,-0.0239041738256267,0.016712753213427,0.5678181075099761,12.18736812915398,40.2828935467593,6.448337952719181
7.05,31.22154359597768,131.01177982087685,234.21464289460127,0.447989043088422,-0.4197639110935519,-3.2504445258489287,-2.0592497713159523,5.125508856207285,0.0,40.31768310575221,24.651859117442324,13.559627589565183,-17.040731934025615,101.3669157040262,973.4415569329418,15.288,0.0,17.694549511134312,0.1187933703053723,1.2313337120542964e-05,-0.1550877476124656,-0.0249989922165362,0.0168141094887282,0.6139155748648766,12.171681217828922,40.25174733462997,6.409113844467531
7.06,31.22154250731936,131.01178207655855,234.30490417275035,0.4870024333588556,-0.4443094383210812,-3.2367117034511725,-2.0257593597289225,5.095973137466993,0.0,40.29072187282819,24.64620081580909,13.470109861788204,-17.037806357273343,101.3794078751944,972.1316048779828,15.288,0.0,17.695690974296134,0.1187140523163208,1.2330217618326309e-05,-0.1562333952792653,-0.0261597735899423,0.0169268424500377,0.6592249183345744,12.156734040245627,40.22093060894612,6.367805418868601
7.07,31.221541418680545,131.01178433158665,234.39418693885847,0.5253540877071757,-0.4681287506795625,-3.223333353263211,-1.9909762606364627,5.0641152019538085,0.0,40.26398162341688,24.640536971424925,13.379738615916535,-17.035009778551352,101.39142650748867,970.8332943851204,15.288,0.0,17.696820074881348,0.1186353839634046,1.2347161358153392e-05,-0.1574825058202225,-0.0273843558573697,0.0170507044306154,0.7036585132066205,12.142553664661529,40.19044894933502,6.324486315530825
7.08,31.22154033005918,131.011786585959,234.482492352118,0.562986695707625,-0.4911880558457512,-3.2102663228263224,-1.9549704645569888,5.030015669611573,0.0,40.237462415159726,24.63486810693548,13.288447248848886,-17.032344902388996,101.40295438805528,969.5466062263672,15.288,0.0,17.69793682763532,0.1185573654226093,1.2364195355548436e-05,-0.1588328409181399,-0.0286704945046499,0.0171854329270849,0.7471358383516971,12.129165134101708,40.16030772084349,6.279233792215494
7.09,31.22153924145328,131.01178883967373,234.56982156277,0.599844442112186,-0.5134549809546631,-3.197468013012059,-1.9178130895268293,4.99375768146538,0.0,40.21116430808743,24.629194748832344,13.196170801131556,-17.029814135513792,101.41397521028952,968.2715214662344,15.288,0.0,17.6990412470309,0.1184799968768924,1.23813462406562e-05,-0.1602820208253259,-0.0300158668345421,0.0173307511627193,0.7895820034045745,12.116591481481803,40.13051206779674,6.232128410245589
7.1,31.22153815286097,131.01179109272903,234.6561756852764,0.635873081115079,-0.5348986112848079,-3.184896463601612,-1.879576256351592,4.9554267401480105,0.0,40.185087364933,24.623517425865863,13.102846045482142,-17.027419583938183,101.4244735929812,967.0080214776984,15.288,0.0,17.700133347239706,0.1184032785170894,1.2398640216748272e-05,-0.1618275293607756,-0.0314180762788334,0.0174863686643933,0.8309268034780151,12.104853751473748,40.10106690804626,6.183253719869229
7.11,31.221537064280504,131.01179334512327,234.741555811238,0.6710200075293187,-0.5554895262391913,-3.172510432201137,-1.8403329637134325,4.915110548524895,0.0,40.1592316513594,24.6178366674922,13.00841157183288,-17.025163050607535,101.43443509780948,965.756087952411,15.288,0.0,17.70121314201741,0.1183272105425901,1.2416103019730492e-05,-0.163466719054995,-0.0328746567724587,0.0176519818520295,0.8711041019019943,12.093971028764416,40.07197692755884,6.1326959458280665
7.12,31.221535975710207,131.01179559685482,234.8259630044258,0.7052343248364049,-0.5751998329018289,-3.160269466483841,-1.8001569632899204,4.872898846722064,0.0,40.13359723648979,24.612153002356425,12.912807868808525,-17.023046033635637,101.44384624516344,964.5157029265752,15.288,0.0,17.70228064494752,0.1182517931628912,1.2433759878704348e-05,-0.165196816432549,-0.0343830771821408,0.0178272746396783,0.9100514226684916,12.083960471829824,40.04324657569054,6.080543673361492
7.13,31.221534887148525,131.01179784792237,234.90939829978728,0.7384669099665827,-0.5940031964878033,-3.148133969756001,-1.7591226352801237,4.82888324789852,0.0,40.10818419288403,24.60646695681356,12.815977401559946,-17.021069725152103,101.45269452826987,963.2868487787782,15.288,0.0,17.703335869068518,0.1181770265975362,1.2451635477630604e-05,-0.1670149274224349,-0.0359407457824117,0.0180119190467433,0.9477096794434796,12.074837352653882,40.01488006039613,6.026887534982009
7.14,31.221533798594017,131.01180009832456,234.9918627034468,0.7706704748413998,-0.6118748685211045,-3.136065259928994,-1.717304864350364,4.783157073046555,0.0,40.082992597056815,24.60077905349107,12.7178646858811,-17.019235010784815,101.46096842561124,962.0695082552048,15.288,0.0,17.704378827131997,0.1181029110776315,1.2469753918148783e-05,-0.1689180428863089,-0.0375450147714933,0.0182055758188106,0.9840229959308516,12.066615100700028,39.986881344338286,5.971819898246281
7.15,31.22153271004532,131.01180234806031,235.07335719369976,0.8017996245470697,-0.6287917120759864,-3.1240256219663007,-1.6747789163851672,4.735815185158421,0.0,40.05802252969343,24.595089809894247,12.618416358543536,-17.017542469797693,101.46865741162296,960.8636644788,15.288,0.0,17.705409531530957,0.1180294468464931,1.248813868359567e-05,-0.1709030442546684,-0.0391931848200485,0.0184078950566097,1.018938587502921,12.059305351502127,39.95925414115634,5.91543455491203
7.16,31.2215316215012,131.0118045971286,235.1538827080924,0.831810277472783,-0.6447251292996232,-3.1119780718756287,-1.6316223218922128,4.686954098267018,0.0,40.033264843829855,24.58939973644729,12.517581244140828,-17.015992375732413,101.4757519664408,959.668858343676,15.288,0.0,17.706417501378944,0.1179566069583945,1.250681260964456e-05,-0.1729667082903928,-0.0408825025292764,0.0186185124541661,1.052401836823448,12.052927872192644,39.931993794536496,5.8578270408397755
7.17,31.221530532960568,131.01180684552853,235.2334401593255,0.8606615490889197,-0.659660833716681,-3.099886999989025,-1.5879097166244411,4.636671108753819,0.0,40.008726795738816,24.583709335138664,12.415310420884678,-17.01458469637792,101.48224359025188,958.4854179605549,15.288,0.0,17.707410901316514,0.1178844127990332,1.2525797857772949e-05,-0.17510571262464,-0.0426101625231202,0.0188370617129108,1.084369857251403,12.047483157606283,39.90510980347946,5.799092657614952
7.18,31.221529444422387,131.0118090932594,235.3120304233236,0.8883141976898224,-0.6735823524304329,-3.087717897211767,-1.543716343460789,4.585064644589847,0.0,39.984410675259525,24.578019100152645,12.311557277623878,-17.013319096784826,101.4881248052453,957.3134329423632,15.288,0.0,17.708392238016543,0.1178128711206425,1.2545115862941936e-05,-0.1773166452203355,-0.0443733381924688,0.0190631658535958,1.1147999572793892,12.042975423193516,39.87860704396762,5.73932746555706
7.19,31.22152835588576,131.01181134032063,235.38965433924224,0.9147309146654756,-0.6864732059970828,-3.075437321508353,-1.4991177638233395,4.532234070507268,0.0,39.96031658223088,24.572329515480146,12.206277566438338,-17.012194943186135,101.49338915479515,956.1528880154768,15.288,0.0,17.709361521986363,0.1177419822226127,1.2564787310160033e-05,-0.1795960081405669,-0.0461691705233132,0.0192964388332148,1.1436512012820232,12.039409668463076,39.85248820301812,5.6786278675577995
7.2,31.22152726734992,131.01181358671172,235.4663127144312,0.9398765235776398,-0.6983186118709842,-3.0630129678058875,-1.4541893220257216,4.47827946500872,0.0,39.93644462178664,24.566641053742856,12.09942945325981,-17.011211306646146,101.49803120542738,955.0037683355772,15.288,0.0,17.710318763308486,0.117671746419842,1.2584832105575533e-05,-0.181940223479875,-0.0479947719983243,0.0195364871981995,1.1708855715582682,12.03678938685931,39.82675570643566,5.617090171250543
7.21,31.221526178814184,131.01181583243235,235.5420063154936,0.9637180173777632,-0.7091054934309102,-3.0504136849153767,-1.409006030913427,4.423301457035294,0.0,39.912794904524375,24.56095417509607,11.990973564468868,-17.010366967420957,101.50204654712071,953.8660594954922,15.288,0.0,17.711263971612265,0.1176021640432304,1.260526934857712e-05,-0.1843456394421541,-0.0498472311940589,0.0197829107415537,1.196467967458334,12.035116628249956,39.80141171758101,5.554810295957908
7.22,31.221525090278007,131.01181807748227,235.6167358772292,0.9862245920357277,-0.7188224863672589,-3.037609487369468,-1.3636424596403407,4.367401064048926,0.0,39.88936754668534,24.55526932618709,11.880873029422796,-17.009660420042444,101.50543179190596,952.7397475323016,15.288,0.0,17.712197156073916,0.1175332354402236,1.2626117305371956e-05,-0.1868085364587095,-0.0517236173628779,0.0200353031612222,1.2203662077269812,12.034392061737377,39.77645813656401,5.49188348472058
7.23,31.22152400174093,131.01182032186148,235.6905020867333,1.0073676765637591,-0.7274599424238811,-3.024571562471297,-1.3181726237544205,4.310679531793316,0.0,39.86616267030554,24.54958693916864,11.76909351889766,-17.009089879123156,101.50818457078144,951.6248189352584,15.288,0.0,17.713118325402352,0.1174649609752399,1.2647393384074724e-05,-0.1893251333372366,-0.0536209849933188,0.020293252718814,1.242551034320031,12.03461503830653,39.75189659982232,5.428404022210167
7.24,31.221522913202648,131.01182256557,235.76330560625607,1.0271209594260975,-0.7350099304928573,-3.011272272858204,-1.2726698777610008,4.253238175989182,0.0,39.84318040330292,24.54390743077024,11.655603279433208,-17.008653285876164,101.51030352896552,950.5212606490968,15.288,0.0,17.714027487768355,0.1173973410299318,1.2669114111329923e-05,-0.1918915934326035,-0.0555363783426591,0.0205563428976688,1.262996116408124,12.03578365284723,39.72772848005054,5.364464959409894
7.25,31.22152182466296,131.011824808608,235.8351470453744,1.0454604113425396,-0.7414662352731488,-2.9976851549055503,-1.2272068102691231,4.195178226203389,0.0,39.820420879735366,24.53823120142631,11.540373163575603,-17.008348315341404,101.51178831951192,949.4290600852725,15.288,0.0,17.714924650946227,0.1173303760039545,1.2691295110505603e-05,-0.1945040308304742,-0.057466835935553,0.0208241530595201,1.2816780537359558,12.03789480482538,39.70395488668144,5.300157846019593
7.26,31.22152073612172,131.01182705097577,235.90602698385013,1.0623643044681474,-0.7468243531738864,-2.9837849132906538,-1.1818551419500112,4.13660067213586,0.0,39.79788423976876,24.53255863446327,11.42337665601786,-17.00817238430536,101.51263959531568,948.3482051210468,15.288,0.0,17.71580982214383,0.117264066314855,1.2713951081472516e-05,-0.197158516534984,-0.059409395022936,0.0210962590986917,1.2985763784115705,12.040944257652647,39.6805766665084,5.23557247166434
7.27,31.221519647578976,131.01182929267375,235.97594596169208,1.07781322798046,-0.7510814859168566,-2.9695474120620924,-1.136685626336882,4.077606112537264,0.0,39.775570629904,24.526890095345127,11.304589895643812,-17.008122659899026,101.51285899954232,947.2786841083368,15.288,0.0,17.716683008144187,0.1171984123987623,1.2737095781993416e-05,-0.1998510846518125,-0.0613610959952941,0.021372234093164,1.3136735548658878,12.044926695765684,39.65759440492632,5.170796617022062
7.28,31.22151855903485,131.0118315337025,236.0449044692172,1.0917901000670347,-0.7542365314787436,-2.954949662546721,-1.0917679536878455,4.018294606980325,0.0,39.753480202939215,24.521225930979703,11.18399169348672,-17.008196068855316,101.51244915451484,946.2204858729484,15.288,0.0,17.717544215163908,0.117133414710254,1.2760742010745134e-05,-0.2025777385582092,-0.06331898674482,0.0216516489515371,1.3269549773516232,12.049835779606196,39.63500842732392,5.105915816126612
7.29,31.221517470489573,131.01183377406264,236.11290296494224,1.1042801763473775,-0.7562900727556952,-2.939969808442384,-1.0471706579463311,3.9587655306797567,0.0,39.73161311811544,24.515566469083733,11.061563546618755,-17.008389307403785,101.5114136490968,945.1735997199928,15.288,0.0,17.718393448938127,0.1170690737228003,1.278490159199166e-05,-0.2053344570516456,-0.0652801269707294,0.0219340730551937,1.3384089649061983,12.055664197698356,39.61281880101523,5.041013131138886
7.3,31.221516381943488,131.011836013755,236.179941866636,1.1152710547441231,-0.7572443637692825,-2.92458710843708,-1.0029610269510547,3.8991174325556255,0.0,39.70996954114644,24.509912017608176,10.93728964799283,-17.008698851777627,101.5097570246136,944.1380154356538,15.288,0.0,17.719230714692184,0.1170053899288406,1.2809585361911228e-05,-0.2081172004690307,-0.0672415924228699,0.0222190748948274,1.3480267534498904,12.06240371585998,39.59102533743941,4.9761689409904735
7.31,31.22151529339705,131.01183825278036,236.2460215413821,1.1247526768341018,-0.7571033135724045,-2.90878191669334,-0.9592050159736252,3.839447896719512,0.0,39.688549644283455,24.504262864224103,10.811156892263522,-17.009120969305346,101.5074847593554,943.1137232889796,15.288,0.0,17.72005601716996,0.1169423638399862,1.2834803156605453e-05,-0.2109219167685214,-0.0692004790780788,0.022506222700573,1.3558024849522163,12.070045223149693,39.56962759475488,4.911460745356215
7.32,31.22151420485084,131.0118404911398,236.3111423294324,1.1327173257108225,-0.7558724678016396,-2.8925356615342808,-0.915967164687654,3.7798534075532313,0.0,39.66735360627615,24.49861927586864,10.683154877618469,-17.00965173005584,101.50460325170852,942.100714030115,15.288,0.0,17.720869360563054,0.1168799959868978,1.2860563801793594e-05,-0.2137445475662164,-0.071153907244695,0.0227950850650004,1.3617331935277963,12.078578774506234,39.54862488069735,4.846962985481246
7.33,31.22151311630552,131.01184272883435,236.3753045193596,1.1391596204002732,-0.753558988051565,-2.875830822659984,-0.8733105176242892,3.7204292185359975,0.0,39.646381612392815,24.49298149835088,10.553275903656552,-17.010287019003876,101.50111980196483,941.0989788909612,15.288,0.0,17.721670748524957,0.1168182869193441,1.2886875104189549e-05,-0.2165810341201543,-0.0730990255900897,0.0230852315583045,1.3658187885066917,12.087993629758053,39.5280162558372,4.782746883422829
7.34,31.221512027761847,131.0118449658653,236.43850836296585,1.1440765068704917,-0.7501716291426765,-2.858650907217379,-0.8312965481716585,3.6612692249662793,0.0,39.6256338545263,24.4873497560184,10.421514965354216,-17.011022548679655,101.49704259286096,940.1085095892032,15.288,0.0,17.722460184298505,0.1167572372065227,1.2913743844585756e-05,-0.2194273232542719,-0.0750330150868896,0.0233762333350171,1.368062034493901,12.098278288876424,39.50780053725172,4.718880301302634
7.35,31.22151093922073,131.01184720223375,236.50075407130623,1.147467245677994,-0.7457207140375685,-2.8409804250241284,-0.7899850862570326,3.6024658407207,0.0,39.60511053098188,24.481724251482174,10.287869743165444,-17.011853872264787,101.49238066890028,939.1292983191322,15.288,0.0,17.723237670503444,0.1166968474364174,1.2941175772629675e-05,-0.2222793732151482,-0.0769530928733669,0.0236676637313991,1.368468528282946,12.109420523843744,39.48797630224681,4.655427622188784
7.36,31.22150985068315,131.0118494379413,236.56204181270263,1.14933339631022,-0.7402181069728053,-2.8228048632571348,-0.7494342496357002,3.5441098791647687,0.0,39.584811846627886,24.47610516540231,10.15234058930568,-17.012776397093205,101.487143914514,938.1613377568196,15.288,0.0,17.724003209348865,0.1166371182162664,1.2969175603298416e-05,-0.2251331594545415,-0.0788565160236544,0.023959098853149,1.3670466729962536,12.121407406405076,39.46854189272004,4.592449654176784
7.37,31.22150876215017,131.0118516729892,236.62237171373584,1.1496787982723002,-0.7336771843194284,-2.804110660875564,-0.7097003789668729,3.4862904383407813,0.0,39.56473801267838,24.470492656331285,10.014930510274583,-17.013785398515843,101.4813430311176,937.204621050669,15.288,0.0,17.7247568024491,0.1165780501719049,1.2997747015061545e-05,-0.2279846803309415,-0.0807405852237614,0.0242501181525178,1.3638076492412696,12.134225332508166,39.44949541951107,4.530003559248941
7.38,31.22150767362297,131.01185390737913,236.6817438671981,1.1485095489829855,-0.726112803724205,-2.7848851830601435,-0.6708379765871773,3.429094790527583,0.0,39.54488924676257,24.46488686061588,9.875645145676414,-17.014876034084082,101.47498951312258,936.2591418239338,15.288,0.0,17.7254984509795,0.1165196439479785,1.3026892649741344e-05,-0.2308299627235387,-0.0826026483494872,0.0245403049945107,1.358765383693885,12.147860042810402,39.43083476730734,4.46814280838056
7.39,31.22150658510284,131.01185614111273,236.7401583181777,1.1458339785390068,-0.7175412712354498,-2.765116695911116,-0.6328996490992553,3.372608276273141,0.0,39.52526577280365,24.459287892356475,9.734492743401308,-17.016043358006506,101.46809562296188,935.3248941691816,15.288,0.0,17.726228155633947,0.1164619002075788,1.3056614114040648e-05,-0.2336650675522093,-0.084440103942515,0.0248292472113779,1.351936515077765,12.162296639873082,39.41255759967468,4.406917164302326
7.4,31.22150549659112,131.01185837419163,236.7976150789679,1.141662621419594,-0.7079803065557235,-2.7447943416394085,-0.5959360537777445,3.3169142029822014,0.0,39.505867820807325,24.45369584342331,9.591484131234612,-17.017282335832515,101.4606743651908,934.4018726374828,15.288,0.0,17.726945916497403,0.116404819631631,1.308691198274486e-05,-0.2364860951973033,-0.0862504045810383,0.0251165376448444,1.3433403577879126,12.177519602080224,39.39466136429062,4.346372693181403
7.41,31.221504408089263,131.01186060661766,236.8541141151512,1.1360081851970822,-0.6974490067870683,-2.7239081144785384,-0.5599958487270347,3.2620937481281014,0.0,39.486695626962685,24.448110783528165,9.446632684966064,-17.018587859314092,101.45273945972484,933.4900722433669,15.288,0.0,17.727651733286645,0.1163484029191852,1.311778580357428e-05,-0.2392891908132211,-0.0880310601415861,0.0254017746758513,1.3329988635567016,12.193512794042746,39.37714329872611,4.286551806322884
7.42,31.22150331959884,131.0118628383927,236.9096553624972,1.1288855163324203,-0.6859678082192467,-2.7024488374966857,-0.5251256469240804,3.208225867161976,0.0,39.467749433364766,24.44253276035173,9.299954293073126,-17.01995476139749,101.44430531427616,932.5894884516972,15.288,0.0,17.72834560518036,0.1162926507865988,1.3149234103664248e-05,-0.2420705495299646,-0.0897796409489586,0.0256845627408369,1.320936581170018,12.210259474428414,39.36000043615553,4.2274933328240545
7.43,31.22150223112147,131.0118650695185,236.96423871006496,1.120311563129783,-0.6735584466723296,-2.6804081404973488,-0.491369974037923,3.1553872061678354,0.0,39.44902948794872,24.436961799724145,9.151467318058076,-17.021377831295126,101.43538699605156,931.7001171740912,15.288,0.0,17.729027530904062,0.116237563967348,1.3181254397673788e-05,-0.2448264215370226,-0.0914937808109988,0.0259645128344258,1.307180614813109,12.227742300835098,39.34322961150503,4.16923262386235
7.44,31.22150114265885,131.01186729999725,237.01786401312413,1.110305335934741,-0.6602439161911743,-2.657778439158048,-0.4587712300781147,3.1036520193128254,0.0,39.43053604427261,24.431397905859,9.001192554521156,-17.02285182958792,101.42600020277465,930.8219547588592,15.288,0.0,17.72969750865933,0.116183143211385,1.3213843197467535e-05,-0.247553117044174,-0.0931711799356643,0.0262412429978612,1.2917605812963109,12.245943332356298,39.32682746770802,4.111801689063488
7.45,31.221500054212765,131.0118695298308,237.0705310941484,1.098887864652773,-0.6460484264060141,-2.6345529155466454,-0.4273696548025003,3.053092091127972,0.0,39.41226936147542,24.425841061638888,8.849153184055673,-17.02437150330869,101.41616123309392,929.9549979886308,15.288,0.0,17.7303555362654,0.11612938928502,1.3246996023378856e-05,-0.2502470111139598,-0.0948096077274432,0.0265143787929093,1.2747085667625515,12.26484402978032,39.31079046234541,4.05522936510002
7.46,31.221498965785123,131.01187175902126,237.1222397289013,1.0860821536849332,-0.6309973583043125,-2.61072550011996,-0.3972032969385847,3.0037766636504863,0.0,39.39422970397025,24.42029122895161,8.695374727054963,-17.025931600956007,101.40588695643967,929.0992440666644,15.288,0.0,17.73100161101755,0.1160763029700075,1.3280707417001976e-05,-0.2529045483607968,-0.0964069054608688,0.026783553760571,1.2560590832774663,12.284425254189827,39.29511487427068,3.999541516369938
7.47,31.22149787737782,131.01187398757077,237.17298966929417,1.0719131343576285,-0.615117218861105,-2.586290855305568,-0.3683079871016803,2.9557723684448,0.0,39.37641734137669,24.414748349075428,8.539884991523465,-17.027526887390042,101.39519478239109,928.2546906127506,15.288,0.0,17.731635729828724,0.1160238850633616,1.3314970955495174e-05,-0.2555222475118852,-0.0979609888286397,0.0270484098644471,1.2358490261794564,12.304667263748,39.27979681065384,3.9447612672583725
7.48,31.22149678899289,131.0118762154815,237.22278062450417,1.0564076149490964,-0.5984355942649185,-2.5612443607287685,-0.3407173144563762,2.9091431635164064,0.0,39.35883254823931,24.409212343112465,8.382714018988352,-17.029152158561093,101.38410262961423,927.4213356504991,15.288,0.0,17.73225788914455,0.1159721363765205,1.3349779267352812e-05,-0.2580967058252787,-0.0994698503623781,0.0273085979181617,1.2141176328453596,12.325549709477546,39.26483221403255,3.8909092651422146
7.49,31.221495700632413,131.0118784427556,237.2716122728995,1.0395942284000768,-0.5809811020302591,-2.5355821001383485,-0.3144626070308491,2.863950275120408,0.0,39.34147560382189,24.40368311246808,8.223894027610251,-17.030802256022675,101.3726288944314,926.5991775977488,15.288,0.0,17.732868084957524,0.115921057734742,1.3385124049609116e-05,-0.2606246033606737,-0.1009315617239654,0.0275637779966202,1.1909064439988737,12.347051630058788,39.250216869614654,3.838003972916768
7.5,31.22149461229852,131.01188066939528,237.3194842610448,1.0215033778011953,-0.5627833420707395,-2.509300850060191,-0.2895729156391981,2.8202521444608246,0.0,39.32434679197914,24.398160539375866,8.063459352595311,-17.03247208118285,101.36079241908048,925.788215260772,15.288,0.0,17.733466312920264,0.1158706499767252,1.3420996086446524e-05,-0.2631027070986922,-0.1023442758657192,0.0278136198307817,1.1662592688094844,12.369151445986722,39.23594641282233,3.786061989445031
7.51,31.22149352399339,131.01188289540283,237.36639620072137,1.0021671797660023,-0.5438728466040942,-2.4823980701795065,-0.2660750014112494,2.778104379269568,0.0,39.30744640082816,24.392644487466548,7.901446384013014,-17.034156609247116,101.34861245972228,924.9884478190836,15.288,0.0,17.734052568246415,0.1158209139536428,1.345738526915707e-05,-0.2655278749046293,-0.1037062290579049,0.0280578031854296,1.1402221552451952,12.391826953715116,39.22201633682048,3.7350983959360007
7.52,31.22149243571929,131.0118851207805,237.4123476778691,0.9816194057788588,-0.5242810292003635,-2.454871895445247,-0.2439933268205793,2.7375597102443474,0.0,39.29077472253367,24.387134802377084,7.737893502127148,-17.035850902809333,101.33610865425268,924.1998748148676,15.288,0.0,17.734626845753116,0.1157718505285202,1.3494280617410004e-05,-0.2678970593328539,-0.1050157427820276,0.028296018219835,1.1128433677571723,12.415055319790646,39.20842200029463,3.685127125857808
7.53,31.22149134747856,131.01188734553057,237.4573382337055,0.9598954216243922,-0.504040132919429,-2.426721129863452,-0.2233500501806351,2.698667952318002,0.0,39.27433205303429,24.38163131240188,7.572841010349839,-17.037550125047265,101.323300989974,923.4224961414852,15.288,0.0,17.73518913984685,0.1157234605754137,1.3531670301784464e-05,-0.2702073112682593,-0.1062712254888022,0.0285279658309946,1.0841733747174134,12.438813075488756,39.19515863531423,3.6361613555932415
7.54,31.22149025927352,131.01188956965535,237.5013674044784,0.937032124989772,-0.4831831777731313,-2.3979452419321907,-0.2041650235080897,2.6614759707264675,0.0,39.25811869192155,24.37613382918125,7.406331065930592,-17.039249552482293,101.3102097711796,922.6563120371022,15.288,0.0,17.735739444693337,0.1156757449790706,1.3569541667518209e-05,-0.2724557834013823,-0.1074711742197159,0.0287533579792222,1.054264848874651,12.463076112045394,39.18222135545617,3.5882139126428463
7.55,31.22148917110661,131.01189179315716,237.54443467276627,0.9130678813738896,-0.4617439071822372,-2.368544361638945,-0.1864557937837646,2.6260276518318864,0.0,39.24213494191928,24.37064214842793,7.238407608494792,-17.040944587263517,101.29685558670327,921.9013230615828,15.288,0.0,17.736277753948546,0.1156287046333818,1.3607881259417332e-05,-0.2746397335340193,-0.1086141760913851,0.0289719179955843,1.0231726847888252,12.48781967737636,39.169605163688,3.5412976977758963
7.56,31.22148808298025,131.01189401603827,237.5865395122025,0.888042458364183,-0.4397567341299246,-2.338519278953636,-0.1702376073921691,2.5923638786544445,0.0,39.22638110880692,24.36515605068704,7.069116286548184,-17.042630768939954,101.28325927748332,921.1575300923954,15.288,0.0,17.736804060999365,0.1155823404411709,1.3646674847876878e-05,-0.2767565277124068,-0.1096989096417651,0.0291833808714605,0.9909540389121352,12.513018373681607,39.157304960744256,3.495426117136616
7.57,31.22148699489693,131.01189623830106,237.6276813626297,0.8619969584186618,-0.4172566866052063,-2.307871443706284,-0.1555234177733978,2.560522511056565,0.0,39.21085750113417,24.359675302131023,6.898504382065532,-17.044303785685337,101.26944190419005,920.4249343121628,15.288,0.0,17.737318358977795,0.1155366533133467,1.3685907455954386e-05,-0.2788036431852411,-0.110724146038115,0.0293874935296707,0.9576683992621174,12.538646156905072,39.14531555340731,3.4506135199089254
7.58,31.221485906859183,131.01189845994776,237.6678596440105,0.8349737502633598,-0.3942793524554267,-2.27660296673164,-0.1423238962062144,2.5305383705170725,0.0,39.19556442977436,24.35419965538464,6.726620733283502,-17.045959484943463,101.2554247149622,919.7035371878716,15.288,0.0,17.737820640605175,0.1154916441675938,1.3725563387449431e-05,-0.2807786711840593,-0.1116887501460514,0.0295840150769616,0.9233776942744508,12.56467633824981,39.1336316627212,3.4068756367413564
7.59,31.221484818869552,131.01190068098074,237.7070737454985,0.8070163989828318,-0.3708608240398961,-2.244716622167894,-0.130647445558559,2.5024432294293337,0.0,39.18050220774822,24.34872885037932,6.55351565581952,-17.0475938834638,101.24122911329752,918.9933404636524,15.288,0.0,17.738310898347944,0.1154473139278471,1.3765626255896616e-05,-0.2826793195237265,-0.1125916814597201,0.0297727170380813,0.8881464538712563,12.591081587532914,39.12224793250883,3.3642300137452743
7.6,31.221483730930608,131.01190290140224,237.74532304034247,0.7781695949399174,-0.3470376424405138,-2.212215850755573,-0.1205002170034282,2.4762658048466006,0.0,39.16567114987755,24.34326261523602,6.379240862239423,-17.04920317669965,101.2268766261394,918.2943461443892,15.288,0.0,17.73878912438933,0.1154036635232827,1.3806079014469007e-05,-0.2845034150210253,-0.1134319948929144,0.0299533835709331,0.8520420403232467,12.617833939057691,39.11115893779009,3.3226964364631115
7.61,31.22148264304496,131.0119051212145,237.78260688091973,0.7484790816187966,-0.3228467414741019,-2.179104763996897,-0.1118861295638322,2.4520317565959995,0.0,39.15107157249388,24.33780066717229,6.203849380198437,-17.050783747544227,101.21238887219997,917.6065564832768,15.288,0.0,17.739255310671826,0.1153606938874527,1.384690398666314e-05,-0.286248905729559,-0.1142088414316497,0.0301258116629536,0.8151349734644192,12.644904799953764,39.10035919328772,3.282297337813564
7.62,31.22148155521522,131.01190734041987,237.81892459575167,0.7179915825096956,-0.2983253914837964,-2.1453881490095217,-0.1048068924260028,2.4297636896731114,0.0,39.136703793066566,24.33234271343392,6.0273954692804566,-17.05233217438183,101.19778753055844,916.9299739646252,15.288,0.0,17.739709448854697,0.1153184059571963,1.3888082897757575e-05,-0.2879138629894532,-0.114921468648309,0.0302898113084691,0.7774993846501591,12.672264961296296,39.08984316188871,3.243058183607625
7.63,31.22148046744404,131.01190955902052,237.8542754964629,0.68675472713223,-0.2735111431083354,-2.111071473913697,-0.0992620298964851,2.409481160827454,0.0,39.122568129912096,24.32688845224633,5.849934536662223,-17.053845238434967,101.18309430957108,916.2646012912312,15.288,0.0,17.740151530370657,0.1152768006717797,1.3929596906947655e-05,-0.289496483290572,-0.1155692210779816,0.0304452056671542,0.7392136484790706,12.699884611970738,39.07960526319176,3.205007828841255
7.64,31.221479379734063,131.01191177701867,237.88865887877407,0.6548169763113448,-0.2484417710419371,-2.0761608935772164,-0.0952489089208704,2.3912006892405326,0.0,39.10866490190016,24.321437573787023,5.671523051728921,-17.055319930390368,101.16833091612725,915.6104413709209,15.288,0.0,17.74058154648247,0.1152358789720386,1.3971426640097556e-05,-0.2909950899482098,-0.1161515404577972,0.0305918312034575,0.7003612629905019,12.72773335549041,39.069639882054304,3.1681788375807263
7.65,31.221478292087948,131.01191399441646,237.9220740225004,0.6222275468264167,-0.2231552177701444,-2.0406632555362583,-0.0927627690918303,2.3749357711931167,0.0,39.09499442802739,24.31598976117392,5.492218459768912,-17.056753456289684,101.1535190252842,914.9674972977388,15.288,0.0,17.740999488198014,0.1151956417991163,1.4013552223059983e-05,-0.2924081345904884,-0.1166679658300135,0.0307295378069398,0.6610320820734982,12.755780229987169,39.05994137701208,3.132607758899615
7.66,31.221477204508343,131.011916211216,237.95452019254589,0.5890363355195232,-0.1976895375525787,-2.004586105917077,-0.0917967549974503,2.360696898617737,0.0,39.081557027126166,24.310544691468568,5.312079094875097,-17.058143242673555,101.13868025031152,914.335772338404,15.288,0.0,17.741405346341082,0.1151560900936181,1.4055953315459265e-05,-0.2937341984569231,-0.1171181335100296,0.0308581888936874,0.6213240547126473,12.783993731159423,39.05050408879608,3.0983353510243616
7.67,31.22147611699792,131.01191842741943,237.98599663592327,0.5552938429815152,-0.1720828406276249,-1.967937695172013,-0.0923419508359881,2.3484915814231324,0.0,39.06835301757063,24.305102036692887,5.131164092181044,-17.05948694097102,101.12383611317382,913.7152699209672,15.288,0.0,17.741799111622157,0.1151172247947227,1.4098609144914356e-05,-0.2949719935078972,-0.1175017769204382,0.0309776614888548,0.5813457051758555,12.812341838356764,39.04132234881273,3.0654067456013823
7.68,31.221475029559336,131.0119206430288,238.01650259665823,0.5210510969363256,-0.1463732376115114,-1.93072698343842,-0.0943874172167822,2.3383243734740704,0.0,39.055382716839645,24.299661464855767,4.949533299559599,-17.06078243112758,101.10900801547947,913.1059936125012,15.288,0.0,17.74218077455351,0.1150790468389355,1.4141498541597096e-05,-0.296120363345014,-0.1178187262926353,0.0310878462900694,0.5412197147844122,12.840792043962196,39.03239048745121,3.033871543867502
7.69,31.221473942195225,131.01192285804612,238.0460373008848,0.4863595754052312,-0.1205987843811897,-1.8929636453493173,-0.0979202299934227,2.3301969021096447,0.0,39.042646441230175,24.29422264098888,4.767247188911608,-17.062027824470082,101.09421720992032,912.507947109274,15.288,0.0,17.742550325534083,0.1150415571592058,1.418459997308087e-05,-0.2971782839425698,-0.118068908237499,0.0311886477123468,0.5010881699389631,12.86931138574779,39.02370284246587,3.003783836539761
7.7,31.22147285490824,131.0119250724733,238.0745999727442,0.4512711297774834,-0.0947974273368235,-1.8546580740996128,-0.1029255210743479,2.3241079010749623,0.0,39.03014450547898,24.28878522818753,4.584366767172041,-17.063221465807043,101.07948477222628,911.9211342182464,15.288,0.0,17.742907754835404,0.1150047566838381,1.4227891579399452e-05,-0.2981448641906704,-0.1182523451865981,0.0312799839141148,0.4611203736282905,12.897866482422224,39.01525376720775,2.9752021394437014
7.71,31.221471767701008,131.01192728631233,238.1021898164963,0.4158379078806844,-0.069006949219604,-1.815821384600124,-0.1093865210718483,2.320053246742084,0.0,39.01787722243423,24.283348888656395,4.400953487160203,-17.064361934767568,101.06483157365768,911.345558843651,15.288,0.0,17.74325305264401,0.1149686463355114,1.4271351208259104e-05,-0.2990193462506939,-0.1183691547062322,0.0313617868048295,0.4215246624565917,12.926423572160523,39.007037638819085,2.948189237393319
7.72,31.22147068057613,131.01192949956504,238.1288060403716,0.3801122771659367,-0.0432649154722875,-1.7764654155356534,-0.1172846037153752,2.318025997489413,0.0,39.00584490266242,24.277913284756018,4.217069158399672,-17.065448046383597,101.05027825405588,910.7812249681562,15.288,0.0,17.743586209033168,0.1149332270301431,1.431495645031598e-05,-0.2998011057241491,-0.1184195486858944,0.031434002034086,0.3825665546042083,12.954948554154102,38.99904886627797,2.9228119296149937
7.73,31.221469593536195,131.01193171223323,238.154447846632,0.3441467480925841,-0.0176086213420222,-1.7366027301686568,-0.1265993318884542,2.318016436112241,0.0,38.9940478541694,24.27247808004952,4.03277585803309,-17.06647885092315,101.03584519547177,910.2281366423964,15.288,0.0,17.743907214061988,0.114898499676044,1.4358684674482004e-05,-0.300489651636154,-0.1184038324035854,0.0314965889627317,0.3445969298174067,12.98340703289187,38.99128189844055,2.8991406711904015
7.74,31.221468506583744,131.01193392431864,238.17911443057747,0.3079938978452574,0.0079249604081576,-1.696246615714246,-0.1373085052377425,2.320012115125992,0.0,38.982486381956114,24.267042940345608,3.84813584195544,-17.067453632984442,101.02155249639031,909.686297964002,15.288,0.0,17.744216057690437,0.114864465172629,1.4402513063173303e-05,-0.3010846262350571,-0.1183224034701187,0.0315495206157682,0.3080958381772629,13.0117643653413,38.983731231822055,2.877249106571073
7.75,31.22146741972131,131.01193613582296,238.2028049855148,0.2717062944415125,0.0332992308465388,-1.655411081146545,-0.1493882091878828,2.323997904835678,0.0,38.97116078777905,24.26160753473784,3.663211456288255,-17.068371909863764,101.00741994656858,909.1557130681992,15.288,0.0,17.744512729920974,0.1148311244097005,1.444641864743792e-05,-0.3015858046099452,-0.1181757506549012,0.0315927836177305,0.2737391840836664,13.0399857105058,38.97639141843448,2.857213493302129
7.76,31.2214663329514,131.0119383467478,238.2255187107073,0.2353364213884166,0.0584780155587894,-1.6141108532748798,-0.1628128653442448,2.3299560440252125,0.0,38.96007136963145,24.256171536634955,3.4780650493156564,-17.06923342921146,100.9934670025032,908.6363861037064,15.288,0.0,17.744797220628612,0.1147984782659342,1.4490378341907312e-05,-0.3019930941280395,-0.1179644525956844,0.0316263781102787,0.2424930726959835,13.068036081703678,38.96925707324047,2.839112016612057
7.77,31.221465246276487,131.0119405570948,238.24725479249304,0.1989366029051372,0.0834256141455339,-1.572361370977143,-0.1775552830714787,2.33786619314731,0.0,38.94921842159462,24.250734624782364,3.2927588840016004,-17.070038165993324,100.97971276354208,908.1283212275086,15.288,0.0,17.74506951980165,0.1147665276084322,1.4534368979507367e-05,-0.3023065336941839,-0.1176891763951255,0.0316503176529077,0.2157210631884892,13.095880400724626,38.96232288179023,2.8230239985782637
7.78,31.221464159698968,131.0119427668654,238.26801242912885,0.1625589298966396,0.1081068489783911,-1.5301787774432167,-0.1935867122732623,2.347705489859277,0.0,38.93860223334936,24.245296484272213,3.107355051205684,-17.070786318776552,100.966175948655,907.6315225828832,15.288,0.0,17.74532961740006,0.1147352732912875,1.4578367345863828e-05,-0.3025262928349152,-0.1173506761067856,0.0316646291064094,0.1952241407367198,13.123483554418984,38.95558360740114,2.80902900896765
7.79,31.22146307322121,131.011944976061,238.2877908188653,0.1262551867096549,0.1324871127801339,-1.4875799103324767,-0.2108768971867301,2.3594486067831784,0.0,38.92822308986665,24.239856807538484,2.921915383713084,-17.07147830536139,100.95287487387588,907.1459942860084,15.288,0.0,17.745577503412143,0.1147047161546738,1.4622350213356556e-05,-0.3026526706097822,-0.1169497911136159,0.031669352499854,0.183011417166229,13.150810452982098,38.949034098331175,2.79720588864012
7.8,31.22146198684556,131.01194718468307,238.30658916789656,0.0900767787829091,0.1565324150997308,-1.4445822897411456,-0.2293941311273954,2.3730678113513752,0.0,38.91808127110311,24.23441529533733,2.7365013711918302,-17.07211475778151,100.93982743043011,906.6717404123964,15.288,0.0,17.745813167911162,0.1146748570239555,1.4666294374741154e-05,-0.3026860943528114,-0.1164874444019754,0.0316645408812585,0.1805995649668662,13.177826089914143,38.94266929478247,2.7876317002971307
7.81,31.221460900574296,131.0119493927328,238.3244066784343,0.0540746613026536,0.1802094277044496,-1.4012041038884175,-0.2491053121143757,2.388533027599705,0.0,38.90817705158422,24.22897165770765,2.5511740761885577,-17.072696516698194,100.92705106355828,906.2087649791924,15.288,0.0,17.74603660098454,0.1146456967084507,1.471017667631508e-05,-0.3026271182472661,-0.115964640734192,0.0316502601522493,0.1881475410041347,13.204495603559426,38.93648423562149,2.7803806252403565
7.82,31.221459814409634,131.01195160021152,238.3412425715652,0.018299268908158,0.2034855286296152,-1.3574641924579796,-0.2699759992343683,2.405811899786844,0.0,38.89851070017036,24.22352561491204,2.3659940512713447,-17.073224625214724,100.91456275204824,905.7570719345156,15.288,0.0,17.7462477928613,0.1146172360007546,1.4753974050565468e-05,-0.3024764217369792,-0.1153824647231056,0.0316265888872315,0.2043066866169308,13.23078433970359,38.93047406507015,2.7755228284278575
7.83,31.221458728353785,131.01195380712028,238.3570960653877,-0.0171995534113912,0.2263288450828168,-1.3133820275255328,-0.2919704697188713,2.424869857697616,0.0,38.88908247964952,24.2180768983549,2.1810212574255687,-17.073700322139313,100.90237898848652,905.3166651405006,15.288,0.0,17.746446733841296,0.1145894756755262,1.479766354822002e-05,-0.3022348077778066,-0.1147420788117946,0.0315936181372739,0.2269814292301424,13.256657915367882,38.924634039042274,2.7731233171616068
7.84,31.221457642408808,131.01195601346026,238.37196640085008,-0.0523726181873758,0.2487082949582507,-1.2689776920350293,-0.3150517766044996,2.445670183513332,0.0,38.87989264643649,24.21262525147608,1.996314983806432,-17.074125034726038,100.89051576023952,904.8875483586248,15.288,0.0,17.74663341433763,0.114562416488628,1.4841222369699029e-05,-0.3019032009328908,-0.1140447211619754,0.0315514512191771,0.2541627232486365,13.282082283287629,38.91895953136722,2.773240821016151
7.85,31.22145655657681,131.01195821923244,238.38585281591003,-0.0871714620110174,0.2705936269721647,-1.2242718557946035,-0.3391818069090454,2.468174080121768,0.0,38.87094145029052,24.20717043061782,1.8119337689481705,-17.074500370924543,100.87898853117449,904.4697252395656,15.288,0.0,17.74680782493337,0.1145360591762665,1.4884627895905986e-05,-0.3014826453156138,-0.1132917034546187,0.031500203490289,0.284288090238356,13.307023796930448,38.913446039814,2.7759267218018895
7.86,31.22145547085975,131.01196042443777,238.3987545664076,-0.1215484106438352,0.2919554594565684,-1.1792857489695103,-0.3643213402674859,2.4923407407407825,0.0,38.862229133937255,24.201712205863192,1.6279353235282883,-17.07482811117082,100.86781222413128,904.063199305601,15.288,0.0,17.74696995632485,0.1145104044538936,1.492785771828822e-05,-0.3009743023843222,-0.1124844086062434,0.0314400021091699,0.3162465471235574,13.331449275941164,38.90808919180764,2.7812240622886155
7.87,31.22145438525957,131.01196262907712,238.41067092407383,-0.1554566426544329,0.3127653176256313,-1.1340411330825289,-0.3904301079169796,2.5181274197472323,0.0,38.85375593279902,24.19625036184451,1.4443764547807187,-17.075110199752153,100.85700120415322,903.6679739383716,15.288,0.0,17.747119799378336,0.1144854530154237,1.4970889668175683e-05,-0.3003794485929949,-0.1116242884047339,0.031370985782824,0.3492687670139976,13.35532607157443,38.90288475001291,2.7891666609892685
7.88,31.221453299778105,131.01196483315127,238.42160117057065,-0.1888502514753235,0.3329956693861349,-1.0885602695315784,-0.4174668519890413,2.545489504590425,0.0,38.845522074667166,24.190784698517856,1.2613129926497544,-17.075348735779972,100.84656926248788,903.2840523661872,15.288,0.0,17.747257345115862,0.114461205532246,1.50137018453146e-05,-0.2996994729022462,-0.1107128610682894,0.0312933045008851,0.3828186669366755,13.37862213205016,38.89782861763001,2.799778357458374
7.89,31.221452214417152,131.011967036661,238.43154460742585,-0.2216843058373999,0.3526199595514311,-1.0428658856580109,-0.4453893850170775,2.5743805886870046,0.0,38.83752777947249,24.18531503190573,1.0787997177729696,-17.075545963805613,100.83652960136632,902.9114376526244,15.288,0.0,17.747382584800214,0.1144376626525745,1.505627264560034e-05,-0.2989358741551673,-0.1097517087313101,0.0312071192571509,0.4165142817014426,13.401306067451404,38.89291684353649,2.813072408446609
7.9,31.22145112917841,131.01196923960697,238.44050054411133,-0.2539149084671885,0.3716126425788525,-0.9969811384074624,-0.4741546496315537,2.604752545183436,0.0,38.82977325892215,24.17984119480216,0.8968902913778551,-17.075704264114524,100.82689481957011,902.5501326825648,15.288,0.0,17.74749550986408,0.1144148250003497,1.5098580787950947e-05,-0.2980902583226325,-0.1087424748610832,0.0311126017589919,0.450075363484637,13.423347214172068,38.88814562706259,2.8290510500425845
7.91,31.22145004406352,131.01197144198972,238.44846831890823,-0.2854992530202438,0.3899492136390484,-0.9509295756457689,-0.5037187783462453,2.6365556014944977,0.0,38.822258716233264,24.17436303744021,0.7156371871739354,-17.075826142734613,100.81767689879592,902.2001401482572,15.288,0.0,17.747596111938417,0.1143926931744919,1.514060534030692e-05,-0.2971643356228407,-0.10768686160913,0.0310099341250228,0.483289720734919,13.44471569846158,38.88351132260018,2.8477052349687613
7.92,31.221448959074017,131.01197364380982,238.45544728002767,-0.3163956791779623,0.407606238021302,-0.9047350952094088,-0.5340371533867128,2.669738414521273,0.0,38.81498434591512,24.168880428122247,0.5350916253184043,-17.075914221195177,100.80888719082564,901.8614625425528,15.288,0.0,17.747684382923236,0.1143712677482242,1.5182325744727732e-05,-0.2961599175199419,-0.1065866271011887,0.0308993085718073,0.5159916494236412,13.465382498905168,38.879010443998,2.8690145478319766
7.93,31.221447874211403,131.01197584506767,238.4614367995222,-0.3465637258190678,0.4245613789336968,-0.8584219017684801,-0.5650644665275879,2.704248146451959,0.0,38.807950333468014,24.163393253806603,0.3553035085297691,-17.07597122607317,100.8005364055116,901.5341021438104,15.288,0.0,17.74776031495928,0.1143505492682155,1.5223721841555136e-05,-0.2950789136067248,-0.1054435826697799,0.0307809270896665,0.5480479744091762,13.48531950775903,38.87463966862046,2.8929472947768646
7.94,31.221446789477064,131.01197804576367,238.46643626633025,-0.3759641822250804,0.4407934236119851,-0.8120144616130957,-0.5967547788764335,2.7400305410633266,0.0,38.80115685509385,24.15790142065451,0.176321360420909,-17.07599997836312,100.79263459958553,901.2180610050676,15.288,0.0,17.7478239003997,0.1143305382537028,1.5264773892632677e-05,-0.2939233283764403,-0.1042595900333101,0.0306550011084521,0.5793488758342372,13.50449959085127,38.87039584115183,2.9194607580751026
7.95,31.221445704872288,131.01198024589817,238.47044509820049,-0.4045591372904882,0.4562823076054031,-0.7655374554778959,-0.6290615805321818,2.7770300004502166,0.0,38.794604077567584,24.152404854532755,-0.0018077338816265,-17.076003382707665,100.7851911662994,900.9133409471046,15.288,0.0,17.747875131951673,0.1143112351961401,1.5305462603565707e-05,-0.2926952578888844,-0.103036558425775,0.0305217511536584,0.6098017545582816,13.522896645697749,38.866275977274206,2.9485016010241116
7.96,31.22144462039832,131.01198244547135,238.4734627277793,-0.4323120266027883,0.4710091375109456,-0.7190157295243287,-0.6619378501416359,2.815189662087254,0.0,38.78829215785117,24.14690350147104,-0.1790381847674416,-17.075984416524943,100.77821482590754,900.6199435426779,15.288,0.0,17.747914002520634,0.1142926405580417,1.534576914498961e-05,-0.2913968863359593,-0.1017764416810984,0.0303814064932836,0.6393270570560394,13.540485658073324,38.86227726684374,2.9800064044019234
7.97,31.22144353605628,131.01198464448353,238.47548861254805,-0.4591876774334062,0.4849562118103061,-0.6724742446316456,-0.6953361142393545,2.854451476174931,0.0,38.78222124292144,24.14139732807404,-0.3553259527618575,-17.075946119069386,100.77171361699708,900.3378701087806,15.288,0.0,17.747940505281054,0.1142747547724838,1.538567517285994e-05,-0.2900304825119832,-0.1004812352761782,0.0302342047761586,0.6678553849512151,13.557242756384058,38.85839707698236,3.0139023128322573
7.98,31.221442451847206,131.01198684293468,238.47652223879808,-0.4851523515652828,0.4981070398896821,-0.6259380241436955,-0.7292085063576058,2.8947562831981406,0.0,38.776391469671616,24.13588632188598,-0.5306286006782645,-17.075891580461608,100.76569488867584,900.0671217027907,15.288,0.0,17.747954633818086,0.1142575782428155,1.542516284772369e-05,-0.2885983961940982,-0.0991529733366344,0.03008039166223,0.6953254616548322,13.573145263813506,38.85463295495737,3.050107767756464
7.99,31.221441367772083,131.01198904082497,238.47656311169345,-0.5101737858374056,0.5104463594866232,-0.57943210022293,-0.7635068259274935,2.9360438916172527,0.0,38.77080296451889,24.13037049170781,-0.7049053432506549,-17.07582393072248,100.76016529362488,899.8076991052216,15.288,0.0,17.747956381929296,0.1142411113414994,1.5464214852999032e-05,-0.287103054438119,-0.097793725609429,0.0299202204450222,0.7216826806493722,13.588171748456029,38.85098263051994,3.0885333032864666
8.0,31.22144028383176,131.0119912381543,238.47561076520816,-0.5342212304874892,0.5219601521260159,-0.5329814589984438,-0.798182596846917,2.978253155666783,0.0,38.765455843326485,24.12484986786392,-0.878117094197353,-17.07574632884651,100.75513078202344,899.5596028162493,15.288,0.0,17.74794574376625,0.1142253544098909,1.550281441222187e-05,-0.2855469577952762,-0.0964055944063012,0.029753951667244,0.7468780546061975,13.602302070669426,38.84744401824211,3.1290823819107976
8.01,31.22143920002701,131.0119934349227,238.4736647621264,-0.5572654851660018,0.532635656848308,-0.4866109846773412,-0.8331871257531234,3.021322053187802,0.0,38.76035021119838,24.119324502420405,-1.0502265106704871,-17.075661951948202,100.7505965963531,899.3228330474844,15.288,0.0,17.74792271382039,0.1142103077576243,1.5540945305286865e-05,-0.2839326764552499,-0.0949907115222079,0.0295818527297771,0.7708674451650148,13.615517427956682,38.844015219458335,3.171652248593524
8.02,31.22143811635851,131.01199563113002,238.47072468410312,-0.5792789326094506,0.5424613821325694,-0.4403454028082065,-0.8684715599539641,3.065187763452132,0.0,38.755486162271936,24.11379446935224,-1.2211980350496787,-17.07557398451432,100.74656726708822,899.0973897123091,15.288,0.0,17.747887286894706,0.1141959716620118,1.5578591883666335e-05,-0.2822628463209796,-0.0935512351327531,0.0294041974945875,0.7936109917999804,13.627800397114816,38.84069452392162,3.216134784090971
8.03,31.22143703282685,131.0119978267761,238.46679014955487,-0.6002355670657447,0.5514271150356846,-0.4048685353870654,-0.9040902279192256,3.10990060511714,0.0,38.75085578392455,24.10825230021552,-1.3909979340421423,-17.07548560779454,100.74304660927902,898.8829014787518,15.288,0.0006666666644422,17.74783945816035,0.1141823228078259,1.561573908460954e-05,-0.2805401650207287,-0.0920893466746373,0.0292212598528551,0.8150726809413298,13.639137574924217,38.8374724154367,3.2638595933148626
8.04,31.22143594943513,131.01200002184527,238.46186081762937,-0.6201104919768999,0.5595237716158544,-0.4121558552908532,-0.9403405049432813,3.1558498956937924,0.0,38.746102113813656,24.10236035187302,-1.55959433693632,-17.075399989339445,100.74003771921086,898.6628058583918,15.288,0.0039999999866626,17.747779223284105,0.1141683093785607,1.5652372686281804e-05,-0.2787673995721307,-0.0906072576759566,0.0290330591786664,0.8352195215748738,13.649630459216606,38.8339905053972,3.3186595604909583
8.05,31.221434866192183,131.0120022162868,238.4559364359048,-0.6388793310234224,0.5667432282846546,-0.4195750265857505,-0.9767782152904,3.2025780013492886,0.0,38.74105768763684,24.09596034110149,-1.72695728651684,-17.075320272541028,100.7375429655857,898.4293376863143,15.288,0.007333333308883,17.747706578994826,0.1141534379282702,1.5688479722013452e-05,-0.276947405035288,-0.0891072241659276,0.0288397717404048,0.8540207106397709,13.659320018839043,38.83008005404808,3.3744102802603506
8.06,31.22143378310756,131.01200441004542,238.4490168105781,-0.6565192742460544,0.5730786366162108,-0.4271470076327888,-1.01334823715904,3.250011249853542,0.0,38.7357230017087,24.08905293641388,-1.8930587867439124,-17.075249566344183,100.73556398301906,898.1825251735441,15.288,0.0106666666311034,17.747621522871007,0.1141377099198049,1.5724047952802764e-05,-0.2750830983378017,-0.0875915223948334,0.0286417077406367,0.8714483964453568,13.668194041565927,38.82574048250306,3.431020597440004
8.07,31.22143270019061,131.0120066030659,238.44110180547145,-0.673009271410296,0.5785244781492286,-0.4348923505972929,-1.0499955078358856,3.298075231133139,0.0,38.73009856771869,24.08163886466156,-2.057872836299085,-17.07519093531924,100.7341016719166,897.9223975208973,15.288,0.0139999999533237,17.74752405307175,0.1141211268614614,1.575906578526787e-05,-0.2731774493286909,-0.0860624414712743,0.0284391829352876,0.88747769443772,13.676241878374707,38.82097143610356,3.4883982217197462
8.08,31.22143161745067,131.01200879529307,238.43219134600787,-0.6883300551300631,0.5830765660845955,-0.4428311385919177,-1.0866651085937875,3.346694915761045,0.0,38.72418491276648,24.073718910849085,-2.2213754581528384,-17.075147390033663,100.73315619975132,897.6489849196716,15.288,0.0173333332755441,17.747414168605786,0.1141036903070672,1.5793522283419095e-05,-0.2712334759325061,-0.0845222797645432,0.0282325181017122,0.9020865758917962,13.683454469973968,38.81577278471482,3.546449962247119
8.09,31.221430534896896,131.01201098667184,238.4222854082805,-0.7024641610205945,0.5867320452042109,-0.4509829232221881,-1.1233023490009566,3.395794773691875,0.0,38.7179825790017,24.065293917883903,-2.383544725864045,-17.075121877741935,100.73272700339824,897.3623185322423,15.288,0.0206666665977645,17.747291869147432,0.1140854018549252,1.582740717929167e-05,-0.2692542392541272,-0.0829733413116077,0.0280220385012207,0.9152557791090424,13.68982436999796,38.810144622347785,3.6050819559813267
8.1,31.22142945253836,131.0120131771469,238.4113840359436,-0.7153959450171774,0.5894893895780332,-0.4593666628296919,-1.1598528504283474,3.445298893115033,0.0,38.7114921235136,24.056364786257845,-2.5443607865887308,-17.075117273419504,100.73281279252608,897.0624304832081,15.288,0.0239999999199849,17.7471571551215,0.1140662631475083,1.586071088245186e-05,-0.2672428386426978,-0.0814179322344959,0.0278080733375342,0.9269687372786516,13.695345764146152,38.804087266684505,3.6641998892617362
8.11,31.22142837038404,131.0120153666632,238.39948732531008,-0.7271115977701526,0.5913483983021846,-0.4680006616997653,-1.1962626286866067,3.495131099240469,0.0,38.704714118143954,24.046932473664395,-2.7038058807816805,-17.075136371163875,100.73341155404232,896.7493538503529,15.288,0.0273333332422052,17.74701002768918,0.1140462758708772,1.589342448838164e-05,-0.2652024067229983,-0.0798583571741847,0.0275909552120183,0.9372115187812666,13.700014485537586,38.79760125821842,3.7237092121997786
8.12,31.22142728844277,131.01201755516564,238.38659543826776,-0.7375991561367246,0.5923101892090556,-0.4769025105011088,-1.232478175666045,3.545215072856449,0.0,38.697649149333365,24.03699799454825,-2.8618643585789414,-17.07518187598472,100.73452055758926,896.4231226537504,15.288,0.0306666665644256,17.746850488762178,0.1140254417542468,1.592553978574904e-05,-0.2631361044027305,-0.0782969157465563,0.0273710195765359,0.9459727766577172,13.703828026115351,38.79068735911058,3.783515345657253
8.13,31.221426206723315,131.01201974259916,238.3727085923424,-0.7468485117577502,0.5923771905949725,-0.4860890282298942,-1.2684465398693172,3.595474468493911,0.0,38.69029781796706,24.02656241959105,-3.0185226928558344,-17.0752563960028,100.7361363620828,896.0837718458616,15.288,0.033999999886646,17.746678541002737,0.1140037625695337,1.5957049262577297e-05,-0.2610471158639957,-0.0767358990263174,0.0271486041849825,0.95324370474313,13.70678554410155,38.78334655173492,3.843523880693796
8.14,31.221425125234312,131.01202192890884,238.3578270626849,-0.7548514167140358,0.5915531310193098,-0.4955762059218692,-1.3041154057327815,3.6458330320330594,0.0,38.68266073917936,24.01562687513202,-3.173769488959568,-17.075362435074837,100.73825482328898,895.7313373011389,15.288,0.0373333332088664,17.74649418776697,0.1139812401307611,1.5987946111326346e-05,-0.2589386435472639,-0.0751775860645284,0.0269240485444372,0.9590179985464652,13.708887867516587,38.775580036880406,3.90364077046145
8.15,31.22142404398429,131.0120241140397,238.34195118803527,-0.7616014863196644,0.5898430270712574,-0.5053791523962897,-1.339433171598768,3.696214717601468,0.0,38.67473854230798,24.00419254252476,-3.327595491121445,-17.075502385860986,100.74087110242644,895.365855809855,15.288,0.0406666665310867,17.746297433204,0.1139578762939443,1.601822423289902e-05,-0.2568139031361427,-0.0736242404451614,0.0266976933668884,0.9632918193464992,13.710137493559818,38.76738923178463,3.9637725145963696
8.16,31.22142296298165,131.0120262979368,238.3250813697272,-0.7670941989955883,0.5872531693164241,-0.515512042275089,-1.3743490262684648,3.7465438035863294,0.0,38.66653187073308,23.99226065743252,-3.4799935855589856,-17.075678523347175,100.7439796757846,894.9873650681016,15.288,0.0439999998533071,17.74608828221347,0.1139336729566133,1.604787823958467e-05,-0.2546761185510403,-0.072078106886314,0.0264698800224005,0.9660637604151932,13.710538584113296,38.75877576776746,4.023826336203743
8.17,31.22142188223473,131.01202848054544,238.3072180617505,-0.7713268932754056,0.5837911063725313,-0.5259880665262763,-1.4088130240111687,3.7967450076097617,0.0,38.65804138172527,23.979832509061364,-3.63095880028332,-17.07589299883518,100.74757434534446,894.5959036690401,15.288,0.0473333331755275,17.745866740403063,0.1139086320573478,1.60769034569546e-05,-0.2525285169598615,-0.0705414078913328,0.0262409499947201,0.9673348144495252,13.710096957255724,38.749741487580536,4.083710351575047
8.18,31.221420801751712,131.01203066181088,238.2883617787029,-0.774298761988301,0.5794656270865579,-0.5368193857656673,-1.4427761579097549,3.846743600312796,0.0,38.64926774639378,23.966909439333644,-3.780488301632324,-17.0761478344089,100.75164825038564,894.1915110963636,15.288,0.0506666664977479,17.74563281414516,0.113882755575644,1.610529592473001e-05,-0.2503743238137682,-0.0690163404550037,0.0260112443401986,0.96710834151222,13.708820074716124,38.74028844255973,4.143333732794658
8.19,31.2214197215407,131.01203284167846,238.2685131027451,-0.7760108436117962,0.5742867409508838,-0.5480170865377816,-1.4761904314600085,3.8964655177822656,0.0,38.640211649593695,23.953492842003094,-3.928581387555572,-17.07644491788461,100.75619388006449,893.7742277178771,15.288,0.0539999998199682,17.745386510576804,0.1138560455316285,1.6133052396632785e-05,-0.2482167579158782,-0.0675050728299725,0.0257811031509641,0.965390036997778,13.7067170254423,38.73041888946081,4.2026068634048634
8.2,31.221418641609723,131.01203502009366,238.2476726677004,-0.7764660108277159,0.5682656567895655,-0.5595911407816437,-1.509008928316587,3.9458374724636016,0.0,38.63087378980602,23.939584161714,-4.075239477681482,-17.076785998250458,100.76120308694212,893.3440947764858,15.288,0.0573333331421886,17.74512783755726,0.1138285039857124,1.616017033924352e-05,-0.2460590265306542,-0.0660097413584124,0.0255508650231356,0.962187899240704,13.70379850531379,38.72013528699709,4.2614414872996225
8.21,31.221417561966632,131.01203719700203,238.22584116203643,-0.7756689563304622,0.5614147597232104,-0.5715503686823664,-1.541185880081943,3.994787062404857,0.0,38.621254879039725,23.925184893004324,-4.220466100202668,-17.07717268159834,100.76666710144312,892.9011543836137,15.288,0.060666666464409,17.744856803639657,0.1138001330382868,1.618664792987652e-05,-0.2439043205417713,-0.0645324473735114,0.0253208665310727,0.9575121964907262,13.70007679300377,38.70944029212927,4.3197508510170035
8.22,31.22141648261924,131.0120393723492,238.20301934774864,-0.7736261759536583,0.5537475864102741,-0.5839024050927971,-1.5726767320205428,4.043242878685294,0.0,38.61135564283301,23.91029657925662,-4.364266875619832,-17.077606427549572,100.7725765472214,892.4454495146072,15.288,0.0639999997866294,17.74457341814183,0.1137709348297504,1.6212484053498785e-05,-0.2417558096658669,-0.0630752541756882,0.0250914417084383,0.951375433074914,13.695565721983696,38.69833675618437,4.377449839592832
8.23,31.22141540357522,131.01204154608092,238.1792080325304,-0.7703459491233445,0.5452787986978753,-0.5966536696900064,-1.6034382066238064,4.091134610863561,0.0,38.60117682022665,23.89492081159836,-4.50664949738957,-17.07808854617332,100.77892145740796,891.9770240060298,15.288,0.0673333331088497,17.744277691174595,0.1137409115404049,1.6237678298701143e-05,-0.2396166377296192,-0.0616401840879232,0.0248629215369903,0.9437923146879528,13.690280648870797,38.68682772069742,4.434455106123103
8.24,31.221414324842176,131.01204371814313,238.15440808567777,-0.7658383166386905,0.5360241558341156,-0.6098093409913251,-1.6334283649532688,4.138393150277096,0.0,38.59071916355632,23.87905922775339,-4.647623709525776,-17.07862019539567,100.78569129171518,891.4959225416862,15.288,0.0706666664310701,17.743969633457702,0.1137100653898607,1.6262230952749642e-05,-0.2374899180173868,-0.0602292155945367,0.0246356334436504,0.9347797128342532,13.684238418354708,38.674916412846656,4.490685195162825
8.25,31.221413246427616,131.01204588848177,238.12862043510697,-0.7601150559992977,0.5260004849318057,-0.6233733344155431,-1.6626066655821612,4.184950691088254,0.0,38.57998343860982,23.862713510847225,-4.787201281209606,-17.07920237889428,100.79287495436796,891.0021906575131,15.288,0.0739999997532905,17.743649256532223,0.1136783986374861,1.628614299573584e-05,-0.2353787286964706,-0.0588442805675947,0.0244099008071337,0.9243566284222474,13.67745732426932,38.662606240979095,4.546060660103277
8.26,31.221412168338905,131.0120480570429,238.10184606536484,-0.7531896541046348,0.515225650245589,-0.6373482844320542,-1.6909340211644217,4.230740828859981,0.0,38.56897042438744,23.845885388168565,-4.92539597846599,-17.079835944473015,100.80046081283253,890.4958747265209,15.288,0.0773333330755109,17.743316572519817,0.113645913581711,1.6309416093834297e-05,-0.2332861083269046,-0.0574872615849138,0.0241860424743197,0.9125441547779004,13.669957067659732,38.649900789553165,4.6005041746076705
8.27,31.221411090583384,131.01205022377297,238.07408601465124,-0.7450772776477901,0.5037185207539902,-0.651735530972613,-1.7183728524067057,4.275698656586301,0.0,38.55768091331574,23.82857662988968,-5.062223532970709,-17.080521582908094,100.80843671730987,889.9770219665646,15.288,0.0806666663977312,17.74297159437764,0.1136126125606379,1.633205259170031e-05,-0.2312150514624674,-0.0561599893435022,0.0239643722877539,0.8993654402313851,13.661758711134102,38.63680381426855,4.653940638228469
8.28,31.221410013168235,131.01205238861817,238.0453413787912,-0.735794740997016,0.4914989366887275,-0.6665351100932994,-1.7448871394966623,4.319760857952197,0.0,38.54611571103858,23.81078904774837,-5.1977016080544685,-17.081259827256506,100.81679002096172,889.4456804253267,15.288,0.0839999997199516,17.742614335671767,0.1135784979514539,1.6354055504017303e-05,-0.2291685043494484,-0.0548642401720343,0.0237451986243086,0.8848456507319908,13.652884630483316,38.62331923660785,4.706297276252727
8.29,31.22140893610061,131.01205455152515,238.01561330825487,-0.7253604718614327,0.4785876745816001,-0.6817457490227709,-1.7704424707866575,4.3628657977441625,0.0,38.534275636520846,23.79252449369364,-5.331849761975923,-17.082051052615682,100.82550760083204,888.9018989838643,15.288,0.087333333042172,17.742244810690465,0.1135435721707028,1.6375428506222294e-05,-0.2271493607294613,-0.0536017336458233,0.0235288239463675,0.8690119328948266,13.643358462985908,38.60945113845796,4.757503733871535
8.3,31.221407859387536,131.0120567124406,237.9849030071646,-0.7137944746774125,0.4650064111779025,-0.6973648655767518,-1.795006088721629,4.40495360922728,0.0,38.52216152203415,23.773784858498946,-5.464689408538431,-17.08289547632179,100.8345758794292,888.345727350767,15.288,0.0906666663643924,17.741863034415886,0.1135078376742673,1.6396175924420922e-05,-0.2251604577524517,-0.052374130307463,0.0233155443657231,0.8518933781653775,13.633205052967972,38.59520375643521,4.80749216470844
8.31,31.22140678303593,131.01205887131135,237.95321173726848,-0.7011182918135664,0.4507776862320314,-0.7133885719737474,-1.818546932923106,4.445966278357552,0.0,38.50977421309936,23.754572070345265,-5.5962437751294445,-17.083793158573208,100.84398084692914,887.7772160569857,15.288,0.0939999996866127,17.74146902243909,0.1134712969571827,1.6416302724518183e-05,-0.2232045720057548,-0.0511830294962125,0.0231056492210568,0.8335209889216313,13.622450394698314,38.58058147599125,4.856197313758913
8.32,31.221405707052725,131.0120610280844,237.9205408070113,-0.687354962745033,0.435924864096273,-0.7298116830622515,-1.841035680318884,4.485847724711418,0.0,38.49711456861483,23.734888093377265,-5.726537858265451,-17.08474400346387,100.85370808396124,887.1964164580995,15.288,0.0973333330088331,17.74106279107336,0.1134339525540146,1.6435814500579414e-05,-0.2212844156648925,-0.0500299672889086,0.0228994206696628,0.8139276475944414,13.611121572561869,38.56558882551486,4.903556594783013
8.33,31.22140463144468,131.01206318270695,237.88689157948173,-0.6725289811539619,0.4204720944251102,-0.7466277288970234,-1.8624447823105124,4.524543878965007,0.0,38.484183460788245,23.714734926235035,-5.855598376727601,-17.085747760410754,100.86374278493552,886.6033807268867,15.288,0.1006666663310535,17.74064435724087,0.1133958070386656,1.6454717462446775e-05,-0.2194026327714928,-0.0489164145550875,0.0226971332937813,0.7931480902504163,13.599246699054447,38.55023047009767,4.949510162166888
8.34,31.22140355621849,131.01206533512632,237.85226546645288,-0.6566662501405466,0.4044442718497401,-0.7638289716542696,-1.8827484988648004,4.562002756821072,0.0,38.47098177518957,23.694114600564586,-5.9834537223783215,-17.086804025958607,100.87406978186966,885.9981618526908,15.288,0.1039999996532739,17.74021373848688,0.1133568630245211,1.647301842262757e-05,-0.2175617956435815,-0.0478437751286054,0.0224990537223524,0.7712188865173482,13.586854850470097,38.53451120525887,4.9940009772885645
8.35,31.22140248138083,131.01206748529012,237.81666393533783,-0.639794035614024,0.3878669947381977,-0.7814064268130335,-1.9019229294768043,4.598174529254769,0.0,38.45751041086249,23.673029179512184,-6.11013390875038,-17.087912245943663,100.88467356867268,885.3808136426442,15.288,0.1073333329754942,17.739770953050538,0.1133171231647786,1.649072478247917e-05,-0.2157644014230923,-0.0468133840980871,0.0223054402686177,0.7481784283658965,13.573976000533817,38.51843595058397,5.0369748694054115
8.36,31.221401406938256,131.01206963314596,237.78008849925044,-0.6219409178582884,0.3707665232744853,-0.7993498884886023,-1.9199460409928528,4.633011588931071,0.0,38.443770280237366,23.65148075620172,-6.235670517504038,-17.089071717998383,100.89553832584224,884.7513907135858,15.288,0.1106666662977146,17.73931601970909,0.1132765901521927,1.650784451770353e-05,-0.2140128687653305,-0.045826506218063,0.022116542583942,0.7240669311523634,13.56064095241777,38.502009743057386,5.078380591066455
8.37,31.22140033289728,131.0120717786418,237.7425407130333,-0.603136741510165,0.3531697366555438,-0.8176479588664868,-1.936797692176505,4.666468612719823,0.0,38.42976230926751,23.62947145220293,-6.36009664285062,-17.09028159437774,100.90664794552998,884.1099484954797,15.288,0.113999999619935,17.738848957862867,0.1132352667194608,1.6524386163180957e-05,-0.2123095346748045,-0.0448843344425299,0.0219326013286068,0.6989264515359948,13.5468812689403,38.48523773047906,5.118169868083516
8.38,31.22139925926432,131.01207392172574,237.70402219213724,-0.5834125639335221,0.335104089676216,-0.8362880815719825,-1.952459655021061,4.698502620169202,0.0,38.415487437480095,23.60700341598944,-6.483446834042784,-17.091540885087568,100.91798605693064,883.4565432285096,15.288,0.1173333329421554,17.738369787521112,0.1131931556393913,1.654035879715972e-05,-0.2106566514915296,-0.0439879885825124,0.0217538478597323,0.672800928677954,13.532729201449136,38.468125164698726,5.156297444058203
8.39,31.22139818604576,131.012076062346,237.66453458280915,-0.562800602101705,0.3165975687430905,-0.8552565788543028,-1.9669156327631043,4.729073027840652,0.0,38.40094661799587,23.58407882139335,-6.605757036035138,-17.092848461294977,100.92953605194856,882.7912319610984,15.288,0.1206666662643757,17.737878529245343,0.1131502597249431,1.6555772024821164e-05,-0.2090563840316526,-0.0431385140889312,0.0215805039368799,0.6457362577014822,13.518217617553766,38.45067739472848,5.192721119483638
8.4,31.22139711324789,131.01207820045113,237.62407958991872,-0.5413341781121058,0.2976786473307146,-0.874538692426989,-1.980151274550596,4.758141699415705,0.0,38.38614081760287,23.560699866056904,-6.727064528420055,-17.094203059000876,100.94128111109562,882.1140725481353,15.288,0.1239999995865961,17.737375204149345,0.1131065818294587,1.65706359612479e-05,-0.2075108068860024,-0.0423368809617998,0.0214127814456395,0.6177804081991634,13.5033799278399,38.432899859820814,5.227401785435555
8.41,31.221396040876986,131.01208033598982,237.58265895211184,-0.5190476634229638,0.2783762409721995,-0.8941186278045968,-1.99215418674432,4.785672991485408,0.0,38.37107101686007,23.536868769886304,-6.84740786274676,-17.095603282954052,100.9532042295744,881.4251236532235,15.288,0.1273333329088165,17.736859833927507,0.1130621248469438,1.6584961213809278e-05,-0.2060219018798304,-0.0415839827866222,0.0212508821396356,0.5889836063447923,13.488250011812772,38.41479808250268,5.260303451872619
8.42,31.221394968939244,131.012082468911,237.54027445572703,-0.4959764218611122,0.2587196619396747,-0.9139796019174236,-2.002913940854216,4.811633794926098,0.0,38.35573821010395,23.51258777351018,-6.96682679833261,-17.09704761078668,100.9652882434989,880.7244447436974,15.288,0.1306666662310369,17.73633244076983,0.1130168917121022,1.6598758863997824e-05,-0.2045915556967322,-0.0408806358985981,0.0210949974010478,0.5593986079616018,13.472862143417585,38.396377661462815,5.291393270554006
8.43,31.2213938974408,131.01208459916373,237.496927925848,-0.4721567515880192,0.2387385735317452,-0.9341038938453672,-2.0124220780592847,4.835993571814337,0.0,38.340143405596486,23.487859136745115,-7.08536223667774,-17.098534397351102,100.97751585620748,880.0120960933301,15.288,0.1339999995532572,17.73579304743276,0.1129708854007683,1.6612040448726423e-05,-0.203221557669452,-0.0402275786750091,0.0209453080201364,0.5290811037757186,13.4572509161345,38.37764426451803,5.320641552612535
8.44,31.22139282638777,131.0120867266974,237.45262123127608,-0.4476258260019474,0.2184629442584972,-0.9544728984147274,-2.0206721103601475,4.858724387782961,0.0,38.324287625487166,23.462685137073063,-7.203056154595797,-17.100061879237852,100.98986966462007,879.2881387773267,15.288,0.1373333328754776,17.73524167709757,0.1129241089297782,1.6624817941121157e-05,-0.201913597739911,-0.0396254709560091,0.0208019839938044,0.498090320236049,13.44145116819538,38.358603621376496,5.348021780792638
8.45,31.22139175578623,131.01208885146153,237.4073562726024,-0.4224216338407056,0.1979230017065902,-0.9750671824807196,-2.027659518293848,4.879800939807176,0.0,38.30817190602985,23.43706806813219,-7.31995153617427,-17.101628179455332,101.00233218559424,878.5526346764169,15.288,0.140666666197698,17.734678353511963,0.1128765653576304,1.6637103730827876e-05,-0.2006692645906125,-0.0390748935936368,0.0206651843435508,0.4664899158253376,13.425497907725669,38.339261516604935,5.373510616405399
8.46,31.221390685642163,131.0120909734059,237.3611350000978,-0.3965829184062197,0.1771491864755065,-0.9958665436142096,-2.0333817452977208,4.89920057932855,0.0,38.291797297574,23.411010238225224,-7.436092303679443,-17.103231312252152,101.01488588223305,877.8056464733584,15.288,0.1439999995199184,17.734103100876776,0.112828257784438,1.664891060385908e-05,-0.1994900439490409,-0.0385763481289938,0.0205350569528192,0.434349334378081,13.409426238510225,38.31962378238066,5.397087901016002
8.47,31.221389615961588,131.01209309248057,237.3139593878741,-0.3701491161182706,0.1561721060648118,-1.0168500709703012,-2.037838188696537,4.9169033307058205,0.0,38.27516486462083,23.38451396884763,-7.5515232475220975,-17.104869188062903,101.02751319009975,877.047237650699,15.288,0.1473333328421387,17.733515943803532,0.1127791893520988,1.6660251722009844e-05,-0.1983773170667074,-0.0381302565967595,0.0204117384239287,0.4017458843180772,13.393271286327716,38.29969629130006,5.418736652915353
8.48,31.221388546750408,131.0120952086358,237.2658314527663,-0.3431602945322548,0.1350224887397793,-1.0379962081081568,-2.041030187319317,4.932891904980026,0.0,38.25827568601908,23.35758159323897,-7.66628995539988,-17.106539618559786,101.04019654329385,876.2774724951825,15.288,0.1506666661643591,17.732916907427686,0.1127293632448706,1.6671140601859914e-05,-0.1973323593738063,-0.0377369614565909,0.0202953539547336,0.3687680059563881,13.377068126012182,38.27948494932284,5.438443058432543
8.49,31.221387478014563,131.01209732182198,237.21675324538907,-0.315657089756669,0.1137311377173829,-1.059282817441522,-2.0429610058518946,4.9471517088908685,0.0,38.24113085488376,23.330215454960136,-7.780438740733896,-17.108240321792437,101.0529184003438,875.4964160897708,15.288,0.1539999994865795,17.7323060172104,0.1126787826891257,1.668159109339951e-05,-0.196356339310375,-0.0373967256503391,0.0201860172348409,0.3355205494968465,13.360851709870216,38.25899568848891,5.456196458114396
8.5,31.221386409759926,131.01209943198987,237.16672684715448,-0.2876806436054754,0.0923288853592231,-1.0806872461397516,-2.043635815864069,4.9596708492048895,0.0,38.22373147883032,23.3024179064992,-7.894016570516235,-17.109968927399176,101.0656612698732,874.7041343191987,15.288,0.1573333328087999,17.73168329909431,0.1126274509540472,1.6691617358299464e-05,-0.1954503173344601,-0.0371097327839275,0.0200838303616775,0.3021335865813205,13.344656797099164,38.238234459951485,5.471989327868273
8.51,31.221385341992367,131.01210153909048,237.11575436927995,-0.2592725403714137,0.0708465477950262,-1.1021863931401377,-2.043061673651724,4.97044013230187,0.0,38.206078679981616,23.274191307909007,-8.007070992686241,-17.1117229818737,101.07840773599716,873.9006938664951,15.288,0.1606666661310202,17.73104877940438,0.1125753713516346,1.6701233847857418e-05,-0.1946152451074671,-0.0368760874325364,0.0199888837761391,0.2687776948812535,13.328517884947956,38.21720722685004,5.485817255101091
8.52,31.221384274717725,131.01210364307497,237.06383795477507,-0.2304747434393336,0.0493148798496806,-1.12375677703641,-2.04124749489732,4.979453059069972,0.0,38.18817359504921,23.245538025478048,-8.119650063152449,-17.11349995387237,101.0911404834071,873.0861622112245,15.288,0.1639999994532406,17.730402484833764,0.1125225472369522,1.6710455280645548e-05,-0.1938519648565584,-0.0366958155675309,0.0199012562178419,0.2356916452083516,13.312469141539069,38.19591995730519,5.4976789099438275
8.53,31.22138320794179,131.01210574389475,237.0109797774481,-0.201329531800267,0.0277645304094373,-1.145374604569,-2.0382040262288044,4.986705815127337,0.0,38.17001737538882,23.21646043043888,-8.231802272576948,-17.115297239547736,101.1038423221034,872.2606076278192,15.288,0.167333332775461,17.729744442401312,0.1124689820082823,1.6719296619896295e-05,-0.1931612089136335,-0.0365688651033876,0.0198210146998883,0.2032349535647596,13.296544340649811,38.17437861745636,5.507576011636308
8.54,31.2213821416704,131.01210784150152,236.9571820389253,-0.1718794366262943,0.0062259981954447,-1.1670158394627497,-2.0339438137228707,4.992197256424819,0.0,38.15161118717948,23.186960897714663,-8.34357647303883,-17.11711216789492,101.11649621173584,871.4240991885598,15.288,0.1706666660976814,17.729074679550703,0.1124146791076559,1.6727773050645796e-05,-0.1925435994302131,-0.036495106562538,0.0197482145030372,0.1719921616599204,13.280776798499092,38.15258916468717,5.515513290165655
8.55,31.22138107590932,131.01210993584726,236.9024469626881,-0.1421671778630553,-0.0152704117678792,-1.188656271296734,-2.0284811684864548,4.995928890243463,0.0,38.13295621138636,23.157041804707223,-8.455021804691837,-17.118942006098788,101.12908528551428,870.5767067572611,15.288,0.1739999994199017,17.72839322400883,0.1123596420207372,1.6735899956679967e-05,-0.1919996482670611,-0.0364743338561223,0.0196828991889586,0.1429849343760083,13.265199313056186,38.13055754074339,5.521498443227753
8.56,31.22138001066431,131.01211202688413,236.8467768030169,-0.1122356010893035,-0.0366946311604141,-1.2102715841938207,-2.0218321293417807,4.997904851687553,0.0,38.11405364387252,23.126705530128906,-8.566187622531181,-17.12078396487041,101.1415928736512,869.7185009889614,15.288,0.1773333327421221,17.727700103814122,0.1123038742771577,1.6743692897303907e-05,-0.191529757057301,-0.0365062651781255,0.019625100632531,0.1180818545987869,13.249844105689345,38.108289665082566,5.525542088634175
8.57,31.221378945941183,131.01211411456458,236.7901738271046,-0.0821276146640038,-0.0580168706744744,-1.2318374250529085,-2.014014422732584,4.998131875727505,0.0,38.09490469548184,23.095954452879333,-8.67712342338297,-17.122635203762336,101.15400252630197,868.8495533300284,15.288,0.1806666660643425,17.726995347316553,0.112247379450738,1.6751167583971906e-05,-0.1911342174412422,-0.0365905440105466,0.0195748390728952,0.1005529714500411,13.234742765485,38.085791428304425,5.527657712259252
8.58,31.22137788174568,131.0121161988413,236.7326403399001,-0.0518861272407489,-0.0792076615348187,-1.2533294710426814,-2.0050474199602184,4.996619264869218,0.0,38.07551059205591,23.06479095097063,-8.787878773227945,-17.124492836453747,101.16629803596724,867.9699360118717,15.288,0.1839999993865629,17.726278983106816,0.112190161159566,1.6758339856811975e-05,-0.190813211471054,-0.0367267402367646,0.0195321231828638,0.0946890813714007,13.219926196426307,38.06306868563963,5.527861611630257
8.59,31.221376818083566,131.01211827966728,236.6741786592644,-0.021553985820396,-0.1002378962957855,-1.2747234961687288,-1.9949520918173744,4.99337885256671,0.0,38.05587257457236,23.03321740050064,-8.89850323497107,-17.12635393599653,101.17846345932604,867.0797220537521,15.288,0.1873333327087833,17.725551040087165,0.112132223066377,1.6765225661078636e-05,-0.1905668121829715,-0.0369143513603414,0.019496950156626,0.1025290675142007,13.205424567378769,38.04012725067357,5.5261728352985475
8.6,31.22137575496063,131.01212035699564,236.6147911159709,0.008826085671222,-0.121078868690929,-1.2959954366122517,-1.983750960775764,4.988424962452132,0.0,38.035991899153466,23.00123617467881,-9.00904629676469,-17.128215540015336,101.19048313846748,866.1789852578084,15.288,0.1906666660310036,17.724811547400567,0.1120735688785807,1.6771841023565808e-05,-0.190394984334526,-0.0371528038262164,0.0194693058151605,0.1214001322727997,13.191267265252684,38.01697288908985,5.522613118091299
8.61,31.221374692382625,131.01212243077993,236.5544800715932,0.0392115471370698,-0.1417023125730123,-1.3171214546336516,-1.9714680508216065,4.981774363509366,0.0,38.01586983708259,22.968849642903788,-9.119557300993426,-17.130074655854894,101.20234172149232,865.2678002033425,15.288,0.193999999353224,17.724060534374086,0.1120142023483253,1.6778202029019827e-05,-0.190297585304106,-0.0374414544409639,0.0194491647290871,0.1470275065502265,13.177482851308133,37.99361131256481,5.517206812381222
8.62,31.22137363035532,131.01212450097384,236.49324790061868,0.0695601022355696,-0.1620804399847319,-1.3380780008706932,-1.9581288350259067,4.973446221338674,0.0,37.99550767497784,22.93606016989469,-9.230085374025029,-17.13192826566924,101.21402418245576,864.3462422514493,15.288,0.1973333326754444,17.723298030646333,0.1119541272729772,1.678432479658376e-05,-0.1902743661495669,-0.0377795918891311,0.0194364903587112,0.1763764835282832,13.164099020548129,37.97004817295639,5.5099808155312076
8.63,31.221372568884508,131.01212656753137,236.431096989452,0.0998297576026696,-0.1821859780092761,-1.358841874706386,-1.9437601810663123,4.963462045581264,0.0,37.97490671466028,22.90287011487936,-9.340679356830208,-17.133773331448182,101.22551584062684,863.4143875317748,15.288,0.2006666659976647,17.722524065955035,0.1118933474947591,1.6790225456311437e-05,-0.1903249728228062,-0.0381664383418573,0.019431235210463,0.2077442598438638,13.151142564724292,37.94628905637976,5.5009644936029405
8.64,31.221371507976,131.01212863040675,236.3680297453631,0.1299788809940279,-0.2019922047726563,-1.3793902826596371,-1.9283902947081013,4.951845633728578,0.0,37.95406827336669,22.869281830838048,-9.451387736571675,-17.135606799977214,101.23680237903804,862.4723129479676,15.288,0.2039999993198851,17.721738670321137,0.1118318669013573,1.6795920125785617e-05,-0.1904489475365859,-0.0386011511544288,0.0194333410097534,0.2401984394224441,13.13863933837337,37.92233947776132,5.490189601543558
8.65,31.221370447635582,131.0121306895545,236.30404858754005,0.1599662585905652,-0.2214729840901774,-1.399700894463153,-1.9120486615096284,4.938623011373427,0.0,37.932993683591896,22.83529766380469,-9.562258579260329,-17.13742560772823,101.24786986230475,861.5200961647814,15.288,0.2073333326421055,17.72094187382223,0.1117696894254592,1.6801424886880457e-05,-0.1906457302798902,-0.039082824648953,0.0194427388893123,0.2732020481649846,13.126614228621904,37.89820487523597,5.477690199929971
8.66,31.221369387869096,131.01213274492935,236.23915594709177,0.1897511510421656,-0.2406027991954754,-1.4197518968101177,-1.8947659867516315,4.923822369155244,0.0,37.91168429331446,22.80091995222776,-9.673339463573594,-17.13922668567846,101.2587047536916,860.5578156131421,15.288,0.2106666659643259,17.72013370680496,0.1117068190454119,1.680675576270144e-05,-0.1909146604777229,-0.0396104919784511,0.0194593495929341,0.306422901656554,13.115091128041408,37.8738906050724,5.463502568503136
8.67,31.221368328682395,131.01213479648635,236.1733542610833,0.2192933485042393,-0.2593567850504729,-1.4395220444692098,-1.8765741338629,4.907473996470232,0.0,37.890141465888206,22.766151026389768,-9.78467741592788,-17.141006964056686,101.26929393140864,859.5855504789326,15.288,0.2139999992865462,17.719314199729254,0.1116432597849115,1.68119286947423e-05,-0.191254978791196,-0.0401831270683388,0.0194830836937108,0.3396397888804104,13.104092911260434,37.849401936487936,5.447665116582297
8.68,31.221367270081345,131.01213684418084,236.1066459874449,0.2485532244043145,-0.2777107594644012,-1.458990708715348,-1.8575060614071428,4.8896102121687095,0.0,37.86836658001479,22.730993207886726,-9.896318846894973,-17.142763377015704,101.2796247041184,858.603380696656,15.288,0.2173333326087666,17.718483383111693,0.1115790157129134,1.6816959520292407e-05,-0.1916658290533892,-0.0407996466314153,0.0195138418264655,0.3726948986663555,13.093641414909015,37.824744046732135,5.43021829056867
8.69,31.22136621207184,131.0121388879683,236.03903358410147,0.2774917878148675,-0.2956412530455446,-1.4781379229678286,-1.837595758759181,4.870265292427847,0.0,37.84636102989658,22.69544880916864,-10.008309489048049,-17.14449286723106,101.28968482564008,857.6113869515077,15.288,0.220666665930987,17.717641287681257,0.1115140909440683,1.6821863950136116e-05,-0.1921462603363915,-0.0414589122522268,0.0195515149338572,0.4054685677365119,13.0837574207658,37.79992201653476,5.411204478723076
8.7,31.221365154659782,131.01214092780452,235.97051951990392,0.3060707345941319,-0.3131255376491454,-1.4969444254173656,-1.8168781807020915,4.849475395918216,0.0,37.82412622509274,22.659520133139743,-10.120694336320252,-17.146192390426602,101.29946250883565,856.6096506655952,15.288,0.2239999992532074,17.716787944209425,0.1114484896383211,1.6826657546579222e-05,-0.1926952291446773,-0.0421597325367013,0.0195959845252646,0.4378652352710166,13.07446064252673,37.774940825493886,5.390667913340202
8.71,31.221364097851136,131.01214296364563,235.90110627363728,0.3342524970056509,-0.3301416535834639,-1.5153916986612956,-1.7953891810101676,4.827278486507246,0.0,37.80166359054385,22.623209472821262,-10.23351758495568,-17.14785891982755,101.30894643866723,855.5982539944872,15.288,0.2273333325754277,17.715923383538467,0.1113822160009632,1.6831355701836833e-05,-0.1933116017299088,-0.0429008653227548,0.0196471229482123,0.4698052859536803,13.065769715672763,37.74980534782824,5.368654570556353
8.72,31.22136304165187,131.01214499544795,235.8307963250752,0.362000291814856,-0.3466684354666623,-1.53346200622557,-1.773165445185947,4.803714253672877,0.0,37.778974566636926,22.586519111074512,-10.346822576128591,-17.14948945054254,101.3181257844154,854.5772798242419,15.288,0.2306666658976481,17.715047636666426,0.1113152742828251,1.6835973616819074e-05,-0.1939941565219727,-0.0436810199476769,0.019704793671563,0.5012201275884406,13.057702190475933,37.72452034838261,5.34521206796127
8.73,31.22136198606796,131.01214702316807,235.75959216392528,0.3892781669450224,-0.3626855365239468,-1.5511384258540075,-1.7502444225529288,4.778824030779089,0.0,37.756060609024125,22.549451320384502,-10.460651740303652,-17.151081003876612,101.3269902110498,853.5468117572361,15.288,0.2339999992198685,17.714160734563023,0.1112476687797429,1.6840526280354285e-05,-0.1947415866710082,-0.0444988595679497,0.0197688515797294,0.5320491195705203,13.050274528330776,37.699090478632456,5.320389560172279
8.74,31.22136093110546,131.01214904676283,235.6874962798902,0.4160510463628092,-0.3781734516504142,-1.5684048796329126,-1.7266642577500844,4.7526507114808645,0.0,37.73292318874579,22.512008362705696,-10.57504654340588,-17.15263063157665,101.33552988974584,852.5069341118494,15.288,0.2373333325420889,17.713262708339585,0.1111794038329199,1.6845028448881206e-05,-0.1955525026950258,-0.0453530035271488,0.0198391432775557,0.5622376001506587,13.043502100755989,37.67352027318736,5.294237632633007
8.75,31.221359876770453,131.01215106618935,235.6145111616756,0.4422847734656241,-0.3931135388067056,-1.5852461607820985,-1.7024637218933936,4.72523866436564,0.0,37.70956379200664,22.474192489367727,-10.690047434866017,-17.154135420012217,101.3437355075428,851.4577319069735,15.288,0.2406666658643092,17.712353589036645,0.1111104838282576,1.68494946266453e-05,-0.1964254352275896,-0.0462420297675642,0.0199155074048886,0.5917355876310153,13.037399191581724,37.647814146210095,5.266808193759619
8.76,31.221358823069,131.012153081405,235.54063931289,0.4679461525876652,-0.4074880391483749,-1.6016479572273463,-1.677682143429138,4.6966336461170135,0.0,37.68598392026655,22.43600594104059,-10.805693797602151,-17.15559249429352,101.35159827613998,850.3992908595136,15.288,0.2439999991865296,17.71143340777969,0.1110409131966328,1.6853939046431315e-05,-0.1973588378599974,-0.0471644772810797,0.019997774960487,0.6204969071631994,13.031979001529512,37.62197638834952,5.238154365719849
8.77,31.22135777000727,131.0121550923674,235.46588322123645,0.493002988828622,-0.4212800955571849,-1.6175968718593343,-1.652359338911351,4.666882713329955,0.0,37.662185090148064,22.397450947760422,-10.922023899995793,-17.15699902232943,101.35910993982948,849.3316973751578,15.288,0.24733333250875,17.71050219573669,0.1109706964136092,1.685837565086895e-05,-0.1983510900721805,-0.0481188485949928,0.0200857696344014,0.6484785932211186,13.027253655529748,37.59601116374184,5.20833037399843
8.78,31.221356717591423,131.01215709903448,235.3902453913112,0.5174241261067621,-0.4344737696309193,-1.6330804394969396,-1.6265355438260485,4.636034133188554,0.0,37.63816883327144,22.358529729013803,-11.039074849915863,-17.158352218828117,101.36626278256576,848.2550385341934,15.288,0.2506666658309704,17.70955998400482,0.110899837998963,1.6862818074339677e-05,-0.1994005002465861,-0.0491036122883161,0.0201793081481362,0.6756404747444026,13.02323421250752,37.56992250718173,5.1773914359729805
8.79,31.221355665827687,131.01215910136435,235.31372831379124,0.5411794832614164,-0.4470540572901189,-1.6480871406527804,-1.6002513435518777,4.604137293236616,0.0,37.61393669627893,22.31924449387958,-11.156882550840452,-17.159649349242486,101.37304963417397,847.1694020869481,15.288,0.2539999991531907,17.70860680372372,0.1108283425167469,1.6867279625516636e-05,-0.2005053087592481,-0.0501172055340849,0.0202782006021254,0.7019448837095865,13.01993067720638,37.54371432170029,5.145393648759718
8.8,31.221354614722287,131.01216109931536,235.2363344902842,0.5642400883199882,-0.4590069028018482,-1.6626064120713997,-1.5735476046449277,4.571242610396725,0.0,37.58949024074968,22.27959744122809,-11.275481660122068,-17.16088773366324,101.37946387569998,846.0748764442809,15.288,0.2573333324754111,17.707642686075534,0.1107562145750335,1.6871773270567988e-05,-0.2016636911420173,-0.0511580366634618,0.0203822508296462,0.727356448509367,13.017352014173897,37.51739037628259,5.11239387651728
8.81,31.221353564281543,131.01216309284624,235.15806640748687,0.5865781109448733,-0.4703192111601949,-1.6766286540643842,-1.5464654066011048,4.53740143941341,0.0,37.56483104291789,22.23959075997707,-11.394905549438649,-17.16206475066165,101.38549944390677,844.9715506584637,15.288,0.2606666657976315,17.706667662072466,0.1106834588250896,1.6876311617048733e-05,-0.2028737613101787,-0.052224487747062,0.0204912567564367,0.7518419464720616,13.015506163817172,37.49095430364656,5.0784496374222865
8.82,31.22135251451176,131.01216508191587,235.07892655606733,0.6081668927092235,-0.4809788592113272,-1.69014523485712,-1.5190459741058864,4.502665980997757,0.0,37.539960693803714,22.199226629401046,-11.515186267467476,-17.16317784108413,101.39115083492425,843.8595144232829,15.288,0.2639999991198518,17.70568176282584,0.1106100799617565,1.688090689851687e-05,-0.2041335748494141,-0.0533149171892743,0.0206050107656897,0.7753701980769069,13.014400059729986,37.464409598632095,5.043618990644716
8.83,31.22135146541933,131.0121670664834,234.9989174266929,0.6289866545954605,-0.4909681119778241,-1.7031459084840668,-1.4913327310204496,4.467087539899666,0.0,37.514870384357806,22.158507227050297,-11.636354505234252,-17.16422451202763,101.39641310818736,842.7383901469353,15.288,0.2673333324420723,17.70467313237397,0.1105360520364968,1.688557096979578e-05,-0.2054411375860421,-0.0544276556102281,0.0207232948417979,0.7979124107464726,13.014050119378092,37.437750237474575,5.007958704834314
8.84,31.22135041701065,131.0121690465083,234.91804149810065,0.6490080821880939,-0.5002828374529364,-1.7156260902996123,-1.4633654367681768,4.43072091359934,0.0,37.48957119934565,22.117434724820967,-11.758439565832957,-17.16520234191392,101.40128189512868,841.6086946485891,15.288,0.2706666657642926,17.703652560227642,0.1104614077171643,1.6890315298303656e-05,-0.2067944070336056,-0.0555610110737529,0.0208458974011329,0.8194410922003315,13.014451806230918,37.41098795354971,4.971528849101755
8.85,31.22134936929221,131.01217102195017,234.83630125002065,0.6682077185319081,-0.5089144392059514,-1.7275802512110048,-1.4351851876234507,4.3936204104478005,0.0,37.464065642163405,22.07601127605137,-11.88146933233475,-17.166108983290215,101.40575339583114,840.4705585502846,15.288,0.273999999086513,17.70262106643477,0.1103861543868983,1.6895150926583277e-05,-0.2081912843001667,-0.0567132864709532,0.0209725969274861,0.8399307824240829,13.015608269356184,37.38412660011653,4.9343885495825655
8.86,31.22134832227045,131.0121729927689,234.7536991512468,0.6865638500292419,-0.5168547710318867,-1.7390036126324375,-1.4068331229671545,4.355840693129164,0.0,37.43835536259931,22.03423902622628,-12.005470238453745,-17.16694216579925,101.40982437610276,839.3240740498112,15.288,0.2773333324087334,17.701578682178653,0.1103102969137213,1.6900088469130866e-05,-0.209629625665066,-0.0578827716135643,0.0211031673708777,0.8593578930696213,13.017522606623087,37.35716910611804,4.896596894226249
8.87,31.221347275951967,131.01217495892476,234.67023767057248,0.7040560568994687,-0.5240966905413796,-1.7498923423133883,-1.3783502009074768,4.317436812175656,0.0,37.41244202448576,21.992120113520983,-12.130467242757469,-17.167699699749935,101.41349216700311,838.1693339229273,15.288,0.2806666657309537,17.700525438671292,0.110233840207035,1.690513810108583e-05,-0.2111072461788404,-0.0590677456933822,0.0212373790149705,0.8777006590499282,13.020197015808552,37.33011825688375,4.8582129546941655
8.88,31.22134623034332,131.01217692037807,234.58591926983084,0.720665231532343,-0.5306340609604081,-1.7602435420238458,-1.349777136476612,4.278464115668266,0.0,37.38632730539216,21.949656669409464,-12.256483805246951,-17.168379479648042,101.416754663596,837.0064315030336,15.288,0.2839999990531741,17.6994613669956,0.1101567892167217,1.691030954760502e-05,-0.2126219231813815,-0.0602664798657653,0.0213749988585272,0.8949391228269652,13.023632818587304,37.30297669354445,4.819295678255558
8.89,31.22134518545112,131.01217887708955,234.5007463999226,0.736373594684339,-0.5364617515562959,-1.7700552329355637,-1.3211543411388555,4.238978159815956,0.0,37.3600128964722,21.906850819318684,-12.38354186631282,-17.16897948768372,101.41961032293494,835.8354606689996,15.288,0.2873333323753945,17.698386498134063,0.1100791489326819,1.6915612074103562e-05,-0.2141713998380251,-0.0614772398171565,0.0215157909974633,0.911055122377717,13.027830484774649,37.275746912817056,4.779903781473983
8.9,31.22134414128202,131.01218082902002,234.41472150379417,0.751164709618313,-0.5415756365996007,-1.779326338777018,-1.2925218637332,4.19903462053892,0.0,37.33350050228703,21.86370468332316,-12.51166182807312,-17.16949779717536,101.4220581612967,834.6565158307292,15.288,0.2906666656976149,17.69730086298313,0.11000092438432,1.692105447736646e-05,-0.2157533886878224,-0.0626982883127671,0.0216595170067031,0.9260322815528024,13.032789656828484,37.24843126699475,4.740095645931462
8.91,31.22134309784276,131.01218277613074,234.32784702637943,0.7650234941525527,-0.5459725929073284,-1.7880566669271891,-1.2639193329251912,4.158689206212507,0.0,37.30679184065604,21.820220376881004,-12.640862538095543,-17.169932575968076,101.42409775067937,833.4696919164337,15.288,0.2939999990198352,17.696204492410548,0.1099221206401035,1.692664507754927e-05,-0.2173655751982532,-0.0639278877207364,0.0218059363212781,0.939856001823781,13.038509174409397,37.221031964187226,4.6999292162918
8.92,31.221342055140063,131.012184718383,234.2401253927333,0.7779362307800953,-0.5496504958264709,-1.7962468875236963,-1.2353859012972424,4.117997571668664,0.0,37.27988864227251,21.77640001160811,-12.77116127550214,-17.17028208978528,101.42572921458256,832.2750843499708,15.288,0.2973333323420556,17.695097417054562,0.1098427428064213,1.6932391711074384e-05,-0.2190056213207952,-0.0651643025090677,0.0219548066159093,0.9525134547029548,13.044987099112843,37.19355106857031,4.659461900942166
8.93,31.221341013180737,131.01218665573847,234.1515590259216,0.7898905745079936,-0.5526082140647113,-1.803898510882048,-1.2069601910363528,4.077015233684968,0.0,37.25279265069608,21.732245696087567,-12.902573739451004,-17.170544705530357,101.42695322308909,831.0727890438745,15.288,0.300666665664276,17.693979667567767,0.1097627960275708,1.6938301724429444e-05,-0.2206711690418994,-0.0664058017116981,0.0221058841827886,0.9639935742011924,13.052220738616937,37.165990501192894,4.618750475616568
8.94,31.221339971971567,131.01218858815903,234.0621503450336,0.8008755588618754,-0.554845602919032,-1.811013863195428,-1.178680241425926,4.035797487973873,0.0,37.22550562197292,21.68775953671424,-13.035114039986524,-17.170718894535646,101.42777098726496,829.8629023766035,15.288,0.3039999989864964,17.692851274444976,0.109682285484635,1.694438196887755e-05,-0.222359843923747,-0.0676506613604689,0.0222589243065716,0.9742870489623016,13.060206670881756,37.13835204066283,4.577850990164505
8.95,31.22133893151945,131.0121905156068,233.9719017472929,0.8108815997283357,-0.5563634963012568,-1.8175960608145247,-1.15058345809666,3.994399327880581,0.0,37.198029324471634,21.642943638571136,-13.168794691244983,-17.170803235755436,101.42818425290032,828.6455211798157,15.288,0.3073333323087167,17.69171226810928,0.1096012163949893,1.6950638796073498e-05,-0.2240692586296793,-0.0688971668793852,0.0224136816363604,0.983386313689013,13.068940767685694,37.11063732423684,4.53681867886595
8.96,31.22133789183128,131.0121924380441,233.8808156319096,0.8199004973090837,-0.5571636973104431,-1.823648983137712,-1.1227065641750251,3.9528753648370407,0.0,37.170365538495936,21.597800106335026,-13.303626606999604,-17.17079641889873,101.42819529360922,827.4207427148377,15.288,0.3106666656309371,17.690562678754276,0.1095195940111662,1.6957078054603024e-05,-0.225797016428941,-0.0701436154380889,0.0225699105538137,0.9912855396560578,13.078418217844847,37.08284784891502,4.4957078745039105
8.97,31.22133685291396,131.01219435543356,233.78889438517217,0.8279254358621838,-0.5572489677445192,-1.8291772444237648,-1.0950855532696468,3.911279750772004,0.0,37.14251605625029,21.552331045209645,-13.439619098525847,-17.17069724749712,101.42780690331035,826.1886646648081,15.288,0.3139999989531575,17.689402536602245,0.109437423620759,1.6963705087421293e-05,-0.2275407146756414,-0.0713883182614057,0.0227273655372095,0.9979806240560448,13.08863354943791,37.0549849730543,4.454571926604926
8.98,31.2213358147745,131.01219626773795,233.69614038740545,0.8349509817098258,-0.5566230161025186,-1.8341861644800337,-1.067755644488937,3.869666102452282,0.0,37.11448268139669,21.506538561884607,-13.57677987476346,-17.17050464190318,101.42702238810996,824.9493851099246,15.288,0.3173333322753779,17.68823187170333,0.1093547105451037,1.6970524730210487e-05,-0.2292979482569605,-0.0726296028919456,0.0228858015205148,1.0034691781456988,13.099580651736172,37.02704991780963,4.413463123985086
8.99,31.22133477741988,131.01219817492037,233.60255600303188,0.8409730791787644,-0.555290484486972,-1.8386817385217449,-1.0407512394164031,3.828087427946348,0.0,37.086267228801646,21.460424765516787,-13.715115044749489,-17.170217642213608,101.42584555760838,823.7030025100462,15.288,0.3206666655975982,17.687050713964265,0.1092714601385373,1.6977541310634765e-05,-0.2310663130057749,-0.0738658154028303,0.023044974247251,1.0077505140278824,13.111252796164658,36.999043768937554,4.372432621998995
9.0,31.221333740857126,131.0122000769441,233.50814359349107,0.8459890446050324,-0.55325693433087,-1.842670606311149,-1.0141058811106742,3.786596055269415,0.0,37.0578715242994,21.41399176873287,-13.854629122292693,-17.16983541111124,101.42428071565264,822.44961568807,15.288,0.3239999989198186,17.685859093205693,0.1091876777877056,1.6984758648500468e-05,-0.2328434090729102,-0.0750953225578608,0.0232046406185867,1.0108256300273186,13.123642656419124,36.97096747880017,4.331530374734575
9.01,31.22133270509333,131.01220197377268,233.41290550332664,0.8499975585100297,-0.5505288309050137,-1.8461600206946,-0.9878522151853772,3.745243563268231,0.0,37.02929740434574,21.36724168864948,-13.995325032857254,-17.16935723661988,101.42233265055737,821.189323810132,15.288,0.327333332242039,17.684657039104845,0.1091033689105226,1.6992180056788363e-05,-0.2346268442544542,-0.0763165139164618,0.0233645590351531,1.012697194666213,13.13674232783082,36.94282186845073,4.290805072391411
9.02,31.221331670135577,131.01220386536988,233.3168440770812,0.8529986558830148,-0.5471135267459494,-1.849157815694365,-0.9620219529640264,3.704080714845371,0.0,37.00054671572644,21.320176647910014,-14.13720412261992,-17.16878253476479,101.42000662481657,819.9222263655043,15.288,0.3306666655642593,17.683444581209834,0.1090185389553345,1.699980834357785e-05,-0.2364142372697251,-0.0775278038808471,0.0235244897321114,1.0133695292049167,13.150543345784998,36.91460762994297,4.250304084111826
9.03,31.221330635990974,131.01220575169967,233.2199616443888,0.8549937145865021,-0.5430192440550347,-1.8516723743297108,-0.9366458367218204,3.6631573925969647,0.0,36.97162131534349,21.27279877573483,-14.280266169662594,-17.16811085213228,101.4173083643296,818.648423151813,15.288,0.3339999988864797,17.682221749054445,0.1089331934002849,1.7007645814826694e-05,-0.238203220985445,-0.0787276336831897,0.0236841951071642,1.0128485887644705,13.165036703156389,36.88632532887938,4.210073406514658
9.04,31.22132960266669,131.01220763272627,233.1222605249445,0.8559854421921625,-0.5382550558442266,-1.8537125961690808,-0.9117536071159216,3.622522536845732,0.0,36.94252306965805,21.22511020898278,-14.424509397258957,-17.167341868320698,101.4142440471636,817.36801424628,15.288,0.3373333322087001,17.680988571885585,0.1088473377516503,1.701569427799499e-05,-0.2399914455821481,-0.0799144733103491,0.0238434400408312,1.0111419421695138,13.18021286719273,36.85797540681273,4.170157618033166
9.05,31.221328570169884,131.01220950841417,233.0237430344667,0.8559778607594106,-0.5328308663896097,-1.8552878649512703,-0.8873739726520214,3.582224086271967,0.0,36.913253854621935,21.177113093221543,-14.569930489211767,-17.166475398275228,101.410820291876,816.0810999952747,15.288,0.3406666655309205,17.679745078964498,0.1087609775436683,1.7023955046506756e-05,-0.2417765816587113,-0.0810868233641665,0.0240019922089751,1.008258750391631,13.196061795002567,36.829558184244384,4.1305998394231676
9.06,31.221327538507765,131.01221137872807,232.92441147277185,0.8549762901747796,-0.5267573904654889,-1.8564080161775256,-0.8635345813665855,3.542308921030598,0.0,36.88381555519233,21.12880958380501,-14.71652460719431,-17.165511394498854,101.40704414541956,814.7877809888979,15.288,0.3439999988531409,17.678491299394658,0.1086741183370847,1.703242894501782e-05,-0.2435563232710978,-0.0822432168554185,0.0241596223868166,1.0042097438766224,13.21257294859848,36.80107386339727,4.091441700398174
9.07,31.221326507687543,131.01221324363283,232.82426813371185,0.8529873297253954,-0.5200461317649464,-1.8570833049153288,-0.8402619946201351,3.502822808495287,0.0,36.85421006501223,21.08020184695452,-14.86428541004694,-17.164449949130955,101.40292307065376,813.4881580404821,15.288,0.3473333321753612,17.67722726215044,0.1085867657182278,1.7041116315475757e-05,-0.2453283909018362,-0.0833822209293681,0.0243161047442999,0.9990071987294364,13.229735308927031,36.77252253128192,4.052723312627332
9.08,31.22132547771644,131.01221510309367,232.72331530517548,0.8500188380394481,-0.5127093604648973,-1.857324373916433,-0.8175816630187973,3.463810351645048,0.0,36.824439286121134,21.03129206084225,-15.013205074978076,-17.163291295885827,101.39846493348486,812.1823321697415,15.288,0.3506666654975816,17.675952996148833,0.1084989252981372,1.7050017023949542e-05,-0.2470905343564543,-0.0845024385214772,0.0244712171325006,0.9926649119155828,13.247537389068446,36.74390416292704,4.014483249163215
9.09,31.22132444860172,131.01221695707596,232.62155526411829,0.8460799115712377,-0.504760089853441,-1.8571422220553675,-0.7955179045024884,3.4253149400839487,0.0,36.79450512849839,20.98208241667473,-15.163274320616024,-17.16203581184209,101.39367798965722,810.8704045762166,15.288,0.353999998819802,17.674668530134724,0.1084106027112372,1.7059130468204214e-05,-0.2488405355837131,-0.0856025099414995,0.0246247413605133,0.9851981756660304,13.265967246854975,36.71521862458986,3.9767585302714927
9.1,31.221323420350643,131.0122188055452,232.5189902785501,0.8411808614389565,-0.4962120522966699,-1.8565481733258755,-0.7740938845130501,3.38737870378701,0.0,36.76440950980965,20.932575119773126,-15.31448243185601,-17.16068401907558,101.3885708712198,809.552476624014,15.288,0.3573333321420223,17.67337389280995,0.1083218036145736,1.7068455585990195e-05,-0.2505762114162891,-0.0866811143846866,0.0247764634628857,0.9766237511845368,13.28501249658543,36.686465677273205,3.9395846157672403
9.11,31.221322392970485,131.0122206484674,232.4156226095232,0.8353331889418673,-0.4870796743243364,-1.8555538463230905,-0.7533315983157955,3.3500424695117443,0.0,36.73415435493785,20.882772390649684,-15.466817286445508,-17.159236586126134,101.38315257268869,808.2286498151714,15.288,0.3606666654642427,17.67206911271857,0.1082325336864461,1.7077990864030236e-05,-0.2522954162290568,-0.0877369713686299,0.0249261739569425,0.9669598419478952,13.30466032033097,36.65764498016552,3.902995403681356
9.12,31.221321366468533,131.0122224858085,232.31145451013808,0.8285495595425931,-0.4773780511359423,-1.8541711244447467,-0.7332518553719621,3.313345719966468,0.0,36.70374159570502,20.832676466076048,-15.62026538324794,-17.157694329290653,101.37743243692904,806.899025773759,15.288,0.3639999987864631,17.670754218361623,0.1081427986255691,1.7087734347666386e-05,-0.2539960445118928,-0.0887688420948141,0.0250736680901163,0.9562260667500138,13.324897478481306,36.62875609436266,3.86702323527429
9.13,31.22132034085208,131.01222431753484,232.20648822753105,0.82084377561357,-0.4671229203385465,-1.852412126731376,-0.7138742658195227,3.277326555672727,0.0,36.673173170416526,20.782289600143585,-15.774811872123925,-17.15605821373388,101.37142014077808,805.5637062194348,15.288,0.3673333321086835,17.669429238111036,0.1080526041497527,1.7097683651139737e-05,-0.2556760333545057,-0.0897755307336696,0.0252187460766695,0.9444434328615328,13.34571031998842,36.59979848653301,3.8316989061222544
9.14,31.22131931612841,131.01222614361296,232.10072600287515,0.8122307478069776,-0.4563306351482906,-1.850289179542618,-0.6952172289778205,3.2420216595803044,0.0,36.64245102352319,20.73161406531184,-15.930440585367604,-17.154329354408706,101.3651256804306,804.2227929494737,15.288,0.3706666654309039,17.668094200267035,0.1079619559948815,1.7107835968477172e-05,-0.2573333648406808,-0.0907558856323358,0.0253612133239684,0.931634309554402,13.367084792079403,36.57077153278463,3.797051683159965
9.15,31.22131829230484,131.01222796400955,231.9941700654153,0.802726465229351,-0.4450181369848699,-1.847814789022702,-0.6772979238884963,3.2074662643986307,0.0,36.61157710521679,20.680652153443805,-16.08713407063336,-17.152509016777845,101.35855935660857,802.8763878148864,15.288,0.3739999987531242,17.666749133043773,0.1078708599137458,1.7118188084944156e-05,-0.2589660683496794,-0.0917088004443158,0.0255008806478043,0.9178224024387948,13.389006449711632,36.541674522561415,3.763109327336901
9.16,31.22131726938863,131.01222977869165,231.8868226414147,0.7923479644464244,-0.4332029275362061,-1.845001614460928,-0.6601323018514705,3.1736941226471647,0.0,36.58055337100926,20.629406176826,-16.24487362528781,-17.150598617329116,101.35173175953572,801.5245926987677,15.288,0.3773333320753446,17.665394064540653,0.1077793216747801,1.712873638904163e-05,-0.2605722227625641,-0.0926332151804699,0.025637564476801,0.9030327290685564,13.411460464801849,36.51250666260642,3.7298981215894234
9.17,31.22131624738712,131.01223158762645,231.7786859551477,0.7811132972480564,-0.4209030404534683,-1.8418624426080128,-0.6437350808896772,3.140737479452224,0.0,36.5493817814793,20.57787846917089,-16.403639332119937,-17.14859972387693,101.34465375373814,800.1675094994506,15.288,0.380666665397565,17.664029022914455,0.107687347061337,1.7139476885000984e-05,-0.2621499585714723,-0.0935281171808547,0.0257710870457154,0.8872915963150113,13.434431635125136,36.48326708115071,3.697442903777407
9.18,31.22131522630761,131.0122333907814,231.66976222194205,0.7690414976372254,-0.4081370123608782,-1.838410162828653,-0.6281197422203701,3.108627047960269,0.0,36.51806430160964,20.52607138660037,-16.56341009634146,-17.146514055642395,101.33733646268986,798.8052400978704,15.288,0.3839999987197854,17.662654036078123,0.1075949418697224,1.7150405205751944e-05,-0.2636974598900184,-0.0943925420070636,0.025901276577243,0.8706265803738605,13.457904393564704,36.453954831800985,3.6657671039863993
9.19,31.221314206157327,131.01223518812418,231.56005365215688,0.756152547468414,-0.3949238537980628,-1.83465774339192,-0.6132985285216807,3.0773919875249325,0.0,36.48660290062567,20.47398730860816,-16.724163683808463,-17.144343483105455,101.3297912533252,797.4378863467463,15.288,0.3873333320420057,17.66126913198762,0.1075021119087124,1.716151662632186e-05,-0.2652129663633571,-0.0952255742546837,0.0260279674527991,0.8530665099535117,13.481862816855823,36.42456889793931,3.634892785950838
9.2,31.221313186943583,131.01223697962268,231.44956244819747,0.7424700437990706,-0.3812806581729527,-1.8306169511265304,-0.5992831900883295,3.0470591047094504,0.0,36.45499578704157,20.42162863995023,-16.885876760398325,-17.142090027624313,101.32202972044294,796.065385634939,15.288,0.3906666653642261,17.659869933979824,0.1074088519067369,1.7172806078237783e-05,-0.2666947754179167,-0.0960263478647916,0.0261509977144022,0.8346427791640028,13.506294516615474,36.39510480334303,3.6048395181016026
9.21,31.221312168673645,131.01223876524503,231.33829081644512,0.7280215355737312,-0.3672223337787022,-1.826297967732449,-0.586085352481922,3.0176523998191658,0.0,36.42323700661041,20.36899783520288,-17.048524934719588,-17.139755862039323,101.31406367520438,794.687494047936,15.288,0.3939999986864465,17.65844713398298,0.1073151443273533,1.718426818846681e-05,-0.2681412586099338,-0.0967940329188495,0.0262702102837093,0.8153896867160952,13.531191049669244,36.36555425222929,3.5756239054844543
9.22,31.22131115135473,131.01224054495967,231.2262409563212,0.7128213032998726,-0.3527764684051772,-1.8217176185362007,-0.5737114111304751,2.9891984603813,0.0,36.39134020282065,20.31609736045361,-17.212082803321884,-17.137343311856636,101.30590513618743,793.3048230787177,15.288,0.3973333320086668,17.65701437318238,0.1072210293756909,1.719589727278263e-05,-0.2695508405315776,-0.0975278580385585,0.0263854680224743,0.7953357945824753,13.55652343332558,36.33592655486918,3.54726758230789
9.23,31.22131013499408,131.0122423187351,231.1134150622775,0.6968927474097985,-0.3379636829206497,-1.816888967369098,-0.562168664674733,2.9617200615060977,0.0,36.35930735906282,20.26292969847276,-17.376523988222733,-17.13485485149672,101.2975663042998,791.9174743122968,15.288,0.4006666653308872,17.655571679706256,0.1071265129021861,1.7207687338451512e-05,-0.2709220002715052,-0.0982271106734853,0.0264966314485119,0.7745148931698719,13.582274396907543,36.30622045573606,3.5197876143337687
9.24,31.22130911959889,131.01224408654022,230.9998153277708,0.680260032383351,-0.3228049216411623,-1.811825053495284,-0.5514631911848356,2.935238355073345,0.0,36.327140460775496,20.20949735983214,-17.541821179221287,-17.13229310240113,101.28905954510948,790.5255491894497,15.288,0.4039999986531076,17.654119081595635,0.1070316007632848,1.7219632106983657e-05,-0.2722532804198015,-0.0988911302057386,0.026603567915384,0.7529620394061364,13.608426362030594,36.27643465050906,3.493199948013086
9.25,31.221308105176348,131.0122458483441,230.8854439472496,0.6629480478223341,-0.3073214218016183,-1.8065388738920227,-0.5415998569596893,2.909772863356564,0.0,36.294841495111775,20.155802883704343,-17.707946177947466,-17.12966083138943,101.28039737292256,789.1291489878133,15.288,0.407333331975328,17.6526566069061,0.1069362988204725,1.723172502934365e-05,-0.2735432883504462,-0.0995193082854535,0.0267061517134996,0.7307135933814338,13.634961453288252,36.24656779053412,3.46751946270934
9.26,31.221307091733607,131.01224760411597,230.7703031072096,0.6449823690457269,-0.2915346828888083,-1.8010433664900063,-0.532582326931617,2.885341475071301,0.0,36.26241245049211,20.101848838628204,-17.87486994263112,-17.12696094875228,101.27159243485308,787.7283748000741,15.288,0.4106666652975484,17.651184283678695,0.1068406129389397,1.7243959301349627e-05,-0.2747906973967252,-0.1001110890884303,0.0268042641595893,0.7078072742948056,13.661861509583863,36.21661848719358,3.4427600222356745
9.27,31.221306079277824,131.01224935382547,230.654395002098,0.6263892171580899,-0.2754664359731744,-1.795351394372204,-0.5244130766005968,2.86196044383108,0.0,36.229855316194886,20.047637823241203,-18.04256263351809,-17.124196506077855,101.26265749490273,786.3233275120425,15.288,0.4139999986197687,17.64970213995446,0.106744548986389,1.7256327879194155e-05,-0.2759942479194926,-0.1006659694965289,0.0268977936745973,0.684282241142764,13.689108096006596,36.18658531631413,3.418934525000108
9.28,31.22130506781604,131.0122510974424,230.537721817413,0.6071954187285477,-0.259138613019864,-1.7894757308971632,-0.5170934054649283,2.839644388943643,0.0,36.1971720818844,19.993172466976045,-18.210993658861405,-17.121370693809425,101.25360541806452,784.9141077794363,15.288,0.4173333319419891,17.64821020371633,0.1066481128316368,1.7268823495089788e-05,-0.2771527482681058,-0.1011834992017441,0.0269866358500734,0.6601792054599854,13.71668251640488,36.15646682251575,3.396054952014818
9.29,31.22130405735534,131.01225283493673,230.420285744616,0.5874283649747452,-0.2425733163617063,-1.7834290457805182,-0.51062345185357,2.818406298545466,0.0,36.16436473730025,19.93845543072108,-18.38013172141464,-17.118486838532547,101.24444915446784,783.5008160112195,15.288,0.4206666652642095,17.646708503019873,0.1065513103436999,1.728143867297454e-05,-0.2782650756341535,-0.1016632807348851,0.0270706935032536,0.6355405856842825,13.74456582646954,36.12626152369708,3.374132412131631
9.3,31.221303047902744,131.01225456627873,230.30208897616035,0.5671159708110102,-0.2257927881267399,-1.7772238919683456,-0.5050022091856303,2.79825753493586,0.0,36.131435271712334,19.88348940744316,-18.549944865355258,-17.11554839999145,101.2352017235782,782.0835523429041,15.288,0.4239999985864298,17.64519706584802,0.1064541473901926,1.7294165744252704e-05,-0.2793301767982348,-0.1021049694198971,0.0271498767206514,0.6104107162979056,13.772738847770476,36.09596791529393,3.353177183700676
9.31,31.221302039465247,131.01225629143892,230.18313369952736,0.5462866334500647,-0.2088193799732207,-1.7708726934429182,-0.5002275435064957,2.7792078421641966,0.0,36.098385673636166,19.828277122771343,-18.720400523566543,-17.112558967834072,101.22587619846784,780.6624166217258,15.288,0.4273333319086502,17.643675920270876,0.1063566298364825,1.7306996863529105e-05,-0.2803470687701961,-0.1025082732549729,0.0272241028906566,0.5848361291724002,13.801182182266237,36.06558447475014,3.3331987521915476
9.32,31.22130103204976,131.01225801038802,230.06342211313003,0.5249691909731214,-0.191675522875449,-1.7643877337484934,-0.4962962123388844,2.7612653557121702,0.0,36.065217930339024,19.77282133554104,-18.891465565206857,-17.10952225808676,101.21648569017056,779.2375083821119,15.288,0.4306666652308706,17.642145094358536,0.1062587635442438,1.7319924024324515e-05,-0.2813148393233536,-0.1028729527217323,0.0272932967248762,0.5588659315401192,13.829876227794754,36.03510966577158,3.3142058430399772
9.33,31.221300025663208,131.012259723097,229.94295641239725,0.5031928806857561,-0.1743836972040032,-1.7577811453225054,-0.4932038847313773,2.7444366142817413,0.0,36.03193402746027,19.7171248382982,-19.06310634349524,-17.106442109359914,101.20704333213496,777.8089268271121,15.288,0.433999998553091,17.640604616224703,0.1061605543703319,1.7332939074706874e-05,-0.2822326474234636,-0.1031988205237618,0.0273573902686642,0.5325523140362913,13.85880119422649,36.00454194264847,3.296206449325595
9.34,31.221299020312404,131.0122614295372,229.82173879871897,0.4809872974510779,-0.1569664030292277,-1.751064899517162,-0.4909451624851863,2.728726573590191,0.0,35.99853594857096,19.66119045776126,-19.23528874364436,-17.103322478786858,101.19756226479004,776.3767708070005,15.288,0.4373333318753114,17.639054513997582,0.1060620081654859,1.7346033732833268e-05,-0.2830997235533621,-0.1034857412558959,0.0274163229008335,0.5059512359950968,13.88793712046928,35.97387975448216,3.279207853782056
9.35,31.221298016004155,131.01226312968,229.69977147249,0.4583823519531224,-0.1394461307701694,-1.7442507973171515,-0.4895136024759138,2.714138622143994,0.0,35.96502567480969,19.60502105524108,-19.407978230870818,-17.10016743769861,101.18805562023564,774.94113880089,15.288,0.4406666651975317,17.63749481587804,0.1059631307732617,1.7359199602349027e-05,-0.2839153699341811,-0.1037336310058372,0.0274700413228152,0.4791233547914964,13.917263892187025,35.94312154943406,3.263216644840511
9.36,31.22129701274521,131.01226482349716,229.57705664304635,0.4354082290440008,-0.1218453321499405,-1.7373504606743513,-0.4889017400403729,2.7006745988977583,0.0,35.93140518447228,19.54861952701832,-19.58113989841556,-17.096981167038596,101.1785365070712,773.5021288974416,15.288,0.4439999985197521,17.63592555013959,0.1058639280288143,1.7372428187642473e-05,-0.2846789606444102,-0.103942456889607,0.0275184995374195,0.4521352951234107,13.946761260352655,35.912265778880595,3.248238726410276
9.37,31.221296010542257,131.0122665109607,229.4535965236988,0.4120953462635885,-0.1041863914698002,-1.7303753243812812,-0.4891011133795678,2.688334812726592,0.0,35.89767645251856,19.491988804676705,-19.75473851550662,-17.093767952521496,101.1690179953758,772.0598387708715,15.288,0.4473333318419725,17.63434674502668,0.1057644057574564,1.7385710908895127e-05,-0.2853899416380366,-0.1041122365225456,0.0275616588172883,0.4250613972148963,13.976408860662604,35.88131090143524,3.234279321217399
9.38,31.221295009401903,131.0122681920428,229.32939333371763,0.3884743122811982,-0.0864915974740438,-1.7233366285984504,-0.4901022888492551,2.677118063736528,0.0,35.86384145037636,19.43513185539289,-19.928738575198963,-17.090532179541487,101.15951310185048,770.6143656711031,15.288,0.4506666651641929,17.6327584290017,0.1056645697740738,1.739903911691219e-05,-0.2860478306632306,-0.104243037427568,0.0275994876636374,0.3979861468737896,14.006186233404575,35.850255387175224,3.221342967799109
9.39,31.221294009330737,131.01226986671594,229.20444929336549,0.3645758859248561,-0.0687831153653041,-1.716245411697127,-0.4918948872307097,2.667021666163911,0.0,35.82990214528474,19.37805168218174,-20.103104342025844,-17.087278327835886,101.15003477513636,769.1658063940531,15.288,0.4539999984864132,17.631160630439858,0.1055644258811855,1.7412404107722158e-05,-0.2866522170831977,-0.1043349763824302,0.027631961754892,0.3710075871265023,14.036072844534068,35.8190977213838,3.209433510924144
9.4,31.22129301033525,131.01227153495296,229.07876663781087,0.3404309350826265,-0.0510829595989655,-1.7091125037178525,-0.4944676107413274,2.6580414730272675,0.0,35.7958605001293,19.320751324096143,-20.277799899399124,-17.084010965910938,101.14059588131924,767.7142572722279,15.288,0.4573333318086336,17.629553377905246,0.1054639798684701,1.7425797136884174e-05,-0.2872027616008445,-0.1043882187079101,0.0276590638861521,0.3442421525824679,14.066048106950593,35.78783640866236,3.1985540859535124
9.41,31.221292012421888,131.01227319672677,228.95234760420703,0.3160703961992178,-0.0334129669681347,-1.7019485201117683,-0.4978082708905084,2.650171902263294,0.0,35.76171847294049,19.263233856382687,-20.45278919669543,-17.08073474523701,101.131209189633,766.2598141521559,15.288,0.460666665130854,17.627936700020072,0.105363237511281,1.7439209433522903e-05,-0.2876991958890509,-0.1044029774988406,0.0276807838991796,0.3178315755091592,14.096091402792595,35.756469976659886,3.188707097120004
9.42,31.22129101559702,131.01227485201068,228.82519443566784,0.2915252340149906,-0.0157947703236705,-1.6947638558916371,-0.5019038170301626,2.6434059643986814,0.0,35.72747801655443,19.20550239059084,-20.62803609596837,-17.077454394221803,101.1218873583725,764.8025723785249,15.288,0.4639999984530743,17.62631062552277,0.1052622045696459,1.745263221403114e-05,-0.2881413221285334,-0.1043795127999332,0.0276971186034989,0.2919527953017106,14.126182106194062,35.72499697986515,3.179894190284428
9.43,31.221290019866945,131.0122765007782,228.69730938425008,0.2668264018245311,0.001750227218139,-1.6875686800454026,-0.5067403656007873,2.637735291618683,0.0,35.69314107815796,19.147560074637948,-20.803504418226904,-17.074174711969928,101.11264292102776,763.3426267730891,15.288,0.4673333317752947,17.624675183180845,0.1051608867869329,1.7466056695443233e-05,-0.2885290124554043,-0.1043181307283734,0.0277080716886755,0.2668321419604342,14.156299606748368,35.693416003206444,3.172116220545852
9.44,31.221289025237898,131.01227814300313,228.56869471592088,0.2420048020018011,0.0192008773237643,-1.6803729303232262,-0.5123032299463698,2.63315016825829,0.0,35.65870959908062,19.08941009282728,-20.979157989222703,-17.070900561838968,101.1034882726494,761.8800716252161,15.288,0.4706666650975151,17.623030401994242,0.1050592898892293,1.7479474108442365e-05,-0.2888622083203969,-0.1042191825454011,0.0277136536283643,0.2427653098964518,14.186423333254451,35.66172566578131,3.165373215432141
9.45,31.221288031716007,131.01227977865946,228.4393527006206,0.2170912473240482,0.0365363110848626,-1.6731863081144187,-0.5185769507611053,2.62963956249354,0.0,35.624185514253206,19.031055665822024,-21.154960684690703,-17.06763686480171,101.09443565645708,760.4150006669656,15.288,0.4739999984197355,17.621376310992,0.1049574195837591,1.7492875709996523e-05,-0.2891409197622786,-0.1040830636787897,0.0277138815759118,0.2201442829251609,14.21653277828877,35.629924624188924,3.159664334095231
9.46,31.2212870393074,131.0122814077216,228.3092856152456,0.1921164226654011,0.0537359628727504,-1.6660182736276683,-0.5255453270019312,2.627191159312148,0.0,35.58957075190136,18.97250005057233,-21.330876474987605,-17.064388592626088,101.08549715070052,758.9475070604599,15.288,0.4773333317419559,17.619712939304826,0.1048552815579595,1.750625279560415e-05,-0.2893652245975555,-0.1039102126985603,0.0277087792523503,0.1994900066215601,14.24660752296302,35.59801157597367,3.154987823488831
9.47,31.22128604801804,131.01228303016407,228.17849575755773,0.1671108472619417,0.070779593501889,-1.658878041219496,-0.5331914472548774,2.625791394641608,0.0,35.55486723328247,18.91374654019824,-21.506869469077145,-17.061160760884164,101.07668465578487,757.477683384163,15.288,0.4806666650641762,17.618040316281384,0.1047528814787354,1.7519596711124237e-05,-0.2895352675291054,-0.1037011102479726,0.0276983768267724,0.1814821531809629,14.276627262004183,35.565985263003164,3.151340972227522
9.48,31.221285057853848,131.01228464596176,228.0469854213433,0.1421048378429487,0.0876473128621282,-1.6517745747866976,-0.5414977215580684,2.62542549049061,0.0,35.52007687217426,18.85479846382726,-21.68290395781065,-17.057958421801686,101.06800988166832,756.0056216123513,15.288,0.4839999983863966,17.61635847129939,0.1046502249909221,1.7532898864197183e-05,-0.2896512591761374,-0.1034562779321029,0.0276827107894023,0.1669605361712081,14.306571829392398,35.53384447451442,3.1487200628957495
9.49,31.221284068820683,131.0122862550898,227.91475692622504,0.1171310478815983,0.1043214514644691,-1.644715412983013,-0.5504464827699657,2.6260766968068725,0.0,35.48519862628637,18.795659186881416,-21.8589444564539,-17.05478665696212,101.05948433554512,754.5312877203646,15.288,0.487333331708617,17.61466389045056,0.1045473090301036,1.754615073545177e-05,-0.289713475236689,-0.1031762770172954,0.0276618215394339,0.1568522631429892,14.33642422788248,35.50158539250892,3.1471191489376125
9.5,31.221283080924284,131.0122878575236,227.78181258884072,0.0922301443683768,0.1207905980685068,-1.6377038473640275,-0.5600215327979203,2.627724137887953,0.0,35.45022208206654,18.736332144248177,-22.03495574929482,-17.051650571391452,101.05111931386516,753.0542497432098,15.288,0.4906666650308373,17.612941727759043,0.1044441029221168,1.7559343916574024e-05,-0.2897222752319685,-0.1028616931553307,0.0276357501379985,0.1519761675714819,14.366177165942185,35.46919581078754,3.1465269987253017
9.51,31.221282094170327,131.01228945323882,227.6481547536548,0.0674183445965732,0.1370264404346661,-1.6307539233937391,-0.5702006896062868,2.6303533869925286,0.0,35.41516440235621,18.67682079061617,-22.2109029373319,-17.048555289610515,101.04292590006403,751.5752479152214,15.288,0.4939999983530577,17.61121031435743,0.1043406572389617,1.75724701032685e-05,-0.289678074530706,-0.1025131544917304,0.0276045644083059,0.1527136860294107,14.3957954618045,35.436688444769004,3.14694234544496
9.52,31.22128110856439,131.0122910422115,227.5137857611525,0.0427247797270706,0.1530106814601829,-1.6238735570528262,-0.5809639630179085,2.633945181062212,0.0,35.380027469640815,18.61712859710624,-22.386751470758195,-17.04550594407214,101.03491494245334,750.0943717321572,15.288,0.4973333316752781,17.60946968062102,0.1042369775332052,1.7585521083086756e-05,-0.289581336511855,-0.1021313348552126,0.0275683247486728,0.1588636871800552,14.4252597498538,35.40406230271205,3.14835697983277
9.53,31.221280124111967,131.01229262441785,227.37870797666253,0.0181782042064345,0.168725474799391,-1.6170703925962648,-0.5922908472079362,2.638479233844011,0.0,35.34481315745241,18.557259069358025,-22.562467186034496,-17.04250766637764,101.02709704032904,748.6117100200909,15.288,0.5006666649974985,17.607719857204753,0.1041330693310263,1.7598488755535206e-05,-0.2894325844897986,-0.1017169429478634,0.0275270971425067,0.1697018915595797,14.454550933485852,35.371316454751714,3.15076145871499
9.54,31.22127914081847,131.0122941998344,227.2429237724693,-0.0061930363262272,0.1841534430066785,-1.6103517981693565,-0.6041603539812525,2.6439342760306768,0.0,35.30952332983726,18.497215747106186,-22.73801634396401,-17.03956557944881,101.0194825331966,747.1273509136206,15.288,0.5039999983197188,17.605960874778276,0.1040289381306379,1.7611365140727443e-05,-0.2892324003294838,-0.1012707210258081,0.0274809529946919,0.1842575483881727,14.483650211178524,35.33845003521759,3.1541450669174824
9.55,31.22127815868921,131.01229576843804,227.1064355367544,-0.0303610366443077,0.19927769457504,-1.6037248615901156,-0.616551046035502,2.650288096124509,0.0,35.27415984129464,18.437002203714176,-22.91336566676087,-17.036684789639576,101.0120814903376,745.6413818536862,15.288,0.5073333316419392,17.60419276432028,0.1039245894021047,1.762414238757068e-05,-0.2889814230026907,-0.1007934435532878,0.027429968963409,0.2015772516541902,14.512539101899996,35.30546224524956,3.1584957838358725
9.56,31.22127717772939,131.0122973302058,226.96924566862992,-0.0542983622397615,0.2140818404126484,-1.5971963859425564,-0.6294410703312058,2.657517581722413,0.0,35.2387245363085,18.376622045668054,-23.08848237407873,-17.033870378803588,101.00490370072728,744.153889568089,15.288,0.5106666649641596,17.602415556912486,0.1038200285859644,1.7636812781460474e-05,-0.2886803470881784,-0.1002859158326097,0.0273742267870292,0.2208604374161389,14.541199470682184,35.2723523549178,3.1638002549863034
9.57,31.22127619794416,131.01229888511511,226.83135658708207,-0.0779780789128115,0.2285500093162294,-1.5907728852474403,-0.6428081913968476,2.6655987613424275,0.0,35.20321924915563,18.31607891203052,-23.26333421796536,-17.031127396332888,100.99795866331146,742.6649600634554,15.288,0.5139999982863799,17.600629283857355,0.1037152610926701,1.7649368751527333e-05,-0.2883299212188987,-0.0997489726121522,0.0273138131069663,0.2414863459868969,14.56961355359186,35.239119705461384,3.170043769387993
9.58,31.22127521933851,131.01230043314368,226.6927707200388,-0.1013737812241249,0.2426668627079413,-1.5844605800462463,-0.6566298246099999,2.674506846607723,0.0,35.167645803551174,18.25537647385586,-23.43788951671356,-17.028460851185052,100.99125557765213,741.1746786115768,15.288,0.5173333316086004,17.59883397658981,0.1036102923015351,1.7661802877390052e-05,-0.2879309464792241,-0.0991834766747697,0.0272488192865261,0.2629900916917944,14.597763982477932,35.20576371124831,3.1772102430968325
9.59,31.2212742419174,131.01230197426946,226.5534905093401,-0.1244596201081338,0.2564176084074973,-1.57826539302441,-0.670883069347239,2.6842162748238327,0.0,35.13200601248437,18.194518433566923,-23.612117187579344,-17.02587570391395,100.98480333494943,739.6831297430882,15.288,0.5206666649308208,17.597029666809657,0.1035051275602511,1.76741078954496e-05,-0.2874842747553336,-0.0985903174088191,0.0271793412263049,0.285026461092867,14.625633809069162,35.17228386177382,3.185282209410086
9.6,31.22127326568565,131.01230350847075,226.41351841769256,-0.1472103292665086,0.2697880136749383,-1.5721929445218827,-0.6855447420348514,2.694700751778347,0.0,35.096301677856886,18.13350852429557,-23.78598677834083,-17.02337685872166,100.97861050944952,738.1903972323713,15.288,0.5239999982530411,17.595216386363894,0.1033997721838344,1.7686276704710143e-05,-0.2869908070416958,-0.0979704093641468,0.0271054791761663,0.307337425649593,14.65320652875176,35.138679723346605,3.1942408158701507
9.61,31.221272290647995,131.01230503572614,226.27285692072144,-0.1696012506590623,0.2827644172937376,-1.5662485481083537,-0.7005914089946239,2.705933294806969,0.0,35.0605345902862,18.072350509186776,-23.959468497673267,-17.020969155547522,100.97268535024573,736.6965640911577,15.288,0.5273333315752615,17.593394167320245,0.1032942314540317,1.769830237213796e-05,-0.2864514917068058,-0.0973246907952216,0.027027337544501,0.3297272606002034,14.680466103593758,35.10495094078896,3.204065828405137
9.62,31.22127131680908,131.01230655601452,226.131508505976,-0.1916083588466676,0.2953337408384372,-1.5604372061062424,-0.7159994190933078,2.7178862759929454,0.0,35.024706528833924,18.011048180668645,-24.132533244318257,-17.0186573622112,100.9670357734805,735.2017125581069,15.288,0.5306666648974819,17.591563041937768,0.1031885106185208,1.7710178137565447e-05,-0.2858673227213769,-0.0966541221935462,0.02694502470483,0.3520446796968017,14.70739698479861,35.071097238933575,3.2147356425643165
9.63,31.2212703441734,131.01230806931505,225.989475680878,-0.2132082842489732,0.3074834990748949,-1.554763605110032,-0.7317449361417385,2.73053146547153,0.0,34.98881926074149,17.949605359688093,-24.3051526350262,-17.016446166626427,100.96166935495756,733.7059240878467,15.288,0.5339999982197022,17.5897230426374,0.1030826148901489,1.772189741815454e-05,-0.2852393378518591,-0.0959596848116686,0.026858652800124,0.3741703332360533,14.733984134446642,35.037118423991274,3.226227301861095
9.64,31.22126937274542,131.01230957560716,225.84676096378084,-0.2343783354169114,0.3192018094133594,-1.5492321116025218,-0.7478039709863274,2.7438400748173044,0.0,34.952874541296424,17.888025894915184,-24.477299031254343,-17.014340169101608,100.95659332316914,732.209279348099,15.288,0.5373333315419226,17.58787420211969,0.1029765494465142,1.7733453812397208e-05,-0.2845686168224479,-0.0952423791808832,0.0267683375453959,0.3960081197595624,14.760213046342022,35.00301438490031,3.2385165231656234
9.65,31.22126840252946,131.01231107487067,225.70336689589288,-0.2550965199718943,0.3304774006351274,-1.5438467674837095,-0.7641524133254982,2.7577828003529383,0.0,34.916874113476894,17.8263136619152,-24.6489455646036,-17.012343874744516,100.95181455274766,730.7118582049544,15.288,0.540666664864143,17.586016553202928,0.1028703194289387,1.774484110370337e-05,-0.2838562794486725,-0.0945032236247268,0.0266741980284287,0.4174791314313211,14.786069766266634,34.96878509433966,3.2515777287623893
9.66,31.22126743352973,131.01231256708567,225.5592960303468,-0.2753415647097948,0.3412996205607829,-1.5386112858044052,-0.7807660631172014,2.7723298664874143,0.0,34.88081970790771,17.76447256229236,-24.82006616098035,-17.01046168598643,100.94733955834732,729.213739723234,15.288,0.5439999981863634,17.584150129029176,0.1027639299423259,1.7756053263556337e-05,-0.2831034837455451,-0.0937432527703918,0.0265763565095274,0.4385174016441817,14.811540911054148,34.93443060988741,3.26538408502558
9.67,31.22126646575036,131.01231405223257,225.41455093617327,-0.2950929342310738,0.3516584430707152,-1.5335290464152935,-0.7976206616692945,2.787451068832837,0.0,34.84471304247448,17.70250652280374,-24.99063556347082,-17.008697895242303,100.94317448896248,727.7150021514312,15.288,0.5473333315085837,17.5822749628435,0.1026573860540322,1.7767084454259444e-05,-0.2823114240133051,-0.0929635160600926,0.0264749382199935,0.4590668872576574,14.836613687092736,34.8999510747354,3.2799075470595946
9.68,31.221265499195365,131.01231553029203,225.26913420227973,-0.3143308487539254,0.3615444740498514,-1.528603091869254,-0.8146919222524555,2.8031158172576447,0.0,34.808555822284845,17.640419494447116,-25.160629353917564,-17.00705667772264,100.93932512268832,726.2157229221601,15.288,0.5506666648308041,17.580391088185312,0.1025506927937459,1.7777929031272372e-05,-0.2814813289037894,-0.0921650762643708,0.0263700711602334,0.47907930220462,14.861275907518236,34.86534671858191,3.295118909176972
9.69,31.22126453386865,131.01231700124515,225.1230484304889,-0.3330363005070444,0.3709489566477187,-1.5238361233220616,-0.8319555603215691,2.8192931786406006,0.0,34.77234973936075,17.578215451522297,-25.33002397319012,-17.005542084412948,100.93579686193058,724.7159786407294,15.288,0.5539999981530244,17.57849853874118,0.1024438551525851,1.778858154516671e-05,-0.2806144594702748,-0.0913490079993746,0.0262618858972628,0.4985125436686318,14.88551600867632,34.83061785814773,3.3109878604761764
9.7,31.221263569774017,131.01231846507315,224.9762962424992,-0.3511910691910434,0.379863775541292,-1.5192304966856072,-0.8493873232228877,2.835951919430831,0.0,34.73609647256914,17.515898390669346,-25.49879674014292,-17.00415803523496,100.9325947290684,723.2158450841724,15.288,0.5573333314752448,17.576597348477296,0.1023368780828926,1.779903674320176e-05,-0.2797121072038385,-0.0905163962499568,0.0261505153623393,0.5173295351741914,14.909323065304925,34.795764897774,3.3274830452212307
9.71,31.2212626069152,131.01231992175772,224.82888027193343,-0.3687777361030881,0.3882814604644121,-1.514788218878821,-0.866963019436382,2.8530605478420066,0.0,34.69979768738054,17.453472329883112,-25.666925869256435,-17.00290831240544,100.92972336257569,721.7153971930913,15.288,0.5606666647974652,17.574687551551182,0.102229766497524,1.7809289570526376e-05,-0.2787755920590314,-0.0896683349005215,0.0260360946486723,0.53549736627893,14.932686804814072,34.760788329732705,3.344572127309688
9.72,31.221261645295765,131.0123213712808,224.68080317626388,-0.3857796971706349,0.3961951888529159,-1.5105109443161076,-0.8846585472795891,2.8705873557136248,0.0,34.663455035708886,17.39094130750689,-25.834390486957897,-17.00179655400618,100.92718701360508,720.2147090671527,15.288,0.5639999981196855,17.572769182311653,0.1021225252693734,1.7819335171040492e-05,-0.2778062604717052,-0.0888059252754477,0.0259187608096933,0.5529866456949624,14.95559762037702,34.725688734479554,3.362221858378253
9.73,31.2212606849192,131.01232281362468,224.53206762091165,-0.4021811748495967,0.4035987876449342,-1.5063999716368834,-0.902449923058194,2.888500459979911,0.0,34.627070155784246,17.328309381206594,-26.00117064662204,-17.000826247779298,100.92498954303854,718.7138539618604,15.288,0.567333331441906,17.57084227532829,0.1020151592309979,1.782916888791553e-05,-0.2768054833718644,-0.0879302746908198,0.0257986526581178,0.5697710096594208,14.978046582853237,34.69046678080707,3.3803981489581223
9.74,31.22125972578891,131.0123242487719,224.3826762981306,-0.4179578302245063,0.410492508173533,-1.5024521274438236,-0.9203150840373444,2.9067647660563,0.0,34.59063551521404,17.265580633536374,-26.167247342390542,-17.000000725234255,100.92313441917376,717.2125245647132,15.288,0.5706666647641264,17.5688955314961,0.1019076461973233,1.78387862674446e-05,-0.2757746576888586,-0.0870424930063663,0.0256759040944775,0.5858240846954832,15.00003465143121,34.655114975998224,3.399062172769641
9.75,31.221258767908186,131.0123256767054,224.23263190514007,-0.4330934806348255,0.4168726524525817,-1.498666734796193,-0.9382310827728548,2.925346814346321,0.0,34.55415085438511,17.202759208272933,-26.332602528865586,-16.999323159798625,100.9216247244461,715.7107161482851,15.288,0.5739999980863467,17.56692654321219,0.1017999854097701,1.7848183095349218e-05,-0.2747152293514171,-0.086143676930629,0.0255506585200582,0.6011234993678035,15.021556145815792,34.619632479766494,3.4181769308904966
9.76,31.221257811280186,131.0123270974084,224.08193716698696,-0.4475862166122057,0.422727998580015,-1.4950488240865711,-0.9561724328036312,2.944217893503113,0.0,34.517628850726545,17.13984922464599,-26.497219135771143,-16.998796563327723,100.92046315811344,714.2089594036903,15.288,0.5773333314085671,17.564949013286057,0.1016922142235315,1.7857355350226073e-05,-0.273628638710148,-0.085234939006504,0.0254230678121833,0.6156531060749185,15.042593082117463,34.58403020703873,3.4377108243830166
9.77,31.221256855908,131.01232851086445,223.93059481865376,-0.4614236875243256,0.4280549592070433,-1.4915982410531143,-0.9741158825953476,2.963345830617247,0.0,34.48107108797172,17.076854807152497,-26.66108106762457,-16.998423775667536,100.91965202314012,712.7073242361316,15.288,0.5806666647307875,17.562962977687874,0.1015843373105354,1.7866299202495907e-05,-0.2725163349404824,-0.0843173965839011,0.0252932758414996,0.6293956674687251,15.063139326217732,34.54830917824005,3.457627159957227
9.78,31.22125590179459,131.0123299170574,223.7786076179801,-0.4745944112719002,0.4328505937174428,-1.4883144642661217,-0.9920384299873924,2.982698478939404,0.0,34.44447913547128,17.013780094216823,-26.82417321127864,-16.99820745929387,100.91919322455249,711.2058796890585,15.288,0.5839999980530078,17.56096847253689,0.1014763593003066,1.7875011019523165e-05,-0.2713797817366749,-0.0833921660153569,0.0251614272479321,0.6423357429082794,15.083189463934744,34.51247050098791,3.4778887859422762
9.79,31.22125494894284,131.0123313159715,223.62597832379817,-0.4870877792809055,0.4371126052860593,-1.4851966038641924,-1.0099173465978275,3.0022437561016164,0.0,34.4078545481304,16.950629237079,-26.986481443044315,-16.998150094703373,100.91908826931218,709.7046939433553,15.288,0.5873333313752283,17.558965534146136,0.101368284779794,1.788348736436459e-05,-0.2702204553503069,-0.0824603613096602,0.0250276672497318,0.6544595720538553,15.102738805656797,34.47651536956558,3.498458170414514
9.8,31.221253997355504,131.0123327075912,223.47270973171047,-0.4988940603893554,0.4408393371859111,-1.4822434007345335,-1.027730201533192,3.0219496816763654,0.0,34.37119886636595,16.887406398674738,-27.147992634532336,-16.998253976108995,100.91933826666684,708.2038343178036,15.288,0.5906666646974486,17.556954199082064,0.1012601182932488,1.7891724994272924e-05,-0.2690398426418056,-0.0815230928077605,0.024892141455019,0.6657549798508647,15.121783389717368,34.440445064297805,3.5192974788654077
9.81,31.221253047035223,131.01233409190135,223.31880464029933,-0.5100044035366766,0.4440297684190632,-1.479453226135368,-1.0454548844032812,3.0417844140114667,0.0,34.334513615988214,16.824115752508508,-27.30869465722604,-16.998521207448885,100.9199439289774,706.7033672680416,15.288,0.5939999980196689,17.55493450411981,0.1011518643418558,1.7899720858980068e-05,-0.2678394391471367,-0.0805814658823839,0.0247549956759886,0.6762112980459972,15.140319984603394,34.40426095074485,3.5403686509978174
9.82,31.2212520979846,131.0123354688871,223.16426586901724,-0.5204108393822964,0.4466835086198201,-1.476824081787684,-1.0630696276075586,3.0617162863396223,0.0,34.29780030811504,16.760761481521524,-27.468576385798585,-16.998953698716072,100.92090557301924,705.2033583845058,15.288,0.5973333313418893,17.552906486228316,0.1010435273834995,1.7907472098766e-05,-0.2666207471621878,-0.0796365796624817,0.0246163757459411,0.6858192995830318,15.158346089891772,34.36796447881496,3.5616334763317514
9.83,31.22125115020606,131.0123368385339,223.00909625321643,-0.5301062809054826,0.4488007922234731,-1.4743536005284994,-1.0805530278688085,3.0817138421532584,0.0,34.261060439153766,16.697347776955873,-27.627627700189155,-16.999553162616028,100.92222312175572,703.7038723950861,15.288,0.6006666646641097,17.550870182629925,0.1009351118326992,1.7914976042333685e-05,-0.2653852738466797,-0.0786895257839215,0.0244764273394734,0.6945711430540072,15.175859935882,34.33155718182947,3.583053668359825
9.84,31.221250203701988,131.01233820082763,222.8532986371929,-0.5390845227452018,0.4503824720695167,-1.4720390474053688,-1.097884067049222,3.101745869726556,0.0,34.22429549061256,16.63387883721692,-27.785839486454428,-17.000321111558282,100.92389610658012,702.2049731599598,15.288,0.6039999979863301,17.548825630636433,0.1008266220600557,1.7922230204505386e-05,-0.2641345293500267,-0.0777413871674014,0.0243352957957752,0.702460324940937,15.192860482172142,34.295040675328615,3.604590936865429
9.85,31.22124925847461,131.01233955575435,222.6968758910811,-0.5473402398633715,0.4514300121255604,-1.4698773214851737,-1.1150421321338388,3.1217814359465725,0.0,34.18750692926473,16.57035886673488,-27.94320363641132,-17.001258854987544,100.92592367002328,700.7067236807502,15.288,0.6073333313085504,17.54677286791739,0.1007180623927418,1.7929232283734508e-05,-0.2628700249608753,-0.0767932368248555,0.0241931259455736,0.7094816381355745,15.209347414663798,34.258416656092514,3.626207058411123
9.86,31.22124831452613,131.01234090330053,222.53983089197249,-0.5548689846828507,0.4519454798549428,-1.4678649580424812,-1.1320070345229511,3.141789919146074,0.0,34.15069620686915,16.506792074828514,-28.099713046090823,-17.00236749705813,100.92830456892068,699.2091860925706,15.288,0.6106666646307709,17.544711932201977,0.1006094371136672,1.793598015948035e-05,-0.2615932712824175,-0.0758461366953096,0.0240500619413771,0.7156311350697412,15.225321141808612,34.22168690066247,3.647863944462073
9.87,31.221247371858567,131.0123422434529,222.3821665378265,-0.561667183689871,0.4519315376817468,-1.4659981315314845,-1.1487590284537004,3.161741041225228,0.0,34.113864760337755,16.44318267457054,-28.25536161302096,-17.003647934656055,100.93103717803518,697.7124216733096,15.288,0.6139999979529913,17.542642861532425,0.1005007504619793,1.794247188941506e-05,-0.2603057764354047,-0.0749011365111458,0.0239062470917385,0.7209060947998782,15.240782789217391,34.18485326416776,3.6695237073598097
9.88,31.22124643047391,131.0123435761986,222.22388573554824,-0.5677321326503442,0.4513914340776821,-1.4642726590119433,-1.1652788286905793,3.181604898763162,0.0,34.077014011555,16.379534881658767,-28.410144232360548,-17.005100855770873,100.9341194941282,696.2164908392975,15.288,0.6173333312752116,17.540565694070207,0.1003920066325291,1.794870570652227e-05,-0.2590090442904475,-0.0739592726958116,0.0237618236991572,0.7253049928464007,15.255734193450824,34.147917678745266,3.6911487236845586
9.89,31.221245490374024,131.012344901525,222.06499141191847,-0.5730619910976356,0.4503289939209625,-1.4626840043008276,-1.1815476273686527,3.2013519932967807,0.0,34.04014536742985,16.315852913292304,-28.564056791904253,-17.00672673821944,100.93754914047308,694.7214531504579,15.288,0.620666664597432,17.5384804681855,0.1002832097760225,1.7954680016053244e-05,-0.2577045727316367,-0.0730215672936723,0.0236169329021758,0.728827473412848,15.270177894427087,34.110882152077465,3.7127016951491356
9.9,31.22124455156068,131.01234621941987,221.9054865046496,-0.5776557757755407,0.4487486083446012,-1.4612272827217223,-1.1975471100372892,3.2209532606440634,0.0,34.00326021987158,16.252140987055704,-28.717096165982607,-17.008525848722236,100.94132337180277,693.227367312216,15.288,0.6239999979196524,17.536387222442272,0.1001743639989511,1.7960393392388432e-05,-0.2563938519527975,-0.0720890269329878,0.0234717145215467,0.7314743233111595,15.284117126782986,34.07374876577419,3.734145706822726
9.91,31.221243614035554,131.01234752987128,221.74537396437324,-0.58151335312069,0.4466552240544501,-1.4598972664891767,-1.2132594708876987,3.240380099268021,0.0,33.96635994575016,16.18840331981246,-28.86926020827941,-17.010498242332396,100.94543907968368,691.7342911768967,15.288,0.6273333312418727,17.53428599555355,0.1000654733634747,1.796584457578868e-05,-0.2550783627881565,-0.0711626418226462,0.0233263069106589,0.7332474472136994,15.29755581015155,34.03651967365595,3.755444282655981
9.92,31.22124267780024,131.01234883286756,221.58465675861711,-0.5846354309805633,0.4440543320549802,-1.4586827798490416,-1.2286673815216735,3.2596043359801605,0.0,33.92944591748396,16.124644134717514,-29.0205477435958,-17.012643762215994,100.94989279830494,690.2422821778396,15.288,0.6306666645640931,17.53217682648578,0.0999565419186082,1.797103246906954e-05,-0.2537595751724529,-0.0702433848545581,0.0231808468261608,0.7341498439939833,15.310498533857464,33.99919711057163,3.776559203002664
9.93,31.22124174285623,131.01235012839743,221.42333786484568,-0.5870235497193538,0.4409519563108615,-1.4575751659044272,-1.24375405139665,3.278598298125684,0.0,33.892519587004,16.06086772483073,-29.17095855894065,-17.01496203970914,100.9546807105242,688.7514007422915,15.288,0.6339999978863134,17.53005975427995,0.0998475739475881,1.7975956134102587e-05,-0.252438947499847,-0.0693322113891036,0.023035469431242,0.7341855843098979,15.3229505102161,33.96178347458289,3.7974539240258767
9.94,31.221240809204943,131.01235141644997,221.26142027443936,-0.5886800725154465,0.4373546416315657,-1.4565766958462332,-1.2585033447492164,3.2973350079909047,0.0,33.85558230974944,15.99707831585582,-29.32049339350598,-17.017452494746372,100.95979865436172,687.2617031287361,15.288,0.6373333312085337,17.52793481821555,0.0997385734493503,1.7980614788309766e-05,-0.2511179231971898,-0.0684300569269234,0.0228903078679624,0.7333597886232837,15.334917635249514,33.92428114905786,3.818096972910677
9.95,31.221239876847672,131.01235269701448,221.0989069907029,-0.5896081735201181,0.43326944059574,-1.4556808370079086,-1.2728996276738755,3.3157879810048727,0.0,33.81863540135373,15.933280109278344,-29.46915392683333,-17.020114336802717,100.96524213022784,685.773243746071,15.288,0.6406666645307542,17.525802057706233,0.0996295443055409,1.7985007801234347e-05,-0.2497979296874874,-0.067537836628533,0.0227454932095549,0.7316786042932419,15.346406450877044,33.886692557304855,3.838454128466394
9.96,31.221238945785664,131.01235397008062,220.935801032843,-0.5897989359631766,0.4287108674679432,-1.454875372553741,-1.2869299873400923,3.3339270538852688,0.0,33.781669213048126,15.869477309934105,-29.61694276678363,-17.022946566204777,100.9710063085761,684.2856325827485,15.288,0.6439999978529746,17.523647547979376,0.0995204580967554,1.7989134696006742e-05,-0.2484803824481266,-0.0666564421260034,0.0226011475288188,0.7291428534925241,15.357435200873798,33.84901033026544,3.858486846239943
9.97,31.22123801602008,131.01235523563838,220.77210542503605,-0.5892572212054696,0.4236867816800615,-1.4541527903499725,-1.3005802757278944,3.351726190106108,0.0,33.744685297954,15.805674164473302,-29.763863446014568,-17.02594798087591,100.97708604819914,682.7989346401318,15.288,0.6473333311751949,17.521471506402538,0.0994113194043909,1.7992995184902707e-05,-0.2471667113569661,-0.0657867268552555,0.0224574012427208,0.7257604513022338,15.368011406439084,33.81123725545499,3.8781616578913085
9.98,31.221237087551952,131.0123564936781,220.60782320736047,-0.58800119880868,0.4181988122984716,-1.453510788016389,-1.3138346111223835,3.3691646639995327,0.0,33.707695700681725,15.741874861931931,-29.90992041079604,-17.02911717980721,100.98347590741136,681.3136387666298,15.288,0.6506666644974153,17.519287660041304,0.0993021637175248,1.7996589112281552e-05,-0.2458582956944309,-0.0649295373432741,0.0223143865373046,0.7215466142432712,15.3781325204284,33.77338563323329,3.897451158052685
9.99,31.221236160382286,131.01235774419044,220.4429574288404,-0.5860371908719438,0.4122558930890139,-1.4529416634959276,-1.326679697794431,3.386218489248962,0.0,33.67070167857256,15.678083573155035,-30.055118994248524,-17.032452558811297,100.99017013939525,679.829796105202,15.288,0.6539999978196358,17.51709604943754,0.0991929947459484,1.7999916454063078e-05,-0.2445564858456789,-0.0640857007655295,0.0221722251642917,0.7165113981271046,15.387807459223108,33.735458124072096,3.916324061539566
10.0,31.221235234511976,131.01235898716627,220.2775111514192,-0.5833722638014635,0.4058673962546029,-1.4524374503506103,-1.3391028476616609,3.4028643535889143,0.0,33.63370447414447,15.614304458918728,-30.199465399763927,-17.035952312537784,100.99716270000752,678.3474569819966,15.288,0.6573333311418561,17.514896715269,0.0990838161557646,1.8002977319533673e-05,-0.2432626095079018,-0.0632560204830204,0.0220310362629387,0.7106657787479488,15.397045692076642,33.6974574424836,3.934749902182177
10.01,31.221234309941845,131.01236022259687,220.11148744698,-0.5800142128536105,0.3990431174778786,-1.4519899296440126,-1.351091987127236,3.4190796368598195,0.0,33.596705315161564,15.5505416689937,-30.34296668443025,-17.039614437233958,101.00444725677978,676.8666709130878,15.288,0.6606666644640765,17.51268969836444,0.0989746315695803,1.8005771947558096e-05,-0.2419779704350599,-0.0624412754050699,0.02189093625807,0.7040216312525205,15.40585722215294,33.65938635474224,3.9526990622429787
10.02,31.22123338667264,131.01236145047386,219.94488938939537,-0.5759715459756439,0.3917932606885917,-1.4515906423912213,-1.3626356630915486,3.4348424279609846,0.0,33.559705414662275,15.486799341233532,-30.48563074168021,-17.043436733805382,101.01201719821115,675.3874866094034,15.288,0.6639999977862969,17.51047503965831,0.0988654445665786,1.8008300702779908e-05,-0.2407038472292789,-0.0616422193903542,0.0217520387631186,0.6965917097857449,15.414252566918812,33.62124767652202,3.9701427994881513
10.03,31.22123246470502,131.01236267078903,219.77772007638927,-0.571253467127736,0.384128422496031,-1.4512309025973795,-1.3737230481165668,3.450131540745657,0.0,33.5227059710735,15.42308160068672,-30.6274662831968,-17.04741681116675,101.01986564333616,673.9099519832644,15.288,0.6673333311085172,17.508252780251144,0.0987562586828774,1.8010564071816313e-05,-0.2394414921796348,-0.0608595806862181,0.0216144544882298,0.6883896275780371,15.422242737803936,33.58304427056711,3.987053272032903
10.04,31.221231544039583,131.0123638835346,219.6099826037009,-0.5658698589056917,0.3760595764224504,-1.4509018108290683,-1.3843439447810209,3.4649265287912696,0.0,33.48570816823688,15.35939255873712,-30.76848282010617,-17.051552089873628,101.02798545155204,672.4341141534651,15.288,0.6706666644307376,17.50602296134919,0.0986470774115927,1.8012562659443607e-05,-0.2381921301487353,-0.0600940614063985,0.0214782911534432,0.6794298374941485,15.429839219355596,33.54477904424338,4.0034035609766425
10.05,31.221230624676863,131.01236508870306,219.44168008098364,-0.559831264615007,0.3675980568894474,-1.4505942683075317,-1.3944887892119977,3.479207699078692,0.0,33.44871317545081,15.29573631226998,-30.90869064349,-17.055839806024647,101.03636923268957,670.9600194501656,15.288,0.673999997752958,17.503785624219066,0.0985379042029624,1.8014297184788328e-05,-0.2369569575077573,-0.0593463370470777,0.0213436534069477,0.6697276132691957,15.437053947827025,33.50645494706673,4.0191676909296845
10.06,31.22122970661728,131.01236628628715,219.27281561789147,-0.5531488700211534,0.3587555428848994,-1.450298991585521,-1.4041486537711918,3.492956124642656,0.0,33.41172214768121,15.232116942867616,-31.04810080424937,-17.060277015423992,101.04500935730955,669.4877134264901,15.288,0.6773333310751783,17.501540810353916,0.0984287424649688,1.801576847752656e-05,-0.2357371411203806,-0.0586170560412056,0.0212106427485332,0.6592990317435377,15.44389928909266,33.46807496834998,4.034320648580139
10.07,31.221228789861232,131.01236747628005,219.10339234296427,-0.5458344841638783,0.3495440416602393,-1.4500065275223823,-1.4133152490024368,3.506153655987189,0.0,33.3747362254253,15.168538516034262,-31.186725092352148,-17.064860597992478,101.05389796720986,668.0172408561825,15.288,0.6806666643973986,17.499288561186454,0.0983195955629387,1.801697747408889e-05,-0.2345338173759828,-0.057906839350996,0.0210793574579051,0.6481609560125304,15.450388016465768,33.42964213450744,4.04883839913532
10.08,31.22122787440905,131.01236865867503,218.9334133827556,-0.5379005202675983,0.3399758719636945,-1.449707268936013,-1.4219809246928523,3.518782931591323,0.0,33.337756535035346,15.105005080450644,-31.324576015496493,-17.06958726241624,101.06302698612356,666.5486457499388,15.288,0.6839999977196191,17.497028918391003,0.0982104668204945,1.8017925213870707e-05,-0.2333480912723871,-0.0572162800984516,0.0209498925283717,0.6363310203497455,15.456533287641523,33.39115950674646,4.062697901081827
10.09,31.22122696026095,131.01236983346587,218.76288187574525,-0.5293599756728858,0.3300636474001925,-1.4493914704514164,-1.4301386702295005,3.530827387151068,0.0,33.30078418861435,15.041520667260672,-31.46166677722264,-17.074453551020916,101.07238813059269,665.0819713545549,15.288,0.6873333310418394,17.494761923626783,0.0981013595192449,1.8018612835465232e-05,-0.2321810355484441,-0.0565459432337081,0.0208223396053174,0.6238276167126934,15.462348621725427,33.35263017835071,4.07587711892289
10.1,31.221226047417144,131.0123710006465,218.59180096339853,-0.520226411751129,0.3198202594610241,-1.4490492648852449,-1.4377821141170388,3.542271263862052,0.0,33.26382028423014,14.978089289389573,-31.598011254506662,-17.07945584485887,101.08197292099824,663.6172601645363,15.288,0.6906666643640598,17.4924876186889,0.097992276899418,1.801904157290653e-05,-0.2310336898666338,-0.0558963652409553,0.0206967869299049,0.6106698838341946,15.467847875630415,33.31405727222985,4.088355034304407
10.11,31.22122513587775,131.01237216021124,218.4201737931444,-0.5105139332317651,0.3092588605489631,-1.448670679894721,-1.4449055227598329,3.55309961555507,0.0,33.22686590597004,14.914714940894608,-31.733623974867182,-17.084590368997727,101.09177269273052,662.1545539273036,15.288,0.6939999976862802,17.490206045447977,0.0978832221600252,1.801921275193448e-05,-0.2299070600457955,-0.0552680538816595,0.0205733192876809,0.5968776992226199,15.473045220381676,33.275443938309,4.100111655375508
10.12,31.22122422564283,131.0123733121546,218.24800352135853,-0.500237167207834,0.2983928469041902,-1.448245654956118,-1.4515037984856485,3.563298314767352,0.0,33.189922124021734,14.85140159634968,-31.868520093019583,-17.08985319799662,101.10177860748009,660.6938936499547,15.288,0.6973333310085005,17.487917245819908,0.0977741984590932,1.801912778627512e-05,-0.2288021173440516,-0.0546614879747632,0.0204520179621891,0.5824716749860122,15.477955117192687,33.23679335092859,4.11112802453796
10.13,31.221223316712383,131.0123744564715,218.07529330342567,-0.489411241891901,0.2872358414258695,-1.4477640586468723,-1.4575724768155895,3.5728540577716084,0.0,33.15298999481563,14.788153210263692,-32.0027153671091,-17.095240261557844,101.11198166463276,659.2353196083793,15.288,0.700666664330721,17.48562126181121,0.0976652089140787,1.8018788173945807e-05,-0.2277197977918802,-0.0540771172135185,0.0203329606935455,0.5674731585602952,15.482592293319968,33.19810870628924,4.121386224659737
10.14,31.22122240908637,131.01237559315695,217.90204630566407,-0.4780517649905355,0.2758016764936701,-1.4472157061097166,-1.4631077230206326,3.5817543685168287,0.0,33.116070561100656,14.724973716533988,-32.13622613455627,-17.1007473503408,101.12237271275096,657.7788713523314,15.288,0.7039999976529414,17.483318135473677,0.0975562566021104,1.801819549358161e-05,-0.2266610015754171,-0.0535153620184884,0.0202162216418276,0.5519042395421041,15.486971717881886,33.15939321982988,4.130869383745104
10.15,31.221221502764685,131.0123767222065,217.72826569141404,-0.4661748018582225,0.2641043767430418,-1.4465903767665362,-1.4681063279576756,3.589987601539597,0.0,33.079164852057,14.661867027934656,-32.26906928754707,-17.10637012192465,101.13294246112191,656.3245877144882,15.288,0.7073333309751617,17.481007908904413,0.0974473445602965,1.801735140078476e-05,-0.2256265924696321,-0.0529766134263893,0.0201018713553894,0.5357877644540212,15.49110857758286,33.1206501236354,4.139561678191418
10.16,31.22122059774716,131.0123778436158,217.55395463097364,-0.4537821636141036,0.2521652666107474,-1.4458719952457115,-1.4725679331925303,3.5975381325077262,0.0,33.04226282638488,14.598837045056891,-32.40126224844495,-17.11210410704687,101.14368149161815,654.8720685337244,15.288,0.7106666642973821,17.478676083391566,0.0973384432134403,1.8016257629383465e-05,-0.2246174027051949,-0.0524612305218137,0.0199899705337265,0.5191379818116032,15.495029805619572,33.08187272596565,4.1474429181545
10.17,31.2212196940336,131.01237895738086,217.37911629563925,-0.4408897553468935,0.2399990811042434,-1.4450494471038748,-1.476491073834978,3.604394802699464,0.0,33.005364914068885,14.535887699735811,-32.53282295530197,-17.11794472191221,101.15458028165916,653.4213300115135,15.288,0.7139999976196025,17.47632175810328,0.0972295538336198,1.8014916029517865e-05,-0.2236342644352053,-0.0519695256726092,0.0198805859628225,0.5019782848096186,15.49875162058635,33.04306377132898,4.154498247612639
10.18,31.221218791623727,131.01238006349783,217.20375386267145,-0.4275304395008893,0.2276127350177994,-1.4441185135457588,-1.4798721450452397,3.6105532655031007,0.0,32.9684838591179,14.473022848564348,-32.6637698402948,-17.123887276814255,101.16562921995148,651.9728753118161,15.288,0.7173333309418228,17.473960369046967,0.0971207139683482,1.8013328509233473e-05,-0.2226779383062457,-0.0515017974401111,0.0197737851362583,0.4843437542821603,15.502277450074644,33.00423708988766,4.160720458031459
10.19,31.22121789051728,131.0123811619634,217.02787050933472,-0.4137219229367543,0.2150208350180324,-1.4430690074948591,-1.4827103756546232,3.61600521847482,0.0,32.931620638667944,14.410246314630037,-32.79412179041448,-17.129926974804654,101.17681860355916,650.5267404976822,15.288,0.7206666642640432,17.47159195901648,0.0970119265012714,1.8011497032518486e-05,-0.2217491376394958,-0.0510583191418095,0.0196696238989072,0.4662606411216982,15.505623097056771,32.96539595317082,4.166097929538287
10.2,31.221216990713888,131.01238225277433,216.85146941090807,-0.3994822577397729,0.2022380944341478,-1.4418907969294117,-1.4850055886900944,3.620743190164903,0.0,32.894776216818315,14.34756189784524,-32.923898120610595,-17.136058917604615,101.18813864841336,649.0829609510099,15.288,0.7239999975862637,17.46921657079036,0.0969031942775884,1.8009423621987203e-05,-0.2208485371884579,-0.0506393346993495,0.0195681543899635,0.4477562487886875,15.50880446147489,32.92654363644107,4.1706200879289
10.21,31.221216092213165,131.01238333592764,216.6745537516188,-0.3848298184751656,0.1892793162468355,-1.440573822962122,-1.486758193277326,3.6247605370325946,0.0,32.85795154485014,14.284973374655705,-33.053118547794206,-17.142278112167645,101.19957950087532,647.641571383782,15.288,0.727333330908484,17.466834247254216,0.0967945201047022,1.8007110355349268e-05,-0.219976772867773,-0.0502450587305321,0.0194694250391279,0.4288590794265179,15.511837516507423,32.88768341624053,4.174277400402348
10.22,31.221215195014693,131.01238441142067,216.49712670476444,-0.3697832789992344,0.176159376365138,-1.4391081176959857,-1.4879691760114404,3.6280514392974337,0.0,32.82114756116835,14.222484497786503,-33.18180316471027,-17.14857947729896,101.21113124924692,646.2026058393566,15.288,0.7306666642307043,17.46444503115602,0.0966859067520396,1.800455936191016e-05,-0.2191344415298283,-0.0498756766730554,0.0193734805670294,0.4095990337445115,15.514738285397057,32.84881856770546,4.177061370074281
10.23,31.22121429911799,131.0123854792511,216.31919145358407,-0.3543615897803328,0.1628932067671102,-1.4374838221454445,-1.4886400916781484,3.630610896046564,0.0,32.784365191649044,14.160098996025292,-33.30997241370876,-17.154957850320873,101.22278393521552,644.7660977082313,15.288,0.7339999975529247,17.462048965396676,0.0965773569520904,1.8001772819097385e-05,-0.2183221007884059,-0.0495313449394121,0.019280361990111,0.390007685562538,15.517522818159168,32.80995236226474,4.178964529638106
10.24,31.221213404522555,131.01238653941675,216.140751174364,-0.3385839546367597,0.1494957790516325,-1.435691203798133,-1.4887730535106438,3.632434719260752,0.0,32.74760534957252,14.097820574043409,-33.437647060446245,-17.161407993770048,101.23452756521507,643.3320797297848,15.288,0.7373333308751451,17.459646092770026,0.096468873400186,1.7998752949022677e-05,-0.2175402688888868,-0.0492121911021861,0.0191901066295281,0.3701186595413215,15.520207169079644,32.77108806498843,4.17998043383144
10.25,31.221212511227822,131.01238759191563,215.9618090503508,-0.3224698078504024,0.1359820879779113,-1.43372067406836,-1.4883707228696403,3.6335195270740215,0.0,32.71086893582326,14.035652912255236,-33.564848167547325,-17.16792460211548,101.24635212169,641.900584001824,15.288,0.7406666641973654,17.457236456054627,0.0963604587551107,1.7995502015069827e-05,-0.216789424624557,-0.0489183141089412,0.0191027481242386,0.349968155669124,15.522807374320871,32.73222893220132,4.180103651056364
10.26,31.221211619233248,131.01238863674624,215.78236825584904,-0.3060387913174484,0.1223671351803706,-1.4315628055317016,-1.4874362984182887,3.633862736182955,0.0,32.67415683908919,13.973599666714266,-33.69159706825592,-17.17450230848564,101.25824757424697,640.4716419921757,15.288,0.7439999975195858,17.45482009810549,0.0962521156396742,1.7992022318513336e-05,-0.2160700072979393,-0.0486497845261292,0.0190183164481368,0.3295956843776009,15.5253394299549,32.6933782091231,4.1793297540937315
10.27,31.221210728538207,131.0123896739071,215.60243196317967,-0.289310731423802,0.1086659132303945,-1.4292083487255034,-1.4859735048661808,3.6334625533138,0.0,32.63746993582135,13.911664469047183,-33.817915340105365,-17.181135691393045,101.27020389068008,639.0452845398603,15.288,0.7473333308418063,17.452397061624705,0.0961438466405959,1.7988316195173016e-05,-0.2153824167268396,-0.0484066448110648,0.0189368379309396,0.3090451094215581,15.527819270716506,32.65453912732335,4.177655309807715
10.28,31.221209839142062,131.012390703397,215.4220033466556,-0.272305616520293,0.0948933896662983,-1.4266482488162675,-1.483986581181278,3.632317966048232,0.0,32.60080909056075,13.849850926425244,-33.94382477863648,-17.18781928144503,101.28221104785617,637.6215418702951,15.288,0.7506666641640266,17.449967389421403,0.0960356543094758,1.798438601209352e-05,-0.2147270132940831,-0.0481889096112974,0.0188583352830742,0.288366149873262,15.53026274886202,32.61571490253879,4.175077868190411
10.29,31.221208951044154,131.01239172521517,215.2410855786053,-0.2550435739599065,0.0810644914981624,-1.4238736617136538,-1.481480268446931,3.6304287326940665,0.0,32.56417515587586,13.788162621572878,-34.069347371191206,-17.194547568030682,101.29425904244712,636.2004435967388,15.288,0.753999997486247,17.447531124151784,0.095927541162593,1.798023416426607e-05,-0.2141041180402876,-0.047996566090506,0.0187828276240903,0.2676165783298672,15.5326856139772,32.57690873217544,4.171595950411555
10.3,31.22120806424376,131.01239273936085,215.05968182241648,-0.2375448477020298,0.0671940897452085,-1.4208759699202185,-1.4784597972454985,3.627795371539694,0.0,32.52756897260975,13.726603112812782,-34.194505270810524,-17.201315005972905,101.30633790149642,634.7820187315336,15.288,0.7573333308084674,17.445088308472045,0.0958195096816557,1.7975863071372826e-05,-0.2135140127987812,-0.0478295742801235,0.0187103305147809,0.2468654987988357,15.535103493012874,32.53812379312571,4.167209036241492
10.31,31.221207178740183,131.01239374583355,214.8777952434688,-0.2198297758967475,0.0532969843056143,-1.4176467979154408,-1.474930874681771,3.624419149326612,0.0,32.490991370000955,13.665175934148063,-34.319320770262706,-17.208116022136213,101.31843769280836,633.3662956949473,15.288,0.7606666641306877,17.44263898502308,0.0957115623141341,1.7971275174576963e-05,-0.2129569403718232,-0.047687867455838,0.0186408559927962,0.2261983310470708,15.537531871048197,32.49936323951126,4.1619175506892105
10.32,31.22120629453268,131.01239474463318,214.69542899919503,-0.2019187685623515,0.0393878891248603,-1.4141780270083544,-1.4708996710555091,3.620302068997299,0.0,32.45444316574722,13.603884595379892,-34.443816276229605,-17.214945021980636,101.33054853514837,631.9533023193909,15.288,0.7639999974529081,17.44018319633873,0.0956037014734672,1.7966472933338877e-05,-0.2124331047471925,-0.0475713525381367,0.0185744126115328,0.2057245451688771,15.539986072730985,32.46063020041566,4.155722849898748
10.33,31.221205411620456,131.01239573575967,214.5125862440513,-0.1838322856259622,0.0254814175644789,-1.4104618097816397,-1.466372806174172,3.615446856824194,0.0,32.41792516618372,13.542732582261406,-34.56801428367629,-17.221796396052643,101.34266060824328,630.5430658600893,15.288,0.7673333307751286,17.43772098490696,0.0954959295395705,1.7961458822275542e-05,-0.2119426713543245,-0.0474799105159763,0.0185110054824241,0.1855898964154867,15.54248124423748,32.42192777776296,4.148627206445472
10.34,31.221204530002726,131.01239671921329,214.3292701275276,-0.1655908151198333,0.0115920680889172,-1.406490583955222,-1.461357335362148,3.609856948879109,0.0,32.3814381664142,13.48172335668682,-34.69193735042982,-17.228664526404547,101.35476416257232,629.135613001939,15.288,0.7706666640973489,17.435252393169833,0.09538824885924,1.7956235328054632e-05,-0.2114857673589073,-0.0474133968927636,0.0184506363202988,0.1659960653769395,15.545032335946871,32.38325904419918,4.140633793967083
10.35,31.22120364967869,131.01239769499446,214.1454837971304,-0.1471834154577082,-0.0022519306049817,-1.4022450237967925,-1.455865262624534,3.603526129165296,0.0,32.34496178873072,13.420860390955363,-34.81560807446953,-17.235543794424498,101.36684953154996,627.7301484821108,15.288,0.7739999974195692,17.432748686340563,0.0952805994091337,1.7950804967517843e-05,-0.2110625044436855,-0.0473716323310152,0.0183932934143267,0.1472006418655735,15.547677334674464,32.34460805629856,4.131735148004612
10.36,31.221202770647533,131.0123986631039,213.961230386458,-0.1286583717809075,-0.0160487508276671,-1.3977281577211225,-1.4499009301812436,3.5964672010947014,0.0,32.30851576446063,13.36014715023134,-34.9390490851771,-17.242428596876017,101.37890715794852,626.3274356464347,15.288,0.7773333307417896,17.430235409154967,0.0951730393178629,1.7945170301514283e-05,-0.2106729734801314,-0.0473544057174607,0.0183389860673624,0.1296554611239848,15.550410057723358,32.30599483260862,4.121945297887501
10.37,31.221201892908407,131.0123996235425,213.7765130330878,-0.1100396482788199,-0.0297858801083258,-1.3929346543158858,-1.4434721266139083,3.5886867415724177,0.0,32.27210321480484,13.29958702498958,-35.06228300829422,-17.249313345939136,101.39092759210224,624.9275911602577,15.288,0.7806666640640099,17.42771579775107,0.0950655777842307,1.793933387364098e-05,-0.2103171894172501,-0.0473614989397087,0.0182877074640628,0.1139996568276145,15.553242172987444,32.26742445990913,4.111271246298771
10.38,31.22120101646045,131.01240057631145,213.59133485969417,-0.0913476690473327,-0.0434494317093465,-1.387858217050102,-1.436587494066505,3.580190892811992,0.0,32.23572489188073,13.239183382900656,-35.18533243325691,-17.25619247029185,101.40290149200985,623.5306395085902,15.288,0.7839999973862303,17.425189894762887,0.0949582170282245,1.7933298226569138e-05,-0.2099951297954559,-0.0473926706889012,0.0182394461996944,0.1011545755575518,15.556187673448758,32.22889987176184,4.099719610865565
10.39,31.22120014130284,131.012401521412,213.40569898796213,-0.0726027810413967,-0.057025700477712,-1.382492895966696,-1.4292560359472,3.570986431673925,0.0,32.199381537223445,13.178939569187245,-35.308219889118895,-17.263060421022338,101.4148196318833,622.1366046448225,15.288,0.7873333307084507,17.422657742808934,0.0948509592386174,1.7927065899569753e-05,-0.2097067358433034,-0.0474476567298617,0.0181941877378978,0.0923205967777018,15.559260280081002,32.190423962618006,4.087297826056863
10.4,31.221199267434656,131.01240245884568,213.21960852765568,-0.053825233754033,-0.0705011751045892,-1.3768330977819807,-1.4214871016262445,3.561080752835125,0.0,32.16307388177648,13.118858907012214,-35.43096782085336,-17.269911677445368,101.42667291046972,620.7455099933487,15.288,0.790666664030671,17.42011938430634,0.0947438065729333,1.792063942563556e-05,-0.2094519129829562,-0.0475261704614286,0.0181519144726661,0.0886993236563198,15.562473429028136,32.15199958588213,4.074014124601249
10.41,31.221198394855023,131.0124033886142,213.0330665845665,-0.0350351596557639,-0.0838625502077743,-1.370873595431396,-1.4132903709387432,3.5504818516634087,0.0,32.126802646153244,13.058944697896388,-35.55359856602359,-17.2767407528,101.43845235911036,619.3573784616683,15.288,0.7939999973528915,17.41757486165673,0.0946367611582277,1.7914021328652845e-05,-0.2092305313668953,-0.0476279034926892,0.0181126057927918,0.0908866814364861,15.565840259242565,32.11362955227461,4.0598775186242255
10.42,31.221197523563045,131.01240431071955,212.8460762555493,-0.0162525546226961,-0.0970967378845812,-1.3646095367879132,-1.4046758386238103,3.539198306583699,0.0,32.09056854064913,12.999200222167262,-35.67613433184342,-17.28354219982372,101.45014914953128,617.9722324441153,15.288,0.7973333306751119,17.41502421709133,0.0945298250911097,1.790721412062542e-05,-0.2090424264446376,-0.047752526234241,0.0180762381484252,0.0984475585625338,15.569373601165756,32.075316628028084,4.044897780269726
10.43,31.221196653557808,131.01240522516375,212.65864062752223,0.002502741014963,-0.1101908789958227,-1.358036452728571,-1.3956537986404098,3.527239261160484,0.0,32.05437226540914,12.939628739435395,-35.79859717264653,-17.290310616198397,101.46175460136064,616.5900938302683,15.288,0.8006666639973322,17.41246749273292,0.0944230004382459,1.790022029895408e-05,-0.2088873995583821,-0.0478996885035341,0.0180427851197835,0.1102192973960332,15.57308596600211,32.037063533281746,4.029085422036987
10.44,31.22119578483844,131.01240613194915,212.47076278045327,0.0212110609912205,-0.123132354085694,-1.3511502644869235,-1.3862348284106387,3.5146144058656543,0.0,32.01821451061729,12.880233489099547,-35.92100896778251,-17.297040649864194,101.47326018936964,615.2109840144318,15.288,0.8039999973195526,17.409904730688776,0.0943162892369241,1.7893042343777152e-05,-0.2087652185663778,-0.0480690201433994,0.0180122174878566,0.1249459284585916,15.576989535735178,31.99887294055467,4.012451676798132
10.45,31.221194917403988,131.01240703107828,212.28244578934647,0.0398529315829425,-0.1359087937610709,-1.343947290150875,-1.3764297730678692,3.501333959435488,0.0,31.98209595644799,12.821017690877984,-36.04339139995801,-17.303727004198212,101.48465755043284,613.8349238974853,15.288,0.807333330641773,17.407335972818313,0.0942096934948865,1.7885682715369066e-05,-0.208675618492903,-0.0482601316528272,0.0179845033068858,0.1416313997617976,15.581096154174478,31.96074747306617,3.995008477386217
10.46,31.221194051253544,131.01240792255376,212.0936927093317,0.0584090891922728,-0.1485080888782784,-1.3364242505420478,-1.366249729621564,3.487408650110784,0.0,31.946017273319367,12.76198454536636,-36.16576593403986,-17.31036444305423,101.49593849020609,612.461933897546,15.288,0.8106666639639933,17.40476126091898,0.0941032151911033,1.7878143851603532e-05,-0.2086183022037494,-0.0484726148290569,0.0179596079786796,0.159581535655985,15.585417318425442,31.922689703388457,3.976768436054002
10.47,31.2211931863862,131.01240880637843,211.90450659554628,0.0768604978102318,-0.160918400200888,-1.3285782742623633,-1.3557060311635043,3.4728496965490123,0.0,31.909979121942687,12.703137234620124,-36.28815379633648,-17.316947795661218,101.50709498951836,611.0920339551905,15.288,0.8139999972862138,17.402180636633297,0.0939968562759017,1.7870428165479786e-05,-0.2085929411057955,-0.0487060434201703,0.0179374943284946,0.1783318595023342,15.589964171341638,31.884702151978523,3.957744823582696
10.48,31.22119232280101,131.01240968255533,211.71489049319243,0.095188365840009,-0.1731281677379675,-1.3204069020358442,-1.3448102310714882,3.4576687885948147,0.0,31.873982153493248,12.644478922760737,-36.41057595437207,-17.323471961378413,101.518119210478,609.7252435422249,15.288,0.817333330608434,17.399594141526325,0.0938906186714719,1.786253804272196e-05,-0.2085991758696911,-0.0489599737872017,0.0179181226824631,0.1975706452872244,15.59474749458484,31.846787285881916,3.9379515482241754
10.49,31.22119146049708,131.01241055108767,211.52484742859644,0.1133741626928914,-0.185126119581409,-1.3119080902040363,-1.3335740872879842,3.441878067806755,0.0,31.83802700963444,12.586012756604386,-36.53305309716992,-17.329931914304716,101.52900350229008,608.3615816647377,15.288,0.8206666639306543,17.397001816961737,0.0937845042719418,1.7854475839446142e-05,-0.2086366171744869,-0.0492339455748631,0.0179014509463292,0.2170837077905725,15.599777702587176,31.808947517368384,3.9174031343580076
10.5,31.221190599473463,131.01241141197875,211.3343804300751,0.131399634740073,-0.1969012804077791,-1.3030802135312496,-1.322009546639082,3.4254901079022404,0.0,31.80211432265097,12.527741866312192,-36.65560561605649,-17.33632270774149,101.53974040678628,607.001066870575,15.288,0.8239999972528748,17.394403704132788,0.0936785149437688,1.7846243879901112e-05,-0.2087048464727747,-0.0495274823900997,0.0178874346855113,0.2367190534485099,15.605064837113632,31.77118520272957,3.896114701037127
10.51,31.22118973972924,131.0124122652322,211.14349250210003,0.1492468206764158,-0.2084429796137974,-1.2939220672967169,-1.3101287292242632,3.408517895124352,0.0,31.766244715647726,12.46966936606085,-36.778253586001455,-17.342639478506953,101.55032266366553,605.6437172596804,15.288,0.8273333305750952,17.391799844186256,0.0935726525263172,1.7837844454289222e-05,-0.2088034167753894,-0.049840092487498,0.0178760272063747,0.2563649565804119,15.610618562456166,31.73350264119993,3.8741019404191133
10.52,31.221188881263487,131.01241311085167,210.95218665014107,0.1669149576018695,-0.2197339802414922,-1.2844267488340655,-1.2979461407084112,3.3909694794593617,0.0,31.730408490936405,12.411798362088875,-36.90101674768594,-17.348877451216275,101.56074321563756,604.2891577267699,15.288,0.8306666638973155,17.389175826977553,0.0934668884574021,1.782927982049918e-05,-0.2089318582296466,-0.0501712674667951,0.0178671742403606,0.2759410961673346,15.616460110338856,31.69589284264151,3.8513751138944126
10.53,31.22118802407531,131.012413948841,210.76046586079056,0.1843924560764824,-0.2307620091423318,-1.2745912544103777,-1.2854753082730856,3.372855876711533,0.0,31.694602938824147,12.354132001139543,-37.02391450143845,-17.355031949563752,101.57099522516404,602.9372806858081,15.288,0.8339999972195359,17.386526812607947,0.0933612147592408,1.7820552246629782e-05,-0.209089718550872,-0.0505204664804798,0.0178608271400801,0.2953836469357772,15.622602342202196,31.6583550251894,3.827948066401467
10.54,31.22118716816379,131.0124147792042,210.56833311170152,0.2016397958371894,-0.241526568090522,-1.2644235642365835,-1.2727259463831333,3.3541979247954674,0.0,31.658842463115818,12.296673365212294,-37.14696589689222,-17.36109840451205,101.5810720858729,601.5886294042504,15.288,0.8373333305417564,17.3838721008331,0.0932556738643603,1.7811663956308474e-05,-0.2092764830174423,-0.0508871507384494,0.017856941765441,0.3146322448909081,15.629037803232348,31.62090367087937,3.8038456860256313
10.55,31.221186313528047,131.0124156019455,210.37579137059404,0.2186402909583343,-0.2520182931087562,-1.2539241593527828,-1.2597107040916469,3.3350100758435035,0.0,31.62312765134932,12.23942550968662,-37.270189599759526,-17.36707234748678,101.59096740903,600.2432202278067,15.288,0.8406666638639767,17.38121173265655,0.0931502675071817,1.7802617122958628e-05,-0.2094915987945227,-0.0512707743228374,0.0178554631704339,0.3336412573438902,15.635774596349815,31.58354083808879,3.7790857441171335
10.56,31.22118546016716,131.0124164170692,210.18284358929185,0.2353776183047139,-0.2622281588127186,-1.2430939412577395,-1.2464423272469691,3.315307096411417,0.0,31.58745908229785,12.182391477524195,-37.39360387439096,-17.37294941292574,101.60067502565242,598.9010690812306,15.288,0.8439999971861971,17.378545748924914,0.0930449973962537,1.7793413875714744e-05,-0.2097344887161046,-0.0516707794910339,0.0178563345643289,0.3523717406945906,15.6428204335372,31.54626852323399,3.753686476713318
10.57,31.22118460808024,131.0124172245797,209.98949271366064,0.2518358299819227,-0.2721474839905295,-1.2319342295438809,-1.2329336438051617,3.2951040477103346,0.0,31.551837326100948,12.125574300034632,-37.51722656852467,-17.378725341679957,101.61018899001236,597.5621914745807,15.288,0.8473333305084175,17.375874190374976,0.0929398652146548,1.7784056297723286e-05,-0.2100045521630347,-0.0520865973839969,0.017859497397603,0.3707897805342366,15.65018263501654,31.509088660025466,3.7276665625006724
10.58,31.22118375726642,131.0124180244818,209.795741668702,0.2679993655391899,-0.2817679366512828,-1.2204467587599654,-1.2191975493833953,3.2744162658357143,0.0,31.51626294422523,12.068976997651667,-37.64107509863964,-17.38439598426809,101.61950358286624,596.22660250431,15.288,0.8506666638306378,17.37319709744536,0.0928348726198696,1.777454642453809e-05,-0.2103011659521259,-0.0525176487356857,0.0178648914481827,0.3888653379319934,15.657868129198592,31.472003118636295,3.701045100692463
10.59,31.2211829077248,131.01241881678013,209.60159338041544,0.2838530631346676,-0.2910815388575833,-1.2086336747646076,-1.2052469929708427,3.2532593422536764,0.0,31.48073648972382,12.012602580719324,-37.76516643591992,-17.389957303984467,101.6286133144106,594.8943168651938,15.288,0.8539999971528582,17.37051451051191,0.0927300212445529,1.7764886242616337e-05,-0.2106236852355168,-0.0529633445827098,0.0178724549081373,0.4065714334859007,15.66588345282926,31.435013705203275,3.673841589100036
10.6,31.22118205945456,131.0124196014795,209.4070507459856,0.2993821705549414,-0.3000806709860528,-1.1964975302756584,-1.1910949629228171,3.231649104296245,0.0,31.44525850726,11.956454050286004,-37.88951709283671,-17.395405379862904,101.63751292696956,593.5653488530232,15.288,0.8573333304750786,17.367826469793577,0.0926253126966048,1.7755077687913237e-05,-0.2109714444088964,-0.0534230869735358,0.0178821244704047,0.4238835613927482,15.674234751934248,31.39812216118212,3.6460759021110047
10.61,31.22118121245483,131.01242037858515,209.212116662602,0.31457235579085,-0.3087580755350632,-1.1840412797512527,-1.176754473215582,3.2096015957736608,0.0,31.409829533073168,11.90053439890541,-38.0141431103515,-17.40073640949706,101.64619739741724,592.2397123659008,15.288,0.860666663797299,17.36513301517975,0.0925207485590615,1.774512264458335e-05,-0.2113437580277572,-0.0538962696763879,0.0178938354156063,0.4407792626155278,15.682927783332378,31.361330162716214,3.6177682686955914
10.62,31.22118036672476,131.0124211481021,209.01679400658887,0.3294097164656367,-0.3171068607604023,-1.1712682738446445,-1.1622385498833,3.187133057944361,0.0,31.37445009529733,11.844846611442422,-38.13906004574697,-17.405946711720205,101.6546619393398,590.9174209178998,15.288,0.8639999971195192,17.362434186559835,0.0924163303910401,1.7735022943780944e-05,-0.2117399217303771,-0.0543822788851928,0.0179075216990211,0.4572378095652673,15.691967916198465,31.32463932038499,3.5889392506967326
10.63,31.22117952226351,131.01242191003564,208.82108564831336,0.34388078945564,-0.3251205036102893,-1.1581822529970192,-1.14756021781784,3.1642599104508053,0.0,31.33912071384524,11.78939366588224,-38.26428296108752,-17.41103272914495,101.6629020049407,589.5984876364367,15.288,0.8673333304417397,17.359730023540774,0.0923120597274031,1.7724780362577554e-05,-0.2121592131664063,-0.0548804939228709,0.0179231160372053,0.4732399708342512,15.701360134587937,31.28805117862793,3.5596097209612068
10.64,31.221178679070256,131.01242266439124,208.6249944372773,0.3579725594522488,-0.3327928524542834,-1.1447873406461295,-1.1327324877849771,3.1409987326231943,0.0,31.30384190058884,11.734178534142275,-38.389826412313134,-17.415991030566186,101.67091328669524,588.2829252720342,15.288,0.8706666637639601,17.35702056558828,0.0922079380792723,1.7714396622975084e-05,-0.212600892930064,-0.0553902879412441,0.0179405499946201,0.4887678333345004,15.711109040027225,31.251567215497424,3.5298008417653954
10.65,31.2211778371442,131.0124234111744,208.428523217025,0.3716724672425548,-0.340118129305989,-1.1310880357442594,-1.1177683437652008,3.1173662449280384,0.0,31.268614159383496,11.679204182884328,-38.51570443896868,-17.420818313228807,101.67869171875832,586.970746200026,15.288,0.8739999970861804,17.354305851948368,0.0921039669341213,1.7703873391042936e-05,-0.2130642054970232,-0.055911028616829,0.0179597540698323,0.5038046666836109,15.721218854680323,31.21518884233485,3.499534043261209
10.66,31.22117699648453,131.01242415039076,208.2316748142105,0.3849684172333902,-0.3470909317280976,-1.1170892048474432,-1.1026807305655355,3.093379290730768,0.0,31.233437986209807,11.624473574324844,-38.64193055456996,-17.42551140496249,101.6862334781304,585.6619624288081,15.288,0.8773333304084008,17.351585921741535,0.0920001477561766,1.7693212276157276e-05,-0.2135483801636182,-0.056442078841989,0.0179806577814553,0.5183348186838248,15.73169342473837,31.1789174036142,3.468831002148883
10.67,31.22117615709048,131.0124248820461,208.0344520395924,0.3978487846946782,-0.3537062342376519,-1.1027960735693707,-1.087482541772702,3.0690548182379302,0.0,31.19831386916043,11.569989667043648,-38.7685177376075,-17.43006726618625,101.69353498558822,584.3565856005532,15.288,0.8806666637306213,17.348860813837184,0.0918964819863917,1.7682414830356803e-05,-0.2140526319876261,-0.0569827974106932,0.0180031897534999,0.5323436342006482,15.742536224333646,31.142754176709136,3.4377136204009044
10.68,31.221175318961247,131.01242560614637,207.8368576959841,0.4103024221494266,-0.3599593894407187,-1.088214217672277,-1.0721866079815316,3.0444098628114724,0.0,31.163242288599847,11.515755416787416,-38.89547842318792,-17.434482991784616,101.70059290638396,583.0546269996265,15.288,0.8839999970528416,17.346130566979195,0.0917929710429084,1.76714825478155e-05,-0.2145761627295374,-0.0575325396982971,0.0180272778003188,0.545817391425028,15.753750359555552,31.106700371875647,3.4062040042638078
10.69,31.221174482096085,131.0124263226975,207.6388945673212,0.422356080367584,-0.365831979546155,-1.0733364412410185,-1.0568104001448344,3.0194496387975,0.0,31.128202963203314,11.461773805371338,-39.02282449771729,-17.438755814440988,101.70740415323468,581.7553218120136,15.288,0.887333330375062,17.343365093719353,0.0916895551893132,1.7660416883693246e-05,-0.2151181846805955,-0.0580906492578686,0.0180528388952465,0.5587622676470535,15.765363905276534,31.07073860068564,3.374311108831634
10.7,31.221173646494243,131.01242703170564,207.44056542860045,0.4339687438354298,-0.3713319094472303,-1.058179004872425,-1.0413631488159651,2.9941998359962425,0.0,31.09321371049923,11.40804783332756,-39.15056731026448,-17.44288311846006,101.7139659058878,580.4593310725323,15.288,0.8906666636972824,17.340589284373856,0.0915862869113747,1.7649219276973427e-05,-0.2156779225139353,-0.0586564582291998,0.0180798133879172,0.5711511365626637,15.777358213894695,31.03488543888918,3.342067125589285
10.71,31.221172812154983,131.01242773317705,207.24187303594164,0.4451242249160043,-0.3764581390281476,-1.0427506764852543,-1.0258566394358883,2.9686796120823264,0.0,31.058278594043703,11.35458045069534,-39.27871765584052,-17.446862434677534,101.72027560049536,579.1667999211281,15.288,0.8939999970195027,17.337808386168398,0.0914831781815806,1.763789108797501e-05,-0.2162545448596557,-0.0592293154887353,0.0181081293247368,0.5829695144835897,15.789730905227602,30.99914511331944,3.309496858614376
10.72,31.2211719790776,131.01242842711807,207.0428201335436,0.4558132979072057,-0.3812075516865472,-1.0270583338285864,-1.0103033280903824,2.9429061937620355,0.0,31.023398063868168,11.301374607207316,-39.407285758961685,-17.450691434906254,101.72633091836737,577.8777382205635,15.288,0.8973333303417231,17.335022437536697,0.0913802303285472,1.7626433616680983e-05,-0.2168472093498861,-0.0598085697200946,0.0181377120674758,0.594206945672135,15.802483638825338,30.963518563455448,3.2766230331120187
10.73,31.22117114726139,131.01242911353512,206.8434094536842,0.4660272393881954,-0.3855774083140661,-1.0111091544960322,-0.9947155536240851,2.9168968117774625,0.0,30.98857256250484,11.248433253609436,-39.53628126834492,-17.454367933137398,101.73212978548813,576.592155493297,15.288,0.9006666636639435,17.332231476674057,0.0912774446587615,1.7614848103645775e-05,-0.2174550649364232,-0.060393569503347,0.0181684865769125,0.6048537402538504,15.815617730765426,30.928006661985663,3.2434684776462492
10.74,31.22117031670564,131.01242979243477,206.64364371473303,0.4757578313056227,-0.3895653462229178,-0.99491060464622,-0.9791055278674516,2.8906686851624235,0.0,30.95380252518717,11.195759342403743,-39.66571325231088,-17.45788988668303,101.73767037192285,575.3100609307539,15.288,0.9039999969861638,17.32943554174398,0.0911748224571712,1.760313573011952e-05,-0.2180772528161966,-0.0609836639463187,0.0182003774930725,0.6149009555070329,15.82913415898899,30.892610215177854,3.210056104387704
10.75,31.22116948740968,131.01243046382368,206.4435256191652,0.4849973642327811,-0.3931693774609614,-0.978470427193705,-0.9634853262906544,2.8642390056437543,0.0,30.919088379667503,11.143355828575624,-39.79559019480723,-17.461255397208802,101.74295109103564,574.0314633890767,15.288,0.907333330308384,17.326634670528502,0.0910723649866347,1.7591297618291077e-05,-0.2187129073508058,-0.0615782033061167,0.0182333092142188,0.6243403803793317,15.843033569250718,30.857329962962137,3.176408889346767
10.76,31.221168659372864,131.01243112770857,206.24305785355773,0.4937386393065678,-0.3963878870825231,-0.9617966299530516,-0.9478668789078664,2.8376249226509795,0.0,30.884430546468003,11.091225670302704,-39.92591999204772,-17.46446271165935,101.74797059852412,572.7563713987219,15.288,0.9106666636306046,17.323828900714286,0.0909700734886881,1.757933483164951e-05,-0.2193611569794862,-0.0621765396003393,0.0182672059749308,0.6331645217991285,15.857316280652975,30.82216657945423,3.142549853092161
10.77,31.22116783259452,131.01243178409632,206.04224309753835,0.5019749701687198,-0.3992196308885534,-0.9448974734139544,-0.9322619615873516,2.8108435285433035,0.0,30.849829438846168,11.039371829644232,-40.05670994976086,-17.467510223078616,101.75272779127693,571.4847931667513,15.288,0.9139999969528247,17.32101826976547,0.0908679491834103,1.756724837545581e-05,-0.2200211251243485,-0.0627780272076697,0.018301991922937,0.6413665929646414,15.871982291632172,30.78712067327653,3.1085020415371356
10.78,31.22116700707401,131.0124324329938,205.8410840048988,0.509700184216172,-0.4016637329058832,-0.9277814582970147,-0.9166821876867526,2.7839118442694835,0.0,30.815285462856973,10.987797273209177,-40.18796678104286,-17.470396471328225,101.75722180606034,570.2167365793673,15.288,0.9173333302750452,17.31820281493956,0.0907659932696342,1.7555039197328072e-05,-0.220691931087409,-0.0633820234573184,0.0183375911946847,0.6489405028323039,15.88703128590546,30.75219278801675,3.0742885069956953
10.79,31.221166182810727,131.0124330744081,205.6395832304304,0.5169086233250935,-0.4037196825514926,-0.9104573129545795,-0.901139000031555,2.756846805417068,0.0,30.78079901742284,10.936504972801227,-40.31969660480812,-17.473120143705362,101.76145201803968,568.9522092068598,15.288,0.9206666635972656,17.31538257331921,0.0906642069251416,1.754270818793707e-05,-0.2213726909386133,-0.0639878892069304,0.0183739279897093,0.6558808465617734,15.902462638470327,30.717383402743778,3.0399322894809084
10.8,31.221165359804058,131.01243370834632,205.43774340408487,0.5235951441172884,-0.4053873314692773,-0.8929339805804318,-0.885643663241684,2.7296652486391086,0.0,30.746370494381058,10.88549790603922,-40.451904944829536,-17.475680075463647,101.76541803914182,567.691218307124,15.288,0.923999996919486,17.31255758181224,0.0905625913068021,1.753025618182011e-05,-0.2220625183939932,-0.0645949894086309,0.0184109266436372,0.6621828967081986,15.918275421676938,30.682692932552357,3.0054563982103235
10.81,31.2211645380534,131.01243433481562,205.2355671438922,0.5297551178593605,-0.4066668900153252,-0.8752206062336076,-0.8702072564162463,2.7023838984336765,0.0,30.71200027846388,10.834779056950628,-40.5845967293618,-17.478075250238465,101.76911971626434,566.4337708266838,15.288,0.9273333302417064,17.30972787705625,0.0904611475505132,1.7517683958288092e-05,-0.2227605256834185,-0.0652026936627856,0.0184485116997788,0.6678425949883152,15.93446841141479,30.64812172909554,2.970883793285932
10.82,31.22116371755816,131.01243495382332,205.03305705596296,0.5353844295900309,-0.4075589235504647,-0.857326523833881,-0.8548406661257754,2.6750193544039047,0.0,30.677688747428324,10.784351416537122,-40.717776291339824,-17.480304800379216,101.77255712933724,565.1798734068502,15.288,0.9306666635639268,17.306893495545804,0.0903598767715896,1.750499224244692e-05,-0.2234658244072495,-0.0658103767591425,0.0184866079793813,0.6728565442447672,15.951040093126805,30.613670081297094,2.936237367681116
10.83,31.221162898317765,131.01243556537676,204.83021573051008,0.5404794769771623,-0.408064348367798,-0.8392612430027152,-0.8395545797658017,2.6475880788553168,0.0,30.64343627207516,10.7342179833096,-40.85144736914264,-17.48236800719088,101.7757305892434,563.9295323859644,15.288,0.9339999968861472,17.304054473600598,0.0902587800648208,1.749218170632234e-05,-0.2241775263809975,-0.0664174192051296,0.0185251406503417,0.6772220007355748,15.9679886679637,30.57933821601031,2.901539929366643
10.84,31.221162080331663,131.01243616948335,204.62704574781463,0.5450380012889561,-0.4081841312209814,-0.8210341630238057,-0.824359574261543,2.6201061321750503,0.0,30.609242791268365,10.684381763792151,-40.98561310791528,-17.484264301086633,101.77864063560264,562.6827381770202,15.288,0.9373333302083676,17.301210212131796,0.0901578572527034,1.7479252970080894e-05,-0.2248947444677306,-0.0670232077408681,0.0185640350366954,0.6809373554525155,15.98531259820959,30.54512592023427,2.8668139019458825
10.85,31.221161263599303,131.01243676615078,204.42354966927968,0.5491039957664015,-0.4079033824070564,-0.8026394228992425,-0.8092714540375175,2.5925748564586706,0.0,30.575085030116888,10.634845808271084,-41.120276066068605,-17.485993264811217,101.78128803923,561.4386286864097,15.288,0.940666663530588,17.298325225173457,0.0900570397830153,1.746620663236069e-05,-0.2256166285164049,-0.0676271227013009,0.0186032057143962,0.6840287081084605,16.003039595458862,30.51101225788502,2.832065450489046
10.86,31.221160448120155,131.0124373553865,204.21973004736944,0.552628055529202,-0.4072409449227765,-0.7841019878807463,-0.7942951219611026,2.5650238194105084,0.0,30.54098762082406,10.585613172284347,-41.255438237012925,-17.487554646681637,101.78367381974982,560.1981030530089,15.288,0.9439999968528084,17.295435646915013,0.0899564002112223,1.745304327371463e-05,-0.2263423358075808,-0.0682285500106182,0.0186425972434846,0.6864676336866583,16.021136289651672,30.47701890139622,2.797332275993149
10.87,31.221159633893706,131.01243793719834,204.01558941566992,0.5556085640157667,-0.4061991077818692,-0.7654319377621923,-0.7794403975386073,2.5374688308817595,0.0,30.506950905863103,10.53668688558201,-41.39110103568496,-17.4889483494602,101.7857992260469,558.9611663700011,15.288,0.9473333301750289,17.292541513356436,0.0898559395485123,1.7439763408469832e-05,-0.2270709869173411,-0.0688268983992446,0.0186821367912526,0.6882538918383441,16.03959978411487,30.44314583370748,2.7626366848280957
10.88,31.221158820919417,131.01243851159404,203.81113029783504,0.5580444036881393,-0.4047804867604734,-0.7466394634276216,-0.7647168722739668,2.5099255085908068,0.0,30.472975221552208,10.488069987825885,-41.52726529433792,-17.49017442497519,101.78766572562384,557.7278234656892,15.288,0.9506666634972492,17.289642860304486,0.0897556587879019,1.7426367504266807e-05,-0.2278017065979977,-0.0694215847778168,0.0187217521874928,0.6893878574077713,16.058426927662452,30.40939298028508,2.7280008141059606
10.89,31.221158009196813,131.01243907858145,203.60635520261488,0.5599349534142087,-0.4029880183279138,-0.7277348530981085,-0.7501339051782266,2.4824092678690266,0.0,30.4390608974062,10.439765528620136,-41.66393126647223,-17.491233073837304,101.789275001757,556.498078880887,15.288,0.9539999968194696,17.28673972332443,0.089655558902334,1.7412855983692122e-05,-0.2285336245407254,-0.0700120346816625,0.018761371983347,0.6898705131351018,16.07761432139645,30.37576020942671,2.693446614528251
10.9,31.22115719872541,131.01243963816856,203.40126662584663,0.5612800840570163,-0.4008249538474821,-0.7087284792727109,-0.735700618386665,2.454935312065851,0.0,30.40520825625204,10.39177656778834,-41.80109863126168,-17.492124645078118,101.79062895054912,555.2719368750305,15.288,0.9573333301416898,17.28383213786883,0.0895556408450127,1.7399229226000215e-05,-0.2292658761227293,-0.0705976827005932,0.0188009255089574,0.6897034413844306,16.097158324516986,30.342247333287418,2.6589958337038793
10.91,31.22115638950472,131.0124401903633,203.19586704945743,0.5620801540662089,-0.3982948534153791,-0.6896307856200005,-0.7214258931272773,2.427518623218784,0.0,30.37141761414115,10.344106175607257,-41.938766498465085,-17.492849635711664,101.79172967788251,554.0494014242298,15.288,0.9606666634639102,17.28092013910045,0.0894559055491507,1.7385487568912396e-05,-0.2299976031383913,-0.0711779728938913,0.0188403429292557,0.6888888159360511,16.117055060331438,30.30885410875929,2.6246699994139018
10.92,31.22115558153427,131.01244073517378,202.99015894345504,0.5623360041596264,-0.3954015796679407,-0.6704522741628673,-0.7073183659314481,2.400173953266276,0.0,30.337689280515846,10.296757432995324,-42.07693341381066,-17.493408690219727,101.79257949627836,552.8304762293312,15.288,0.9639999967861304,17.278003762101545,0.0893563539284524,1.7371631310477524e-05,-0.2307279545138501,-0.071752359190385,0.0188795552981858,0.6874293932823765,16.137300421871945,30.27558023861005,2.5904904031190616
10.93,31.221154774813616,131.0124412726082,202.78414476194936,0.5620489522045714,-0.3921492911863303,-0.6512034923898682,-0.693386425204769,2.372915815463472,0.0,30.3040235580874,10.249733431653528,-42.21559736484111,-17.493802599963356,101.79318092166588,551.6151647125209,15.288,0.9673333301083508,17.27508304164847,0.089256986876764,1.7357660711010974e-05,-0.2314560870048477,-0.0723203057733977,0.0189184946109699,0.6853285040811699,16.15789007781507,30.24242537239655,2.556478083308301
10.94,31.22115396934228,131.01244180267472,202.57782694911825,0.5612207870766992,-0.3885424359317519,-0.6318950207408066,-0.6796382080139481,2.3457584763752126,0.0,30.27042074303132,10.203037274158188,-42.35475578720813,-17.4940323025203,101.79353667006632,550.4034700262185,15.288,0.9706666634305712,17.272158012469287,0.089157805268644,1.734357599508953e-05,-0.2321811658771444,-0.072881287450577,0.0189570938548049,0.682590044025291,16.178819477925575,30.209389107690555,2.522653809089863
10.95,31.22115316511984,131.01244232538167,202.3712079322494,0.5598537628939823,-0.3845857442433249,-0.6125374600223144,-0.6660815972390505,2.318715948016258,0.0,30.23688112482157,10.156672074003664,-42.49440557140305,-17.4940988809504,101.79364965419563,549.1953950487954,15.288,0.9739999967527916,17.269228708953943,0.0890588099588716,1.7329377353607132e-05,-0.2329023655695033,-0.0734347900083802,0.0189952870575564,0.6792184649933175,16.20008385889776,30.176470991012227,2.4890380635289704
10.96,31.22115236214584,131.0124428407374,202.1642901336656,0.5579505921187747,-0.3802842219306317,-0.5931414192396453,-0.6527242189158418,2.291801980600097,0.0,30.203404986443644,10.11064095559262,-42.63454306991064,-17.494003562989413,101.79352297999068,547.9909423929356,15.288,0.977333330075012,17.266295165444088,0.0889600017830907,1.7315064945884163e-05,-0.2336188703385679,-0.0739803105512631,0.019033009334833,0.6752187655364602,16.22167824963844,30.14367051912746,2.4556510272144623
10.97,31.221151560419862,131.0124433487503,201.9570759508496,0.5555144389928127,-0.3756431429685198,-0.5737175034552334,-0.6395734399230572,2.2650300554463416,0.0,30.1699926042802,10.064947054174205,-42.77516410477444,-17.49374772017162,101.79315994306133,546.7901144043531,15.288,0.9806666633972324,17.263357416023776,0.0888613815574478,1.730063890182322e-05,-0.2343298748855629,-0.0745173578254271,0.0190701969351241,0.6705964816435984,16.24359747690922,30.110987140080272,2.4225125615569416
10.98,31.221150759941462,131.01244384942888,201.74956777930163,0.5525489122316412,-0.3706680421792815,-0.5542763019432329,-0.6266363658894444,2.2384133783713014,0.0,30.13664424819584,10.019593515726331,-42.916263975559055,-17.493332866883186,101.79256402507433,545.5929131649174,15.288,0.9839999967194528,17.260415494616048,0.0887629500788692,1.728609932410577e-05,-0.2350345849645259,-0.0750454525270832,0.0191067872831457,0.6653576771138815,16.26583617064497,30.07842025442628,2.3896421921330857
10.99,31.22114996071026,131.01244434278166,201.54176799763087,0.5490580574863845,-0.3653647077360205,-0.5348283765935631,-0.6139198393685217,2.2119648734065605,0.0,30.10336018157852,9.974583496782856,-43.05783746769743,-17.492760659345272,101.79173889007072,544.3993404967624,15.288,0.9873333300416732,17.257469435015157,0.0886647081251616,1.7271446290432264e-05,-0.2357322179717256,-0.0755641275952353,0.0191427190214171,0.6595089338898094,16.288388769269243,30.045969216450896,2.357059091911885
11.0,31.22114916272581,131.0124448288173,201.3336789695443,0.5450888196368693,-0.3597249774676603,-0.5153707168415389,-0.6014350937702553,2.18568390411864,0.0,30.070120809783823,9.929920182214085,-43.19987886346363,-17.49203289611444,101.79068838303908,543.2086807367184,15.288,0.9906666633638936,17.254488430828196,0.088566597985532,1.7256679872658675e-05,-0.2364220262768953,-0.0760729205027548,0.0191779212354172,0.6530849689578605,16.31127550034512,30.013615713680064,2.324767789806005
11.01,31.22114836598771,131.0124453075446,201.12530305279137,0.5406136967676152,-0.3537660743370488,-0.4959232397986408,-0.5891853007179679,2.159591556013831,0.0,30.036941771954687,9.885606783844556,-43.34238197171952,-17.491151531526462,101.78941654738172,542.0214929047106,15.288,0.993999996686114,17.251496033220775,0.0884686657247871,1.724180016737419e-05,-0.2371033063460706,-0.0765713706425973,0.0192123492303575,0.6460726665559791,16.33447038646544,29.981372680021703,2.2927962986625614
11.02,31.221147570495564,131.01244577897216,200.9166425872368,0.5356279428806286,-0.3474978732821981,-0.4764994550234121,-0.5771754408805873,2.1337028672149607,0.0,30.00382801642472,9.841646485140483,-43.485340127505566,-17.49011866775045,101.7879276110351,540.8379481675825,15.288,0.9973333300083344,17.248499545449622,0.0883709259194055,1.7226807234284826e-05,-0.2377753157855906,-0.0770590488568568,0.0192459486641443,0.6384736074085036,16.35796115551907,29.949243512773545,2.2611658819632527
11.03,31.22114677624896,131.0124462431089,200.7076999057932,0.5301372215997457,-0.3409271124594931,-0.4507130134426257,-0.5654489568593882,2.10808761266614,0.0,29.9707845814352,9.79804460138878,-43.62874618872464,-17.48893654436684,101.78622596915636,539.6582201732981,15.288,1.0,17.245499000995355,0.0882733934105044,1.721170111538842e-05,-0.2384373237090127,-0.0775355400552626,0.0192786664702762,0.6302963214254166,16.381738984507994,29.917232191854232,2.228656125555562
11.04,31.22114598324634,131.01244669997033,200.49847669743315,0.5241471959427251,-0.334060620494165,-0.3995989103993377,-0.5541023628527538,2.082876798155206,0.0,29.93802521674512,9.75489788057516,-43.77259254660226,-17.487607536721107,101.7843161797458,538.489989924255,15.288,1.0,17.242494426211934,0.0881766977580542,1.7196481678787757e-05,-0.2390886171280054,-0.0780004451635135,0.0193105859331698,0.6215494091970131,16.40568490497848,29.885551394487656,2.1920502900263545
11.05,31.221145191483483,131.01244714958685,200.2889732251104,0.517663062872892,-0.3269051593536251,-0.3488861413559225,-0.5429762901047596,2.057816314607071,0.0,29.905647759662354,9.712249404258111,-43.91687114079937,-17.486134153036964,101.78220295753448,537.3367402851594,15.288,1.0,17.239485826008117,0.0880811271175934,1.7181148362525255e-05,-0.239728506269537,-0.0784533848568291,0.0193417189699411,0.6122410652734795,16.429740374951276,29.854297895914463,2.1566531422343234
11.06,31.221144400955936,131.0124475919905,200.0791895788693,0.5106902909836804,-0.3194676516945724,-0.2985812943851792,-0.5320753027225382,2.032916864590446,0.0,29.87364894551844,9.67009717627196,-44.06157347276414,-17.484519031894497,101.7798911684662,536.1983102965046,15.288,1.0,17.236473201655922,0.087986671866699,1.716570054239335e-05,-0.2403563151627465,-0.0788939932379983,0.0193720139034209,0.6023798228993309,16.453899853223845,29.823467344155244,2.1224999164806246
11.07,31.22114361165924,131.01244802721308,199.8691258457721,0.5032347337349291,-0.3117552121527262,-0.2486909238251282,-0.5214037773128992,2.008188941074216,0.0,29.84202553771579,9.628439230423368,-44.20669061501488,-17.482764940829995,101.77738582587008,535.0745410167817,15.288,1.0,17.233456554443716,0.0878933224656949,1.715013759726051e-05,-0.240971380447426,-0.0793219169125823,0.0194014202241512,0.5919746703345625,16.478157652506876,29.79305538514218,2.0896248222209497
11.08,31.22114282358905,131.01244845528595,199.6587821178489,0.4953026214638218,-0.3037751397864078,-0.1992215409267582,-0.5109659036656383,1.9836428258183048,0.0,29.81077432734284,9.58727362991496,-44.35221322039564,-17.480874774957623,101.77469208671933,533.9652754882609,15.288,1.0,17.2304358856272,0.0878010694565274,1.71344589109647e-05,-0.2415730517613861,-0.0797368151206939,0.0194298886105054,0.5810350451409858,16.502507943940056,29.763057663520485,2.0580607953844567
11.09,31.221142036741064,131.0124488762403,199.4481584861365,0.486900552970301,-0.2955349105422026,-0.1501796048319247,-0.5007656854249277,1.9592885878742168,0.0,29.779892132897075,9.546598466748234,-44.49813153156183,-17.47885155553861,101.77181524786788,532.870358708444,15.288,1.0,17.227411196543663,0.0877099034619322,1.711866387420556e-05,-0.2421606921137178,-0.0801383598583875,0.0194573709478935,0.5695708290803468,16.526944761431604,29.733469823554326,2.0278392332679416
11.1,31.221141251111,131.01244929010704,199.23725504663847,0.4780354871437029,-0.287042169599863,-0.1015715136863774,-0.4908069407946841,1.935136082049698,0.0,29.749375799909657,9.506411861105285,-44.644435390686894,-17.476698428496068,101.76876074226558,531.7896375965505,15.288,1.0,17.224382488562977,0.0876198151843459,1.710275188644713e-05,-0.2427336782441671,-0.0805262359886933,0.0194838203468303,0.557592344166833,16.551462006099136,29.704287509953307,1.9989897152250267
11.11,31.22114046669469,131.0124496969167,199.0260718953604,0.468714734316583,-0.2783047237053098,-0.0534035960592806,-0.4810933032412902,1.911194947433949,0.0,29.719222200616343,9.466711960710152,-44.79111424937984,-17.474418662875376,101.7655341351521,530.722960963843,15.288,1.0,17.22134976310395,0.0875307954049194,1.7086722357811386e-05,-0.243291400968397,-0.0809001413424821,0.0195091911600841,0.545110349927732,16.576053450629942,29.675506368747197,1.9715397124056957
11.12,31.221139683487987,131.01245009669958,198.81460913625577,0.4589459474917925,-0.2693305334533424,-0.0056821025646605,-0.4716282222085298,1.887474605931708,0.0,29.68942823361308,9.427496940169815,-44.93815717880383,-17.47201564924853,101.7621411202304,529.6701794822028,15.288,1.0,17.218313021618016,0.0874428349825164,1.7070574710967497e-05,-0.2438332655095402,-0.0812597868091368,0.019533438998784,0.5321360423303475,16.600712743646636,29.64712204815324,1.945514290441011
11.13,31.2211389014868,131.01245048948573,198.60286687129093,0.4487371134797648,-0.2601277055195056,0.0415868022620362,-0.4624149638414182,1.8639842608033848,0.0,29.659990823485348,9.38876500029324,-45.0855528799862,-17.469492898061475,101.75858751581912,528.6311456532935,15.288,1.0,17.215272265523975,0.087355924852612,1.7054308383007677e-05,-0.2443586918155688,-0.0816048964173078,0.0195565207475511,0.5186810548388917,16.625433414098442,29.619130199425317,1.920935809814993
11.14,31.221138120687083,131.0124508753049,198.39084520342465,0.438104717006875,-0.2507018902337205,0.0883993976775545,-0.4534574104044213,1.8407304672139364,0.0,29.6309033775374,9.35051436764494,-45.23328969431012,-17.466854037923245,101.75487926098468,527.6055876079325,15.288,1.0,17.212221818451805,0.0872700455915274,1.7037922827522755e-05,-0.2448671152322197,-0.0819352072845287,0.0195783922672199,0.5047632671985095,16.650213585651727,29.59152334236706,1.8978215747245775
11.15,31.221137341084848,131.0124512541866,198.1785442475424,0.4270977116427143,-0.2410487360338198,0.1347618334545701,-0.4447626446184386,1.8177091281148583,0.0,29.602145547218274,9.312743316443491,-45.38135562191376,-17.464102819442456,101.75102241953472,526.5927454199106,15.288,1.0,17.209133654476272,0.0871851372615881,1.7021417552953244e-05,-0.2453580348199287,-0.0822504539717249,0.0195990054420634,0.4904241758087044,16.675069623290796,29.56428181200021,1.8761772400911656
11.16,31.22113656267617,131.01245162616,197.9659641135588,0.4156765499880469,-0.2311921870585256,0.1806547352985845,-0.4363288341619029,1.794942501798422,0.0,29.573735448033474,9.27545013167894,-45.52973835194589,-17.4612431276014,101.7470231959664,525.5932295129442,15.288,1.0,17.206041428806877,0.0871012532109118,1.7004792107336295e-05,-0.2458309504492729,-0.0825503893915049,0.0196183376860602,0.4756426009140891,16.699966658796892,29.53741996275874,1.8560273623169634
11.17,31.22113578545716,131.01245199125412,197.75310491238167,0.4038504111020445,-0.2211408715088808,0.2260723602626091,-0.4281585094954174,1.7724389130672495,0.0,29.54567010374993,9.23863310724044,-45.67842525223076,-17.458278964611477,101.74288790991264,524.6068993080004,15.288,1.0,17.202945143145058,0.0870183846673601,1.6988046045797147e-05,-0.2462853435636718,-0.0828347911054015,0.0196363510712686,0.4604320033743285,16.72489776530717,29.51093346312713,1.8373807775970274
11.18,31.221135009423964,131.0124523494977,197.5399667698271,0.3916287611540993,-0.2109035244783983,0.2710090870430502,-0.4202540212030804,1.7502064619895097,0.0,29.517946562584065,9.20229055952829,-45.827403374429885,-17.45521444366554,101.73862298613392,523.6336159167383,15.288,1.0,17.199844799192245,0.0869365229308687,1.6971178946185873e-05,-0.2467207116462505,-0.083103450090405,0.0196530090001547,0.4448063516746312,16.74985591851446,29.48481798924076,1.8202422990324951
11.19,31.22113423457281,131.0124527009191,197.3265498007769,0.3790213436669215,-0.2004889801475292,0.3154594225417994,-0.4126175407220163,1.7282530225528627,0.0,29.490561896910407,9.166420826653663,-45.97665946526622,-17.452053786898592,101.7342349505182,522.6732421147262,15.288,1.0,17.1967403986664,0.0868556593725936,1.6954190410741655e-05,-0.2471365684554608,-0.0833561707614235,0.0196682762151821,0.4287801578709641,16.774834001057506,29.45906922582052,1.8046125324138134
11.2,31.22113346089992,131.01245304554664,197.1128541360144,0.3660381694104068,-0.1899061640612326,0.35941800808942,-0.405251061048588,1.7065862414001238,0.0,29.463513203075784,9.131022267618562,-46.12617997787414,-17.448801323282186,101.72973042605813,521.7256423191635,15.288,1.0,17.193631943483705,0.0867757854343604,1.693708006772488e-05,-0.2475324442470315,-0.0835927709845726,0.0196821188075792,0.4123685268913332,16.79982480680102,29.433682867200044,1.7904877342099204
11.21,31.221132688401585,131.01245338340823,196.89887990035928,0.3526895069172911,-0.1791640851944333,0.4028796256117312,-0.3981563975134584,1.6852135363596297,0.0,29.43679760091324,9.09609326147694,-46.27595108326412,-17.445461486451954,101.7251161288064,520.7906825559779,15.288,1.0,17.19051943544471,0.0866968926272339,1.6919847572987308e-05,-0.24790788598248,-0.0838130820813614,0.0196945042250121,0.3955872246134312,16.824821045553072,29.408654618085976,1.7778597168347319
11.22,31.22113191707416,131.01245371453157,196.68462722658083,0.3389858720892472,-0.1682718282914511,0.4458392033025782,-0.3913351884804717,1.6641420952230488,0.0,29.41041223360637,9.06163220647686,-46.42595868189446,-17.442038812465874,101.72039886380672,519.8682304398759,15.288,1.0,17.18740287648211,0.086618972531116,1.690249261149958e-05,-0.248262457524251,-0.0840169488238994,0.0197054012786258,0.3784527702197878,16.849815347357072,29.38398019462575,1.7667158056795333
11.23,31.221131146914,131.01245403894413,196.47009625241824,0.3249380182473637,-0.1572385460613456,0.4882918211823466,-0.3847888960967785,1.6433788743792124,0.0,29.38435426733345,9.027637519184928,-46.57618841533976,-17.438537937493013,101.7155855210012,518.9581551467002,15.288,1.0,17.18428226854513,0.0865420167936983,1.6885014898823215e-05,-0.2485957398173196,-0.084204229421323,0.0197147801490507,0.3609825632974497,16.874800267123966,29.359655325277828,1.7570388504380992
11.24,31.221130377917515,131.01245435667315,196.25528711461467,0.3105569257684853,-0.1460734515081122,0.5302327163001057,-0.3785188070136896,1.62293059755383,0.0,29.358620891058496,8.99410763359236,-46.726625678048045,-17.43496359543098,101.71068307111292,518.0603273913947,15.288,1.0,17.181157613715136,0.0864660171298448,1.6867414182513274e-05,-0.2489073310575734,-0.0843747954974916,0.0197226123916606,0.3431950588506808,16.89976828911739,29.335675751807717,1.748807292177868
11.25,31.221129610081167,131.01245466774563,196.04019996283373,0.295853792089033,-0.1347858101561962,0.5716572878030879,-0.3725260331518669,1.602803754432856,0.0,29.333209316144416,8.9610410002046,-46.87725562917628,-17.431320615450694,101.70569856150291,517.1746193993905,15.288,1.0,17.178028914023947,0.0863909653204618,1.6849690243470955e-05,-0.2491968468468796,-0.0845285320601362,0.0197288709408353,0.325110011301761,16.924711831732242,29.312037230122584,1.7419952856705172
11.26,31.22112884340143,131.01245497218827,195.82483493580537,0.2808400211126937,-0.1233849324801784,0.6125611015746995,-0.3668115124216067,1.5830045994514852,0.0,29.308116776192765,8.928436085113418,-47.028063204497165,-17.427613919467312,101.70063911200052,516.30090488775,15.288,1.0,17.174896171635524,0.0863168532120071,1.6831842897220163e-05,-0.2494639203350492,-0.084665337461547,0.0197335301135973,0.3067488176037108,16.949623252025976,29.28873553130052,1.7365728751457548
11.27,31.22112807787484,131.0124552700277,195.60919219313047,0.2655272129276426,-0.1118801662615256,0.6529398947484611,-0.3613760094841976,1.5635391504887837,0.0,29.28334052673572,8.89629136905396,-47.179033128366335,-17.42384851953644,101.695511910707,515.4390590394802,15.288,1.0,17.1717593887799,0.0862436727155997,1.6813871995116118e-05,-0.2497082023487556,-0.0847851233509426,0.0197365656122543,0.2881350079336977,16.974494850509743,29.265766442483425,1.7325062197568128
11.28,31.22112731349793,131.01245556129018,195.3932718854637,0.2499271535048166,-0.1002808889852721,0.6927895799428936,-0.3562201165221712,1.5444131875700275,0.0,29.25887784492312,8.864605346445785,-47.3301499257428,-17.420029515174008,101.69032420977103,514.5889584794252,15.288,1.0,17.168618567670606,0.0861714158060865,1.679577742548476e-05,-0.249929361507346,-0.0848878146186962,0.0197379545262669,0.2692949590543007,16.99931887600773,29.24312576775879,1.7297578638158386
11.29,31.2211265502673,131.01245584600176,195.177074178368,0.2341110552349612,-0.0885786568934298,0.7321222232185627,-0.3513497189890306,1.5256143242370483,0.0,29.2347022889268,8.833376532219976,-47.48139793906788,-17.416162094192064,101.6850833260131,513.7496468598981,15.288,1.0,17.165434090560183,0.0861000046029019,1.6777559140156727e-05,-0.2501271218174222,-0.0849733378921574,0.0197376622636342,0.2503080521559908,17.02411925271934,29.2207883915813,1.728279098143997
11.3,31.221125788179577,131.0124561241884,194.96059923243527,0.218033292623254,-0.0768004004886874,0.7709195415426585,-0.3467601565965545,1.5071636969063495,0.0,29.210834565676567,8.802603450988324,-47.63276136384621,-17.412251547496137,101.6797966604926,512.9218269426505,15.288,1.0,17.162244523473646,0.0860295000851227,1.6759217164850057e-05,-0.2503012375719887,-0.0850416293151306,0.0197356883761789,0.2311639888394605,17.048856886199072,29.198770790590714,1.7280341301628346
11.31,31.221125027231416,131.0124563958757,194.74384721620865,0.2017045924015925,-0.0649560097225313,0.8091776071454809,-0.3424513675182738,1.4890668054125755,0.0,29.18727261861216,8.772284627584947,-47.78422424260911,-17.40830325285632,101.6744716759294,512.1054007059644,15.288,1.0,17.159050873230065,0.0859598961900979,1.6740751547316163e-05,-0.250451431264583,-0.0850926533714453,0.0197320145082359,0.2119056591136351,17.073523073970282,29.17706935465027,1.7289769489505737
11.32,31.221124267419512,131.01245666108915,194.5268183051868,0.1851373264027742,-0.0530549207254426,0.8468930716655731,-0.3384232530785289,1.4713284755383889,0.0,29.16401380720213,8.742418596650884,-47.9357704668338,-17.4043226643326,101.66911588203324,511.30025021700527,15.288,1.0,17.155853142389464,0.0858911851353671,1.6722162375204526e-05,-0.2505774432312474,-0.0851263875673621,0.0197266232609608,0.1925893154991688,17.09810989010807,29.155679960933707,1.7310591139500473
11.33,31.22112350874057,131.01245691985403,194.3095126768562,0.1683440000225203,-0.0411065621205722,0.8840627784165224,-0.3346755459350911,1.4539532901619558,0.0,29.14105551133344,8.713003901543953,-48.087383789054,-17.400315309170328,101.66373683108964,510.5062588787115,15.288,1.0,17.152651333562066,0.0858233591986698,1.6703449776878325e-05,-0.2506790319203094,-0.0851428222700707,0.0197194986153563,0.1732900658732072,17.122609382500713,29.13459850820876,1.7342303443318217
11.34,31.221122751191324,131.01245717219538,194.0919305146645,0.1513372416018049,-0.029120347845299,0.920683765102744,-0.3312078109285276,1.4369455881510684,0.0,29.11839513111179,8.684039093306318,-48.2390478349832,-17.396286784622077,101.658342113525,509.72331141083066,15.288,1.0,17.149445449475216,0.0857564107173514,1.668461392203166e-05,-0.2507559739332163,-0.0851419606051315,0.0197106259295969,0.1541134432247954,17.14701357798053,29.113820917765683,1.7384389067927155
11.35,31.22112199476856,131.01245741813804,193.87407200404823,0.1341297921158218,-0.0171056699576971,0.9567532663853288,-0.3280194459805428,1.4203094632018625,0.0,29.096030086546968,8.655522729622671,-48.39074611563324,-17.392242754686507,101.65293935343765,508.9512938267047,15.288,1.0,17.146235492839526,0.0856903320874397,1.6665655022223863e-05,-0.2508080640530924,-0.0851238183467108,0.0196999919355128,0.1352161400989907,17.171314487677236,29.09334313423319,1.7436319969939587
11.36,31.221121239469056,131.01245765770665,193.6559373373992,0.1167344944675031,-0.0050718916434237,0.992268716112624,-0.3251096829826331,1.404048762828933,0.0,29.07395781740066,8.627453373769706,-48.542462039418446,-17.388188946764465,101.64753620409608,508.1900934160879,15.288,1.0,17.143021466482747,0.0856251157631969,1.66465733313168e-05,-0.2508351152612193,-0.0850884238007257,0.019687584734458,0.1168446243847259,17.195504112221162,29.073161126525363,1.7497561085323639
11.37,31.22112048528964,131.01245789092567,193.43752671406537,0.0991642830231221,0.0069716597627563,1.0272277493815145,-0.3224775887320576,1.388167087330134,0.0,29.05217578294876,8.599829593558383,-48.69417892423903,-17.384131148230935,101.64214034340245,507.4395987251265,15.288,1.0,17.139803373333006,0.0855607542564214,1.6627369145831987e-05,-0.2508369587414335,-0.0850358176810816,0.01967339379239,0.0994090489768198,17.21957444712764,29.053270888700755,1.7567573841257882
11.38,31.22111973222716,131.01245811781936,193.2188403383641,0.0814321731726534,0.0190156996680812,1.0616282043682723,-0.3201220658986126,1.3726677887918728,0.0,29.030681461747108,8.572649960269363,-48.84588000953564,-17.38007520292322,101.63675946932116,506.69969953717793,15.288,1.0,17.136581216402096,0.0854972401357498,1.6608042805208028e-05,-0.2508134438727279,-0.0849660529790941,0.0196574099342656,0.0836229359583601,17.243517488241178,29.03366844081128,1.7645819447597688
11.39,31.221118980278487,131.0124583384118,192.9998784146114,0.0635512511228617,0.0310509930828166,1.0954681240088524,-0.3180418540413351,1.3575539700830987,0.0,29.009472351323456,8.545913047583705,-48.997548468306654,-17.376027007545108,101.6314012952733,505.97028685021513,15.288,1.0,17.133354998634886,0.0854345660257625,1.6588594691974685e-05,-0.2507644382100474,-0.0848791948262864,0.0196396253376394,0.0707313600515566,17.26732523734158,29.014349829672486,1.773176193537999
11.4,31.221118229440485,131.01245855272688,192.78064115706192,0.0455346629080604,0.0430683611468892,1.1287457572340986,-0.316235530592162,1.3428284841341611,0.0,28.98854596818616,8.519617430508454,-49.14916741908205,-17.37199250798673,101.62607354549516,505.2512528671516,15.288,1.0,17.130124723294156,0.0853727246069888,1.6569025231823694e-05,-0.2506898274535042,-0.0847753203506755,0.0196200335258528,0.0626760629490461,17.29098970738733,28.99531112989813,1.7824870919826976
11.41,31.22111747971008,131.01245876078826,192.56112878195688,0.0273956047480317,0.055058687942334,1.161459560354242,-0.3147015119883858,1.328493932893191,0.0,28.96789984733707,8.493761684300162,-49.30071993784561,-17.36797769556019,101.6207839503612,504.5424909670752,15.288,1.0,17.126890393492086,0.0853117086144921,1.654933489359518e-05,-0.2505895154061794,-0.0846545185266894,0.0195986293601347,0.0614977889586502,17.314502928479182,28.9765484444838,1.7924624073380349
11.42,31.221116731084184,131.01245896261955,192.34134151646967,0.0091648132322536,0.0670179727683876,1.1936124400359225,-0.3134395034978234,1.3145476097774913,0.0,28.947524977186767,8.468344383264931,-49.45218906993065,-17.363988603176338,101.61554024170516,503.84366715915775,15.288,1.0,17.1236407004281,0.0852514915034495,1.6529524190342714e-05,-0.2504634261379075,-0.0845168893848147,0.0195754047651638,0.0676417211287519,17.337865690358633,28.958052133331677,1.8030503037167838
11.43,31.221115983559752,131.012459158244,192.1212795857851,-0.0091147102951526,0.0789457413338209,1.2252111695459589,-0.3124503326452622,1.3009819086334256,0.0,28.92740793524376,8.443364096016978,-49.603557853879096,-17.360031310712383,101.61035016029064,503.1542951364312,15.288,1.0,17.12035638678247,0.0851920337390635,1.6509593720046956e-05,-0.2503115613788416,-0.0843625274815062,0.0195503546637229,0.0794701702895974,17.361084688465642,28.939808699370264,1.8141999743528228
11.44,31.221115237133745,131.0124593476849,191.90094322701404,-0.0274769692652413,0.0908194277603482,1.2562437879152883,-0.3117281803317877,1.287811682896608,0.0,28.90756412470908,8.418819386731913,-49.7548093504517,-17.356111954519697,101.60522146866512,502.47489220241016,15.288,1.0,17.117067976605576,0.0851333806791859,1.648954413326427e-05,-0.2501339066375019,-0.0841915486547171,0.0195234920920488,0.094884939093743,17.384128307572947,28.921830001087912,1.8258646838398822
11.45,31.22111449180316,131.01245953096523,191.6803326772664,-0.0459087256970107,0.1026302173341594,1.2867095889928677,-0.3112708228909915,1.2750385316687916,0.0,28.887991151185023,8.394708816109977,-49.905926629151615,-17.352236704204973,101.60016192105304,501.8053561804365,15.288,1.0,17.113775473405735,0.0850755252670366,1.646937611175107e-05,-0.2499304371586918,-0.0840040879800762,0.0194948171376112,0.1124302910722507,17.406988688376217,28.90411225940486,1.8379973745437008
11.46,31.221113747564967,131.0124597081079,191.4594481845837,-0.0643967424416781,0.1143693898328277,1.316608075744245,-0.3110758814828207,1.2626638010698694,0.0,28.868686637928672,8.371030939754604,-50.05689277539921,-17.348411755101363,101.5951792540874,501.14558599112127,15.288,1.0,17.11047888080989,0.0850184604978896,1.6449090378198934e-05,-0.2497011458388083,-0.0838002915550463,0.0194643311723795,0.1312527800089337,17.429658017829208,28.88665172774305,1.850552594142487
11.47,31.221113004416203,131.01245987913555,191.23828999998955,-0.0829277932300191,0.1260283254567484,1.345938960277014,-0.3111408234510866,1.250688583847366,0.0,28.84964822569808,8.347784307106057,-50.20769090196124,-17.344643323987462,101.59028118189596,500.4954816372492,15.288,1.0,17.10717820263141,0.0849621794186202,1.64286876956315e-05,-0.2494460431184612,-0.0835803163134363,0.0194320368413804,0.1508646632479625,17.452128534939156,28.86944469280455,1.8634865791240676
11.48,31.221112262353888,131.01246004407076,191.0168583774878,-0.1014886721564983,0.1375985107733655,1.3747021637954016,-0.3114629637740574,1.2391137189349406,0.0,28.83087357242852,8.324967460379417,-50.35830416028036,-17.34093764472785,101.585475391155,499.8549441833043,15.288,1.0,17.103873442632832,0.0849066751267461,1.64081688667276e-05,-0.2491651568645582,-0.0833443298346494,0.0193979380505408,0.1709774281633307,17.474392536812893,28.852487475181924,1.8767573165967564
11.49,31.221111521375068,131.01246020293587,190.79515358300728,-0.1200662038713699,0.1490715443173363,1.4028978162220775,-0.3120394665129563,1.2279397913230168,0.0,28.812360353202,8.302578933510736,-50.50871575169983,-17.33730096383465,101.580769536111,499.2238757443578,15.288,1.0,17.10056460479701,0.0848519407703514,1.638753473304449e-05,-0.2488585322423625,-0.0830925101477255,0.0193620399541126,0.1914110396721918,17.49644238433927,28.835776430207872,1.8903245865556473
11.5,31.221110781476785,131.01246035575315,190.57317588347223,-0.1386472528016096,0.1604391423114884,1.4305262558266605,-0.3128673463903464,1.2171671317739852,0.0,28.79410625990201,8.280617251110684,-50.658908938575856,-17.333739535953438,101.57617123357092,498.60217946590194,15.288,1.0,17.097251693039016,0.0847979695470496,1.6366786174159778e-05,-0.2485262315773438,-0.0828250455304283,0.0193243489413599,0.2120465252061983,17.518270508304344,28.81930794850897,1.90414998666536
11.51,31.221110042656107,131.01246050254468,190.35092555474887,-0.1572187332305614,0.1716931439928742,1.457588028507019,-0.3139434703576239,1.2067958169067774,0.0,28.77610900121822,8.259080927428633,-50.80886705527324,-17.33025961927398,101.57168805786324,497.98975951428986,15.288,1.0,17.093934711528135,0.0847447547040111,1.6345924106733783e-05,-0.2481683342071688,-0.0825421343034816,0.0192848726228477,0.2328007555554386,17.539869415055918,28.803078456847334,1.918196941695733
11.52,31.221109304910108,131.01246064333236,190.12840287667967,-0.1757676183392511,0.1828255170710957,1.4840838871153703,-0.3152645593013517,1.1968256691195005,0.0,28.758366302316844,8.237968465327366,-50.95857351903626,-17.326867470868795,101.56732753577089,497.38652105657326,15.288,1.0,17.090613664416708,0.0846922895369904,1.6324949483485757e-05,-0.2477849363238008,-0.082243984620166,0.0192436198159658,0.2536125400994465,17.56123169261582,28.78708441864864,1.9324306995621559
11.53,31.221108568235863,131.012460778138,189.9056081360632,-0.1942809497790813,0.1938283628747289,1.510014790489976,-0.3168271897690367,1.1872562567943448,0.0,28.74087590474684,8.21727835527027,-51.108011840731336,-17.32356934196101,101.56309714143715,496.792370248832,15.288,1.0,17.087288555975714,0.0846405673900432,1.630386329208543e-05,-0.2473761508063296,-0.0819308142513082,0.0192006005300919,0.2744346510786636,17.58235001648016,28.77132233471696,1.9468183158612287
11.54,31.22110783263048,131.0124609069832,189.68254162764808,-0.2127458468881299,0.2046939214324443,1.5353819024062365,-0.31862779578312,1.1780868945493272,0.0,28.723635566260903,8.197009074322528,-51.2571656354544,-17.32037147312491,101.5590042912474,496.2072142211652,15.288,1.0,17.083959390577835,0.0845895816550051,1.628266655397708e-05,-0.2469421070441015,-0.0816028503659879,0.0191558259511131,0.2952290708567808,17.603217155525826,28.755788743854097,1.9613286286573908
11.55,31.22110709809104,131.0124610298895,189.45920364817115,-0.2311494896116865,0.215414583657527,1.560186596206539,-0.3206626727294126,1.1693166361819147,0.0,28.706643051433986,8.177159085167292,-51.4060186329972,-17.31728008942064,101.5550563386882,495.63096074539686,15.288,1.0,17.0806261562511,0.0845393257438615,1.626136032312135e-05,-0.2464829507507328,-0.0812603293080063,0.0191093084193163,0.3159640448686163,17.62382599004238,28.74048021539219,1.9759322256383958
11.56,31.221106364614663,131.01246114687822,189.2355945033122,-0.2494106018232641,0.226001791555102,1.5844462121063827,-0.3229334107516688,1.1609240104020555,0.0,28.68987215337096,8.157726821783514,-51.554554693988656,-17.31430140010661,101.5512605751126,495.0626907049432,15.288,1.0,17.07724578038682,0.0844897224743057,1.623994571071497e-05,-0.2459988872752976,-0.0809034846973968,0.0190610488533609,0.3365741158650411,17.644201125211325,28.72537233971595,1.9906030103378127
11.57,31.22110563219848,131.01246125797064,189.01171450372087,-0.2675852647094867,0.2364291784758545,1.6081479152032507,-0.3254310150836062,1.1529260079727732,0.0,28.67334494158692,8.138710698250236,-51.7027578461831,-17.311441614628695,101.54762425126953,494.5031523692394,15.288,1.0,17.07386130897855,0.0844408368351917,1.6218423890865987e-05,-0.2454901472997314,-0.0805325564895816,0.0190110821484722,0.3570717349746659,17.664303610918708,28.71048304470012,2.0053138015310576
11.58,31.221104900839578,131.01246136318787,188.78756396899112,-0.2856610539001297,0.2466895738822105,1.6312936770673114,-0.3281513628557544,1.1453209400912665,0.0,28.657059234308942,8.120109123701146,-51.85061227308525,-17.30870692085368,101.5441545505636,493.9522564971031,15.288,1.0,17.0704727467988,0.0843926623966737,1.619679604953338e-05,-0.2449569239748898,-0.0801478074825926,0.0189594239959047,0.3774353975664543,17.684126637849875,28.69580902223784,2.020040205935372
11.59,31.22110417053512,131.01246146255096,188.56314322070287,-0.3036256685743568,0.2567759689171978,1.6538856651151563,-0.3310901984685514,1.1381068688486626,0.0,28.64101286594069,8.101920489063886,-51.99810231311365,-17.306103471519286,101.54085857301492,493.4099147808156,15.288,1.0,17.067080098705897,0.0843451927766026,1.6175063398714647e-05,-0.2443994258671614,-0.079749508731071,0.0189060911734079,0.3976453541009631,17.70366351883662,28.68134700580287,2.034759385705311
11.6,31.22110344128224,131.01246155608067,188.338452590376,-0.3214669380512821,0.2666815211372794,1.6759262414883456,-0.3342431360677715,1.131281607901808,0.0,28.62520368618696,8.084143166300612,-52.14521246924762,-17.303637379066693,101.53774333001373,492.8760398082572,15.288,1.0,17.063683369712688,0.0842984216379461,1.615322717482788e-05,-0.2438178767297064,-0.0793379393037375,0.0188511015263599,0.4176832289068481,17.722907695429566,28.667093770317425,2.0494500036094006
11.61,31.221102713078054,131.01246164379782,188.11349240853457,-0.3391728298588351,0.2763995586544985,1.697417961197152,-0.3376056619181804,1.124842723550468,0.0,28.609629559839004,8.066775507545671,-52.291927418504336,-17.301314710427864,101.53481573906836,492.35054504778935,15.288,1.0,17.06028256486636,0.0842523426881597,1.613128863703542e-05,-0.2432125152658192,-0.0789133860375569,0.0187944739488914,0.4375317498814062,17.741852743615297,28.653046132588017,2.064092166226679
11.62,31.22110198591972,131.012461725723,187.8882630275681,-0.3567314580394953,0.2859235840243126,1.718363570066711,-0.3411731368307051,1.1187875360624495,0.0,28.59428836669729,8.049815844267542,-52.438232021240886,-17.29914148177218,101.5320826185514,491.83334483854605,15.288,1.0,17.056877689368577,0.0842069496789511,1.6109249065508904e-05,-0.2425835948844074,-0.078476143288809,0.0187362283646747,0.4571745538423949,17.760492379290348,28.639200951838703,2.0786673661449546
11.63,31.22110125980436,131.01246180187675,187.6627647919148,-0.374131090968063,0.2952472780729277,1.738766002677932,-0.3449407986981152,1.113113121043443,0.0,28.579178001382743,8.033262486455794,-52.58411133027784,-17.29712365321647,101.52955068244576,491.3243543759932,15.288,1.0,17.0534687484897,0.0841622364057369,1.608710975965084e-05,-0.241931383447913,-0.0780265126811923,0.0186763857071748,0.4765960443442444,17.77882046381283,28.62555513012332,2.09315842374966
11.64,31.22110053472913,131.0124618722794,187.43699805495712,-0.3913601591483111,0.3043645035368249,1.7586283801552864,-0.3489037651050024,1.1078163109914347,0.0,28.56429637319808,8.01711372183523,-52.72955059983924,-17.295267123503592,101.52722653509716,490.8234897009092,15.288,1.0,17.050055747568756,0.0841181967072158,1.6064872036264373e-05,-0.241256163012702,-0.0775648028511674,0.018614967899568,0.49578128693076,17.79683100941267,28.612105612758175,2.1075494290029653
11.65,31.2210998106912,131.01246193695133,187.21096318100905,-0.4084072629857036,0.313269308510996,1.7779540078704177,-0.3530570360121385,1.102893697034796,0.0,28.54964140603949,8.001367815107143,-52.87453529430568,-17.29357772465389,101.5251166659746,490.33066768839,15.288,1.0,17.046638692099265,0.0840748244651263,1.6042537227683177e-05,-0.240558229562251,-0.0770913291906651,0.018551997834218,0.5147159313731644,17.81451818445235,28.598849388775115,2.121825683636438
11.66,31.221099087687687,131.01246199591256,186.9846605403484,-0.4252611800591735,0.3219559298349603,1.7967463731061335,-0.3573954965503769,1.09834163072951,0.0,28.5352110381976,7.98602300722013,-53.01905109677597,-17.292061216595194,101.52322744444515,489.8458060344104,15.288,1.0,17.043217587609085,0.0840321136036536,1.6020106679858428e-05,-0.239837892733066,-0.0766064135873896,0.0184874993517144,0.5333861533410411,17.831876318744346,28.58578349125395,2.13597364403639
11.67,31.221098365715736,131.01246204918328,186.75809050424567,-0.4419108726143585,0.3304187962186348,1.8150091425557904,-0.3619139198730474,1.094156226112024,0.0,28.52100322229312,7.971077514670595,-53.16308391743413,-17.29072328177628,101.5215651145668,489.3688232474109,15.288,1.0,17.039792439780587,0.0839900580892283,1.5997581750412392e-05,-0.2390954755340325,-0.0761103841627495,0.0184214972196454,0.5517786108063348,17.848899908595143,28.57290499774877,2.1499808650540793
11.68,31.221097644772527,131.0124620967834,186.53125345689176,-0.4583354340065392,0.3386552063460828,1.8327482373447388,-0.3666076937919128,1.0903305272375727,0.0,28.50701260292936,7.956529528554048,-53.30661990171739,-17.289569519769486,101.52013578990396,488.8995246829652,15.288,1.0,17.03635709959402,0.0839486421467607,1.5974963806834696e-05,-0.2383313144519984,-0.0756035749075571,0.018354015002162,0.5698739093003182,17.86558795772492,28.560208128608213,2.163836398913706
11.69,31.22109692485517,131.0124621387328,186.30414978446527,-0.474471943242888,0.3466738176565342,1.8499791730425728,-0.3714753830069912,1.086844342791378,0.0,28.49322003558889,7.942377183356019,-53.449645447770806,-17.288605449724564,101.51894545815556,488.4372434621741,15.288,1.0,17.0328795330123,0.0839078093946329,1.5952254258440144e-05,-0.237545817070521,-0.075086310702022,0.0182850728047525,0.5876254023729021,17.881957638924405,28.54767509926013,2.177532439788003
11.7,31.221096205960844,131.01246217505116,186.0767798830823,-0.4903724037647156,0.3544530017835229,1.866693810487736,-0.376507144357682,1.0837098082229613,0.0,28.47964422237625,7.928618596528486,-53.59214723858504,-17.287836525372896,101.51800000134284,487.9826110305371,15.288,1.0,17.0293978886678,0.0838676149035465,1.5929454541573505e-05,-0.2367393864564048,-0.0745589263244886,0.0182147146230403,0.6050611185617757,17.897976926705304,28.535321214559435,2.1910569048530544
11.71,31.22109548808668,131.01246220575825,185.8491441518408,-0.5060266455109323,0.3619879699910852,1.8828965083975595,-0.3816973276696508,1.0809221178125408,0.0,28.466283169875936,7.9152518756822685,-53.734112223064166,-17.28726810806262,101.51730516369432,487.5355489327224,15.288,1.0,17.02591217266408,0.0838280527990715,1.590656608326582e-05,-0.2359123957908835,-0.0740217724585846,0.0181429686736594,0.6221694699891953,17.913641024264784,28.52314372896391,2.204401219393199
11.72,31.221094771229826,131.0124622308736,185.6212429997767,-0.5214247164725029,0.3692741391648327,1.8985917904127527,-0.387040186208062,1.0784762420224268,0.0,28.453134898395646,7.90227510104193,-53.87552761580912,-17.286905455174306,101.51686653885956,487.0959794732672,15.288,1.0,17.022422391243794,0.0837891172472391,1.588359031133122e-05,-0.2350652300482004,-0.0734752046971915,0.0180698639824813,0.6389392461028068,17.928945325746653,28.511139942956405,2.2175576423104517
11.73,31.221094055387425,131.01246225041675,185.39307683791407,-0.536556888682304,0.3763071340992845,1.913784342288819,-0.39252988007124,1.0763669303896244,0.0,28.440197441796016,7.889686324949009,-54.0163809042016,-17.286753714732402,101.51668956488582,486.6638257044066,15.288,1.0,17.01892855068439,0.0837508024540453,1.5860528652257425e-05,-0.2341982856788595,-0.0729195832696714,0.0179954303612894,0.6553596069416157,17.94388542069449,28.499307203233315,2.2305192185621205
11.74,31.221093340556607,131.0124622644071,185.16464609119097,-0.5514136644997161,0.3830827894990899,1.9284790089341723,-0.3981604796332162,1.0745887147163296,0.0,28.42746884747993,7.877483571402059,-54.156659855270846,-17.286817920042886,101.51677951925036,486.2390114193643,15.288,1.0,17.015430657489357,0.0837131026654246,1.5837382529097002e-05,-0.2333119702874517,-0.0723552727679344,0.0179196983842453,0.6714200787713454,17.95845709815465,28.48764290300769,2.2432797331668586
11.75,31.22109262673453,131.0124622728639,184.93595117957463,-0.5659857819853578,0.389597152007783,1.942680791523808,-0.4039259691189727,1.073135912219356,0.0,28.414947176153493,7.865664835632946,-54.29635252234081,-17.287102984363102,101.51714151395409,485.8214611387348,15.288,1.0,17.01192871814481,0.0836760121665371,1.5814153359351627e-05,-0.2324067023053988,-0.0717826418714699,0.0178426993639604,0.6871105508341727,17.972656350927096,28.476144482088323,2.25583366682456
11.76,31.22109191391831,131.0124622758064,184.70699254092287,-0.5802642207370047,0.3958464819038139,1.956394844444029,-0.4098202502147963,1.0720026290227471,0.0,28.40263050180217,7.854228083720874,-54.43544725145515,-17.287613695611952,101.51778049068264,485.4111001036412,15.288,1.0,17.008422739275975,0.0836395252817012,1.5790842552854816e-05,-0.2314829106588697,-0.0712020630714941,0.0177644653274104,0.702421273766707,17.98647937938095,28.46480942712176,2.2681761530985587
11.77,31.22109120210508,131.01246227325376,184.47777061309347,-0.5942402071549016,0.4018272547356018,1.9696264722583927,-0.4158371457843373,1.0711827637089624,0.0,28.39051691154891,7.843171252244614,-54.57393268757776,-17.28835471112625,101.51870121604136,485.00785426512334,15.288,1.0,17.00491272757762,0.0836036363739773,1.576745150966478e-05,-0.2305410344318947,-0.0706139123944177,0.0176850289915146,0.7173428587160201,17.99992259526477,28.45363527170666,2.280302937177926
11.78,31.221090491291964,131.012462265225,184.24828584686347,-0.6079052197925247,0.4075361627210207,1.9823811265680111,-0.4219704036428215,1.0706700111106828,0.0,28.37860450560632,7.832492247973113,-54.711797780565846,-17.289330552471565,101.51990827687058,484.61165027699417,15.288,1.0,17.001398689918418,0.0835683398450242,1.5743981617963595e-05,-0.2295815225250016,-0.0700185691247651,0.0176044237385314,0.7318662773786995,18.01298262522742,28.44261959656526,2.2922103361636106
11.79,31.22108978147608,131.01246225173907,184.0185386910227,-0.6212509941302556,0.4129701160850752,1.9946644029044,-0.4282137004344451,1.0704578661559492,0.0,28.366891397112333,7.822188947595214,-54.84903179091536,-17.290545600314253,101.5214060756477,484.22241548471135,15.288,1.0,16.997880633219197,0.0835336301346151,1.572043425196776e-05,-0.2286048333096936,-0.0694164155276768,0.0175226835911499,0.7459828623349832,18.02565631432,28.431760029588613,2.303895200886723
11.8,31.22108907265453,131.01246223281495,183.7885296013173,-0.6342695273724516,0.4181262441779471,2.0064820375332846,-0.434560645567816,1.0705396279397348,0.0,28.355375712041425,7.8122591974886895,-54.98562429527436,-17.292004089362553,101.5231988259832,483.8400779168792,15.288,1.0,16.994358564470357,0.0834995017203763,1.569681076985736e-05,-0.2276114342787216,-0.0688078365712176,0.017439843187393,0.7596843079407789,18.03794072922345,28.42105424592286,2.3153548791944147
11.81,31.22108836482444,131.0124622084714,183.55825904740843,-0.6469027746412433,0.4230147838562479,2.0178498041055097,-0.4410082921515037,1.0708939834768088,0.0,28.344039973857868,7.8027007982364465,-55.12156519327915,-17.293710104722003,101.52529054984836,483.46403357812,15.288,1.0,16.99080236988376,0.0834659031346103,1.5673112521189076e-05,-0.2266018213689336,-0.0681932148652752,0.0173559297006673,0.7729276185053439,18.049853364881617,28.41048637706898,2.3265897939950344
11.82,31.22108765798292,131.0124621787272,183.32772749994976,-0.6591679013392657,0.4276269083952777,2.028769979397311,-0.447548785968905,1.071519182538341,0.0,28.332890165434005,7.793511480833327,-55.25684473856226,-17.29566759945013,101.5276851006102,483.0944794952264,15.288,1.0,16.987226697922402,0.0834328519918913,1.564934088215154e-05,-0.2255765568547634,-0.0675729211569447,0.0172709897665195,0.7857219782015005,18.061381586542268,28.40006101951263,2.3375972500996918
11.83,31.22108695212704,131.012462143601,183.0969354365532,-0.6710835733623448,0.4319537701766741,2.0392438568166984,-0.4541738337776937,1.072415007523388,0.0,28.3219324953252,7.7846889914119375,-55.3914535393888,-17.297880386591867,101.53038615483013,482.7316202076233,15.288,1.0,16.983646984013784,0.0834003665711784,1.5625497196627785e-05,-0.2245361410405022,-0.0669473451718283,0.0171850652372002,0.7980781225494599,18.072512722573727,28.389782992141136,2.348374613900934
11.84,31.22108624725392,131.01246210311152,182.86588333979952,-0.6826429407626088,0.4359933695294945,2.0492777022747046,-0.460876811557113,1.0735740265552207,0.0,28.31116513799951,7.776231049096915,-55.52538254043606,-17.300352115028662,101.53339718443296,482.3753863015257,15.288,1.0,16.980063235678934,0.0833684414931004,1.560158278099359e-05,-0.2234810738673647,-0.0663168801839713,0.0170981929123929,0.8099892642225562,18.083244748716933,28.37965015539632,2.358920881879113
11.85,31.22108554336064,131.0124620572772,182.6345717051896,-0.693839435504332,0.439743929361882,2.058877904720636,-0.4676510485725805,1.0749886360662633,0.0,28.30058628029888,7.768135342245516,-55.65862302634312,-17.30308626421383,101.5367214519638,482.02570900515593,15.288,1.0,16.976475460474116,0.0833370714147823,1.5577598924854908e-05,-0.2224118625144452,-0.0656819207981445,0.0170104100726692,0.8214489837748092,18.093575876114947,28.36966041705252,2.369235382449257
11.86,31.22108484044428,131.0124620061166,182.40300102424857,-0.704666775098856,0.4432038953025876,2.0680509726911973,-0.4744898317078298,1.0766510658336317,0.0,28.290194121407843,7.76039952846001,-55.79116662576182,-17.306086139655914,101.54036200675328,481.6825201837472,15.288,1.0,16.972883666096497,0.0833062510297333,1.5553546889133668e-05,-0.2213290210303551,-0.0650428626737109,0.0169217544534758,0.8324512313977814,18.103504553302628,28.35981173220711,2.379317747507429
11.87,31.22108413850193,131.01246194964813,182.17117179844124,-0.7151189658162256,0.4463719357369198,2.076803530902621,-0.4813864098677553,1.078553384102252,0.0,28.279986872761228,7.753021234639282,-55.92300531516625,-17.309354868524604,101.54432168122472,481.3457523305439,15.288,1.0,16.969287860366542,0.0832759750675964,1.552942790419688e-05,-0.2202330699623993,-0.0644001022493328,0.0168322642188833,0.8429903284520173,18.113029468067623,28.35010210319342,2.3891678852549023
11.88,31.221083437530645,131.01246188789014,181.93908454215173,-0.7251903055622692,0.449246941720898,2.0851423168030694,-0.4883339984447571,1.0806875028230545,0.0,28.269962757916726,7.745998057071427,-56.05413142242087,-17.312895395385702,101.54860308734928,481.0153385582266,15.288,1.0,16.96568805113994,0.0832462382937629,1.5505243168031553e-05,-0.2191245359833623,-0.0637540364687075,0.0167419779352381,0.8530609688198717,18.122149549150254,28.340529579439504,2.3987859542105556
11.89,31.221082737527496,131.01246182086095,181.70673976579008,-0.7348753868066481,0.4518280266712869,2.093074177049373,-0.4953257838193008,1.0830451831029426,0.0,28.26012001251228,7.739327561565005,-56.18453763010637,-17.316710478073233,101.55320861325596,480.69121259309566,15.288,1.0,16.96208424637807,0.0832170355092416,1.5480993844467986e-05,-0.2180039515164558,-0.0631050625073973,0.0166509345447676,0.8626582203201648,18.130863967620567,28.33109225737646,2.4081723383905898
11.9,31.221082038489524,131.01246174857877,181.47413799169104,-0.7441690992935973,0.4541145259048616,2.10060606396987,-0.5023549279092691,1.0856180407943825,0.0,28.25045688422273,7.733007283620603,-56.31421697860174,-17.32080268370685,101.55814042000426,480.373308768416,15.288,1.0,16.95847645421844,0.0831883615505434,1.5456681061461336e-05,-0.2168718543583849,-0.0624535775009704,0.0165591733390537,0.8717775259891412,18.139172138042863,28.321788280322437,2.4173276236538457
11.91,31.221081340413782,131.01246167106177,181.24127974517225,-0.7530666320267247,0.4561059961509288,2.1077450320669504,-0.5094145727981352,1.0883975520782805,0.0,28.24097163256864,7.727034728640387,-56.44316286892344,-17.32517438486119,101.56340043852506,480.0615620140232,15.288,1.0,16.95486468274572,0.0831602112891067,1.543230590942144e-05,-0.2157287873008899,-0.0617999782745645,0.0164667339323877,0.8804147048388812,18.14707371961341,28.31261583821461,2.426252575176791
11.92,31.221080643297324,131.01246158832808,181.00816556447208,-0.7615634759320332,0.4578022146905033,2.114498234341537,-0.5164978453462713,1.0913750594272824,0.0,28.231662528993034,7.721407372177023,-56.57136906531935,-17.329827755894613,101.56899036673674,479.7559078542868,15.288,1.0,16.95124894029117,0.0831325796315278,1.540786943960782e-05,-0.2145752977509116,-0.0611446610740392,0.0163736562351852,0.8885659530944683,18.15456861673426,28.30357316755051,2.434948116001802
11.93,31.22107994713716,131.01246150039577,180.77479598285848,-0.7696120505710937,0.459213934834115,2.12088087857562,-0.5236007429088128,1.0945294920640984,0.0,28.222515125895512,7.716122646782755,-56.69882969842208,-17.334764770166373,101.574911667706,479.45584984578414,15.288,1.0,16.947603767897373,0.083105424031325,1.5383372668424113e-05,-0.2134119507485453,-0.0604880181587745,0.0162799741056636,0.896196107753157,18.16167339519695,28.29464750983416,2.443417329905075
11.94,31.22107925193033,131.01246140728287,180.54117154652087,-0.7772156701304359,0.4603395059781432,2.1269000791773127,-0.5307162580246738,1.0978522956978036,0.0,28.21353000496096,7.7111778971978575,-56.82553929119482,-17.339987218205813,101.58116559282853,479.1614027341645,15.288,1.0,16.94393329900852,0.083078746198326,1.5358816616335487e-05,-0.2122393838363399,-0.0598304246385659,0.0161857356549564,0.9033070688023748,18.168385507644828,28.28583918750888,2.451661346210995
11.95,31.22107855767385,131.0124613090073,180.3072928046308,-0.7844071099967914,0.461170321685685,2.132556928695859,-0.5378351924051317,1.1013442348654876,0.0,28.20471617910017,7.7065704977936464,-56.951492764528815,-17.34549670839261,101.58775318393567,478.8728676353428,15.288,1.0,16.94025883339028,0.0830525726692128,1.5334202255930207e-05,-0.2110581695682016,-0.0591722703681657,0.0160909887597229,0.90992268474729,18.174691786461537,28.2771558616545,2.4596798311954395
11.96,31.221077864364748,131.01246120558707,180.0731603153037,-0.7911831494016301,0.4617070178120155,2.1378589372234647,-0.5449506544927522,1.104996186660154,0.0,28.196071964398367,7.702297803721163,-57.07668541182687,-17.35129463996384,101.59467524234609,478.5901822842525,15.288,1.0,16.936580379891883,0.0830268984822311,1.5309530509953616e-05,-0.2098688694876768,-0.0585139468708758,0.0159957741995371,0.9160407177357592,18.180593115699317,28.26859594824908,2.467474138432215
11.97,31.22107717200001,131.01246109703996,179.8387746396373,-0.7975408758655342,0.4619504452129446,2.142813693846444,-0.5520557610248134,1.108798926850435,0.0,28.18759568834399,7.698357142201104,-57.20111289875405,-17.35738219880505,101.60193232522724,478.3132849726061,15.288,1.0,16.93289794723766,0.0830017187092523,1.5284802254190896e-05,-0.2086720477568678,-0.0578558437901377,0.0159001329098884,0.9216593078264942,18.18609062558548,28.260157908439275,2.475045686447263
11.98,31.22107648057665,131.01246098338387,179.60413634171195,-0.8034776865741067,0.4619016680019585,2.147428862776112,-0.5591436418164946,1.1127431365629588,0.0,28.179285689932662,7.694745812994418,-57.324771264317526,-17.363760354849408,101.60952474385552,478.0421145488416,15.288,1.0,16.929211544366055,0.0829770284560721,1.5260018316240505e-05,-0.2074682707739809,-0.0571983486329834,0.0158041059555837,0.92677697312312,18.1911856917038,28.251840248370566,2.4823959436068392
11.99,31.22107579009169,131.01246086463655,179.36924599952178,-0.808991288558019,0.4615619619064187,2.151712179650489,-0.5662074446218756,1.1168194087914571,0.0,28.17114031948949,7.6914610889061885,-57.44765692170348,-17.370429859682186,101.61745256209213,477.77661040711047,15.288,1.0,16.925521180197663,0.0829528228619093,1.5235179474366928e-05,-0.2062581067911931,-0.0565418465160317,0.0157077345039766,0.9313926089829714,18.195879934312003,28.243641518751392,2.4895264140504296
12.0,31.22107510054208,131.01246074081573,179.1341041870858,-0.8140796995145986,0.4609328122762525,2.155671447610477,-0.5732403399511719,1.1210182552429993,0.0,28.163157938739143,7.688500216322979,-57.56976665886984,-17.377391244357323,101.62571559508092,477.5167124870544,15.288,1.0,16.921826863902847,0.0829290970995868,1.5210286456434084e-05,-0.2050421255327863,-0.0558867199142316,0.0156110597984408,0.935505487647332,18.20017521711465,28.23556031461056,2.496438624516622
12.01,31.221074411924803,131.0124606119391,178.89871148637377,-0.8187412473703081,0.4600159122106847,2.159314533564581,-0.5802355259614571,1.1253301129824596,0.0,28.15533692057881,7.685860415782337,-57.69109763889704,-17.384644817430853,101.63431340817304,477.2623612616253,15.288,1.0,16.918128604562774,0.0829058463748785,1.5185339938914624e-05,-0.2038208978140688,-0.0552333484124121,0.0155141231316779,0.939115256891166,18.20407364619321,28.227595274776032,2.503134112195371
12.02,31.221073724236845,131.01246047802425,178.6630684912836,-0.8229745707654759,0.4588131602729605,2.162649364205071,-0.5871862332773574,1.1297453514778413,0.0,28.14767564917753,7.68353888257313,-57.81164740009581,-17.392190663217253,101.64324531608187,477.013497737046,15.288,1.0,16.914426411490552,0.0828830659267957,1.5160340545982397e-05,-0.202594995161083,-0.0545821084598244,0.015416965819302,0.9422219393127852,18.207577568290677,28.219745081615518,2.509614413457342
12.03,31.22107303747517,131.01246033908885,178.42717579273116,-0.8267786182781016,0.4573266583273562,2.1656839221775086,-0.5940857298770043,1.1342542794342807,0.0,28.140172519778464,7.681532787366482,-57.93141385587423,-17.400028640272772,101.65251038227372,476.7700634426517,15.288,1.0,16.910720293945747,0.0828607510270016,1.5135288848685062e-05,-0.2013649894314815,-0.0539333731277674,0.0153196291733422,0.9448259306310672,18.21068956925528,28.21200846049914,2.515881053554923
12.04,31.221072351636728,131.0124601951504,178.19103398858965,-0.830152648359112,0.4555587090200301,2.168426242070711,-0.600927325912936,1.1388471519556709,0.0,28.13282593876521,7.679839276875331,-58.05039529436427,-17.4081583801114,101.66210741859793,476.5320004291333,15.288,1.0,16.907010261384197,0.0828388969800156,1.5110185364202858e-05,-0.2001314524367262,-0.0532875118704412,0.0152221544759681,0.9469279984700492,18.21341247192028,28.204384179470317,2.521935537210918
12.05,31.221071666718487,131.01246004622635,177.95464368567812,-0.8330324220048014,0.4535271608331161,2.170895566641759,-0.6077085128776626,1.1434960147361286,0.0,28.125616599168648,7.678455441210875,-58.168590380651054,-17.416579288825428,101.67203498830104,476.29865094762016,15.288,1.0,16.90325947438118,0.0828174469324459,1.5085030568009484e-05,-0.1988949848274698,-0.0526448836294385,0.0151245756470964,0.9484805787538192,18.215772273998287,28.196855735072774,2.527781702126636
12.06,31.221070982717382,131.0124598923343,177.71800549180915,-0.8354625214495301,0.4512238732049314,2.173093537884664,-0.6144202328373711,1.1482017288715292,0.0,28.11855553381689,7.677378300561282,-58.28599818622515,-17.42529057490302,101.68229143979644,476.07038529027216,15.288,1.0,16.89949361421776,0.0827964333684933,1.5059824924265264e-05,-0.197656236816068,-0.0520058318525484,0.015026946795711,0.9495189192739394,18.217755991934204,28.189432881423325,2.5334196172564036
12.07,31.221070299630373,131.0124597334916,177.48112002175387,-0.8374624883002469,0.4486470701308586,2.1750251252986814,-0.6210547544810022,1.15295966204455,0.0,28.111646564895285,7.676604927387605,-58.40261817586832,-17.43429123792541,101.69287489423532,475.8473293740957,15.288,1.0,16.895723817505544,0.0827758675399793,1.5034568830022492e-05,-0.1964157818405909,-0.0513707129308831,0.0149293121675554,0.9500596183244931,18.21936017748856,28.18211916170166,2.538849992820743
12.08,31.221069617454383,131.01245956971573,177.24398789127696,-0.8390328767814362,0.4457998173265514,2.1766985301536628,-0.6276056004533505,1.157759936580829,0.0,28.10488814045249,7.676132375831864,-58.51845018527963,-17.44358004865944,101.7037832230168,475.6294271862328,15.288,1.0,16.89195009405744,0.0827557448742816,1.5009262624257297e-05,-0.195174187207714,-0.0507398797587774,0.0148317126116513,0.9501049622054352,18.22058857348533,28.174913505458672,2.5440741639435696
12.09,31.22106893618637,131.01245940102405,177.0066097290643,-0.8401745447091091,0.4426853675362826,2.1781219841969675,-0.6340663592971753,1.16259265899679,0.0,28.098278719393555,7.675957679905781,-58.63349441912883,-17.45315554863118,101.71501404823896,475.4166232091512,15.288,1.0,16.88817245381286,0.0827360608307991,1.4983906588901336e-05,-0.1939320182286697,-0.0501136804861958,0.0147341888109604,0.9496575980956602,18.221445146781598,28.167814882475717,2.5490934107615075
12.1,31.221068255823244,131.01245922743385,176.76898615883286,-0.8408886515437602,0.4393071574287746,2.1793037455250728,-0.6404306901826369,1.1674479273108211,0.0,28.0918167713876,7.676077854303264,-58.74775144921944,-17.463016050270177,101.72656474378088,475.2088624153869,15.288,1.0,16.884390906747363,0.0827168109006594,1.495850094859636e-05,-0.1926898378544853,-0.0494924583014559,0.0146367812569773,0.94872053119858,18.22193408504428,28.160822302185093,2.553908954361872
12.11,31.22106757636193,131.01245904896243,176.5311178142386,-0.8411766565238153,0.4356688043117359,2.180252094415416,-0.6466923275822176,1.1723158384580947,0.0,28.085500776853703,7.676489895234361,-58.86122221242173,-17.47315963730633,101.73843243663993,475.00609026295353,15.288,1.0,16.880605462944924,0.0826979906066971,1.4933045870533757e-05,-0.1914482063141453,-0.0488765512180061,0.0145395302244985,0.9472971219317928,18.22205979321998,28.15393481314029,2.5585219535615127
12.12,31.22106689779935,131.01245886562708,176.2930053349022,-0.8410403163817608,0.4317741027863225,2.18097532913178,-0.6528450859177292,1.1771864956702225,0.0,28.079329226888223,7.677190781278245,-58.97390800837608,-17.48358416542107,101.75061400852512,474.8082526903983,15.288,1.0,16.87681613254374,0.0826795955032272,1.4907541464383172e-05,-0.1902076807557063,-0.0482662918654108,0.0144424757466062,0.9453910827707172,18.22182688987785,28.147151502418165,2.5629335024687516
12.13,31.221066220132425,131.01245867744498,176.05464935845632,-0.8404816829564055,0.4276270212697345,2.181481761694684,-0.6588828641551485,1.1820500158966014,0.0,28.07330062321893,7.678177474254702,-59.08581049697106,-17.494287263153417,101.76310609770664,474.6152961121368,15.288,1.0,16.87302292573624,0.0826616211759129,1.4881987782310982e-05,-0.1889688148906232,-0.0476620072846437,0.0143456575898594,0.943006475003658,18.221240203319404,28.14047149502734,2.567144628836675
12.14,31.221065543358023,131.01245848443327,175.81605053644864,-0.8395031006426081,0.4232316984043368,2.1817797136176345,-0.6647996503473146,1.186896537244314,0.0,28.067413478168017,7.679446920113153,-59.196931695595225,-17.50526633306215,101.77590510112236,474.4271674139982,15.288,1.0,16.86922585278711,0.0826440632416606,1.485638481908386e-05,-0.1877321586414939,-0.0470640187277973,0.0142491152297141,0.9401477053491892,18.22030476748177,28.133893953307563,2.5711562931836527
12.15,31.221064867473103,131.01245828660927,175.5772095124769,-0.8381072035868066,0.4185924393779486,2.18187751160417,-0.6705895261260209,1.1917162264042556,0.0,28.061666314599336,7.6809960498371455,-59.307273976168005,-17.516518553143392,101.78900717673925,474.2438139492736,15.288,1.0,16.865424924015272,0.0826269173484505,1.4830732512258716e-05,-0.1864982577934314,-0.0464726414623117,0.0141528878262053,0.9368195223783348,18.219025817671746,28.12741807629941,2.5749693886470038
12.16,31.221064192474536,131.01245808398988,175.33812694504675,-0.8362699173246926,0.4137200370491817,2.1817878449618084,-0.6762483372241931,1.1964918129416005,0.0,28.05605052950464,7.6828217744204546,-59.41684006203048,-17.528040878584022,101.80240824626352,474.0649423657925,15.288,1.0,16.861604799583862,0.082610158162413,1.4805030743869556e-05,-0.1852676576070072,-0.0458881836983243,0.0140570109245663,0.9330056210415704,18.21741812560274,28.12103695622512,2.57858540142805
12.17,31.221063518359223,131.01245787659232,175.09880349067765,-0.8339621179699207,0.408626633441583,2.1815253009645845,-0.6817726915967836,1.201203018710028,0.0,28.05055625867771,7.684920899492457,-59.52563304175964,-17.539830060643027,101.81610401768717,473.89021696946287,15.288,1.0,16.85774699188853,0.082593756636394,1.4779279378752151e-05,-0.184040976126257,-0.0453109300209542,0.0139615250552538,0.9286854945442764,18.215498379698893,28.114742636032275,2.5820060677531003
12.18,31.22106284512408,131.0124576644336,174.85923981284685,-0.8312468792935294,0.4033030194294074,2.1810891273649764,-0.6871534753771728,1.2058557976168307,0.0,28.045197865359373,7.687290282161278,-59.63365638558525,-17.551882668997735,101.83009001170802,473.72012081934906,15.288,1.0,16.853885310394514,0.0825777550601219,1.475347823639034e-05,-0.1828187761240157,-0.0447411696856311,0.0138664786408321,0.923911948053875,18.21325172786921,28.108548032371345,2.585230721788437
12.19,31.22106217276596,131.01245744753075,174.61943657602512,-0.8281280316496844,0.3977541136704366,2.1804876272305544,-0.692385184005349,1.210440515101153,0.0,28.039973912029925,7.689926799302019,-59.740913908739415,-17.56419506238047,101.84436152807687,473.5546030069162,15.288,1.0,16.8500197658103,0.0825621491983989,1.472762707274404e-05,-0.1816015828470678,-0.0441791923665296,0.0137719092886365,0.9186911095121524,18.210684159803563,28.102452480260784,2.588259990057799
12.2,31.22106150128181,131.0124572259008,174.3793944496549,-0.8246096781355811,0.3919849815808709,2.1797290855270064,-0.6974624276511006,1.2149476040185885,0.0,28.034882971566063,7.692827317678675,-59.84740976254693,-17.576763386516113,101.85891364369996,473.39361307250914,15.288,1.0,16.846150369009113,0.0825469348466812,1.4701725588067987e-05,-0.1803899156331963,-0.0436252808622005,0.0136778541664121,0.9130294288843624,18.207801842379865,28.096455348168707,2.5910944415030253
12.21,31.22106083066849,131.01245699956073,174.13911410615947,-0.8206961901886388,0.3860008312069917,2.1788217647343195,-0.7023799353155492,1.2193675718109391,0.0,28.029923627074364,7.695988694917879,-59.95314843012423,-17.589583577006934,101.8737412164502,473.23710099693255,15.288,1.0,16.84227713075436,0.0825321078305923,1.4675773427582844e-05,-0.1791842875892308,-0.043079710928911,0.0135843499796987,0.9069336734836332,18.20461111449448,28.09055603719832,2.593734591510464
12.22,31.22106016092292,131.0124567685274,173.89859622690923,-0.8163922039817441,0.3798070087868726,2.1777739002713847,-0.7071325587892657,1.2236910078984848,0.0,28.02509447197928,7.6994077804891345,-60.05813472187489,-17.60265136245939,101.88883888921616,473.0850172023553,15.288,1.0,16.83840006197418,0.0825176640061723,1.4649770182226451e-05,-0.1779852052739691,-0.0425427511192106,0.0134914329496821,0.9004109240081211,18.2011184814048,28.084753980479157,2.5961809064883563
12.23,31.22105949204195,131.0124565328177,173.657841489299,-0.8117026159728524,0.3734089943911801,2.17659369602236,-0.7117152765649508,1.2279085908305007,0.0,28.0203941099335,7.703081416690842,-60.16237377078466,-17.61596226784963,101.90420109418504,472.9373125464829,15.288,1.0,16.834519173651632,0.0825035992596205,1.4623715389485422e-05,-0.1767931683864792,-0.0420146626257329,0.0133991387912956,0.8934685699776667,18.197330609158147,28.07904864239312,2.5984338090271897
12.24,31.221058824022496,131.01245629244855,173.4168505746995,-0.8066325784168344,0.3668123974557185,2.175289319815368,-0.7161231976498266,1.232011095414876,0.0,28.015821154763408,7.70700643964059,-60.265871027517946,-17.629511618124628,101.91982205735684,472.79393831817424,15.288,1.0,16.830634476788088,0.0824899095071361,1.4597608534301205e-05,-0.175608669459619,-0.041495699130396,0.0133075026916915,0.8861143052323692,18.19325431883279,28.07343951781858,2.600493683580174
12.25,31.221058156861435,131.0124560474368,173.1756241734286,-0.8011874948135967,0.3600229522174476,2.173868898858133,-0.7203515652763259,1.2359893998117109,0.0,28.01137423044047,7.7111796802683905,-60.368632255321465,-17.643294542033022,101.93569580328084,472.6548462343442,15.288,1.0,16.826745982421524,0.0824765906948287,1.4571449050054175e-05,-0.1744321935589666,-0.0409861066590772,0.0132165592890941,0.8783561234912983,18.18889658061053,28.067926131385217,2.602360882634389
12.26,31.22105749055565,131.01245579779922,172.93416297282187,-0.795373015363082,0.3530465130437374,2.1723405151409545,-0.7243957605056852,1.239834492594234,0.0,28.007051971093503,7.715597965312004,-60.47066352473572,-17.657305976182265,101.951816160014,472.5199884380359,15.288,1.0,16.822853701736353,0.082463638798754,1.454523631961842e-05,-0.1732642179877361,-0.0404861234417508,0.0131263426520665,0.8702023140537339,18.18426450766721,28.06250803675295,2.6040357333546478
12.27,31.22105682510204,131.01245554355256,172.69246766717396,-0.7891807256319237,0.3458923203574758,2.170714379643166,-0.7282521636726054,1.2435335673043086,0.0,28.00284941946668,7.72025811694593,-60.5719712081202,-17.671540669315497,101.96817676429087,472.38919598478174,15.288,1.0,16.818949617663147,0.0824510392206076,1.4518969676720872e-05,-0.1721052127188307,-0.039995979620235,0.0130368846370753,0.8616496671172739,18.179370155191933,28.05718172807124,2.605518732401674
12.28,31.22105616049748,131.01245528471352,172.45053895276783,-0.7825557952278794,0.3385803410217804,2.169008706904983,-0.7319203975297021,1.2470597471828022,0.0,27.99875000425152,7.725156857458461,-60.67256198616473,-17.685993199325093,101.98477108126764,472.26190827402274,15.288,1.0,16.814999420895177,0.0824387431661492,1.4492648438690715e-05,-0.170955711078019,-0.0395158815882066,0.0129482165891815,0.852656490938889,18.174241298226203,28.051933770318104,2.606811127027292
12.29,31.221055496738863,131.01245502129888,172.20837752787455,-0.7755801373100881,0.3310994545440329,2.167220633999288,-0.7353919716384013,1.250423974505999,0.0,27.99477148167032,7.730290950525389,-60.77244287065216,-17.700658007764975,102.00159244422107,472.13872290746633,15.288,1.0,16.811045422995825,0.0824268029144225,1.4466271897754806e-05,-0.1698162130178796,-0.0390460330246535,0.0128603832975446,0.8432939595849782,18.1688600203517,28.04678017290416,2.6079123344932187
12.3,31.2210548338231,131.01245475332533,171.96598409474285,-0.7682604079890593,0.323455934419874,2.165358015142551,-0.7386628484283384,1.2536177584139163,0.0,27.99091252367464,7.735657212882762,-60.87162116588935,-17.715529371860764,102.01863402245814,472.0195936026431,15.288,1.0,16.807087635293982,0.0824152145529967,1.4439839290774932e-05,-0.1686871613497221,-0.0385866398871715,0.0127734162977385,0.8335715480492489,18.163233938620003,28.04172059316297,2.6088226504691896
12.31,31.22105417174708,131.01245448080945,171.72335935462732,-0.7606034836930216,0.3156561503126827,2.1634286348864595,-0.7417291442699822,1.2566327541122817,0.0,27.987171812243325,7.741252462182912,-60.97010445394549,-17.730601400858898,102.03588881722376,471.9044744874596,15.288,1.0,16.803126069341044,0.0824039741990176,1.4413349809697013e-05,-0.1675689896464131,-0.0381378997410875,0.0126873464512572,0.8234990051932725,18.15737078098276,28.036754713565557,2.609542385249565
12.32,31.221053510507687,131.012454203768,171.4805040177289,-0.7526164551441985,0.3077065631645449,2.161440203534412,-0.7445871324467414,1.2594607692108104,0.0,27.98354803925716,7.747073517977101,-61.06790058824952,-17.745868041264302,102.05334966778535,471.7933200949221,15.288,1.0,16.799160736706945,0.0823930779988169,1.438680260298038e-05,-0.1664621219856547,-0.0377000016541391,0.012602203927322,0.8130863495267172,18.15127837973766,28.031882240827283,2.610071872658151
12.33,31.221052850101863,131.0124539222174,171.2374187922622,-0.7443066214688177,0.2996137202007753,2.1594003525487087,-0.747233245991002,1.2620937700134776,0.0,27.98003990643995,7.753117202692451,-61.165017687024815,-17.761323082257185,102.071009257686,471.6860853587447,15.288,1.0,16.795191648924536,0.0823825221277467,1.4360196777085193e-05,-0.1653669727002707,-0.0372731260970998,0.0125180181851554,0.8023438654258196,18.14496466481085,28.02710290506442,2.6104114792133
12.34,31.221052190526496,131.01245363617434,170.9941043864421,-0.7356814845122464,0.2913842498138131,2.157316629910815,-0.7496640803762512,1.2645238877771316,0.0,27.976646125382555,7.759380342601783,-61.26146412656524,-17.77696016128273,102.0888601211608,471.58272561195423,15.288,1.0,16.791218817619377,0.0823723027902533,1.4333531398012668e-05,-0.1642839461354786,-0.0368574448504362,0.012434817956766,0.7912820999043103,18.1384376568576,28.022416459014654,2.6105616134952876
12.35,31.22105153177849,131.0124533456553,170.75056151643545,-0.7267487426365294,0.2830248564990855,2.1551964955390086,-0.7518763961073998,1.266743424734211,0.0,27.97336541746832,7.765859768785359,-61.35724853435647,-17.79277276980389,102.10689464970552,471.48319658288045,15.288,1.0,16.787242254417027,0.0823624162196484,1.4306805492903702e-05,-0.1632134364133576,-0.0364531209170341,0.0123526312301932,0.7799118593765196,18.13170546043693,28.017822677167132,2.610522735682345
12.36,31.22105087385476,131.01245305067675,170.5067908994051,-0.717516284663349,0.2745423156925178,2.1530473166951247,-0.7538671211661058,1.2687448600537492,0.0,27.97019651386403,7.772552318084011,-61.45237978204796,-17.808754259211067,102.12510509879117,471.3874543925728,15.288,1.0,16.783261970998662,0.0823528586780893,1.4280018051683663e-05,-0.1621558272045805,-0.0360603084410509,0.0122714852332494,0.7682442070330272,18.124776257043703,28.013321354942605,2.610295367236466
12.37,31.22105021675224,131.01245275125513,170.26279325151987,-0.7079921837071667,0.2659434685759085,2.150876363403185,-0.7556333533255322,1.270520855664494,0.0,27.967138155510973,7.779454834042284,-61.546866978279375,-17.824897846878727,102.1434835947136,471.295455552569,15.288,1.0,16.779277979156735,0.0823436264565537,1.4253168028759664e-05,-0.1611114915075841,-0.0356791526329304,0.0121914064177736,0.7562904606720795,18.117658298096767,28.00891230786852,2.6098801006910137
12.38,31.22104956046783,131.0124524474069,170.01856929193184,-0.6981574533777539,0.2572413029810063,2.148694792936868,-0.7571739770379968,1.2720568007947817,0.0,27.964182559797983,7.786564161269368,-61.64071946142645,-17.8411966224244,102.16202214164264,471.206936785488,15.288,1.0,16.775275172485006,0.0823346966388124,1.4226254345876055e-05,-0.1600807950200465,-0.0353097889254358,0.0121124178858049,0.7440387372654723,18.1103688562638,28.00458979342861,2.6092777255680932
12.39,31.22104890499848,131.01245213914837,169.77411973979375,-0.6879823414145729,0.2484512537426165,2.146516387262618,-0.7584890505988702,1.273333593706583,0.0,27.961319459893488,7.793877035884577,-61.73394680969841,-17.857643572914377,102.18071265015716,471.1215512269095,15.288,1.0,16.771232239394706,0.0823260389946431,1.419927592997462e-05,-0.1590641743669012,-0.0349523259639673,0.0120345471369781,0.7314675391798484,18.10292879631489,28.000345969264483,2.608489348555416
12.4,31.221048250341124,131.01245182649595,169.5294453232055,-0.6775411776771504,0.2395656109009545,2.1443390979912804,-0.7595724897164388,1.2743615529129764,0.0,27.95856345053674,7.801390282476765,-61.8265588560283,-17.874231613977084,102.19954697236648,471.03978987961847,15.288,1.0,16.767185585641617,0.0823176964934502,1.4172231691266588e-05,-0.158062004412408,-0.0346068742205664,0.0119578277556899,0.718645290919781,18.095324894272277,27.996194219052786,2.6075156570672515
12.41,31.221047596492728,131.012451509466,169.28454676132168,-0.6668427794954832,0.2305914121992927,2.14216975920174,-0.7604220877140357,1.2751341379853716,0.0,27.95591330909016,7.809100777862464,-61.91856564543332,-17.890953559361897,102.218516867084,470.96161069935874,15.288,1.0,16.763135223320752,0.082309665533585,1.414512050422162e-05,-0.1570746127510906,-0.0342735427388686,0.0118822828851694,0.7055843614070956,18.087565603635493,27.992134425636937,2.6063576305982092
12.42,31.221046943450222,131.0124511880748,169.03942478522532,-0.6558961145388484,0.22153573514445,2.1400150838799394,-0.7610358169269242,1.275645019767911,0.0,27.953367822428813,7.817005410250278,-62.00997742165752,-17.90780212169495,102.23761400050324,470.8869720151279,15.288,1.0,16.759081164376877,0.0823019425414456,1.411794121617768e-05,-0.1561023152242605,-0.0339524313657514,0.0118079348149522,0.6922973719133011,18.07965941246424,27.988166487623637,2.6050163704548903
12.43,31.221046291210587,131.0124508623386,168.7940801200375,-0.644710294358308,0.2124056916240055,2.1378816594767014,-0.7614118301745856,1.275888085340951,0.0,27.95092578701288,7.825101080108144,-62.10080461918417,-17.92476991917863,102.25682995360764,470.8158325305732,15.288,1.0,16.75502342084866,0.0822945239716773,1.4090692649243588e-05,-0.1551454157474864,-0.033643630713814,0.0117348049684837,0.6787971989812874,18.071614836156733,27.984290318609663,2.603493109530284
12.44,31.2210456397708,131.0124505322736,168.54851349386172,-0.6332945673031865,0.2032084226348649,2.1357759436202324,-0.761548462122078,1.2758574426630116,0.0,27.94858600883074,7.833384701015556,-62.19105785513874,-17.94184948237404,102.27615622964844,470.7481513196343,15.288,1.0,16.750962004812337,0.0822874063070217,1.4063373602232248e-05,-0.1542042061463792,-0.0333472221301915,0.0116629138911999,0.6650969781682117,18.063440410418085,27.980505846296797,2.6017892219597645
12.45,31.22104498912783,131.012450197896,168.3027256397722,-0.6216583113634266,0.1939510930082928,2.1337042598616844,-0.7614442304977356,1.2755474250408627,0.0,27.946347303342527,7.84185320050003,-62.280747921088654,-17.959033261056366,102.29558426168154,470.68388782325104,15.288,1.0,16.746896928325352,0.0822805860581463,1.4035982852619168e-05,-0.1532789660005848,-0.0330632776717603,0.0115922812391964,0.6512101092842113,18.055144684250987,27.97681301160656,2.5999062325858144
12.46,31.221044339278663,131.01244985922193,168.0567172848806,-0.6098110271129372,0.1846408860960823,2.131672793451711,-0.7610978371577076,1.274952595461374,0.0,27.94420849546393,7.850503520856702,-62.36988577474528,-17.97631363113406,102.31510542015263,470.6230018478941,15.288,1.0,16.742828203463944,0.082274059763583,1.400851915852609e-05,-0.1523699624964795,-0.032791860086653,0.0115229257685246,0.6371502635137644,18.046736212920617,27.973211767829167,2.597845826207178
12.47,31.22104369022032,131.0124495162675,167.81048916425152,-0.597762330586521,0.1752849984602018,2.129687587209889,-0.7605081690054449,1.2740677507398197,0.0,27.942168419549112,7.859332619951523,-62.4584825315735,-17.99368290162184,102.33471102052148,470.5654535625853,15.288,1.0,16.73875584236069,0.0822678239896967,1.3980981260727184e-05,-0.1514774502883925,-0.0325330228021462,0.0114548653250365,0.6229313925214166,18.038223550957287,27.969702079772038,2.595609856606943
12.48,31.2210430419498,131.01244916904884,167.56404200897504,-0.5855219458935624,0.1658906346134046,2.1277545374643188,-0.7596742987778192,1.2728879254263208,0.0,27.94022591932683,7.868337472006347,-62.546549456314864,-18.011133321658843,102.35439233091536,470.51120349593936,15.288,1.0,16.73467985712938,0.0822618753304821,1.3953367884670576e-05,-0.1506016713685117,-0.0322868099189025,0.0113881168348478,0.6085677396742242,18.029615245271167,27.966283922869547,2.593200355279108
12.49,31.221042394464124,131.01244881758183,167.3173765551115,-0.5730327179625807,0.1564796545019475,2.125889049144369,-0.7585994807598233,1.2713897350759087,0.0,27.938364530912487,7.877515023237638,-62.63409795670088,-18.02865709010643,102.3741405826678,470.459696682466,15.288,1.0,16.73056341341645,0.08225616531128,1.3925677751694712e-05,-0.149742881857983,-0.0320532504513446,0.011322692122792,0.5940130989401758,18.02094156406526,27.962944267007444,2.5906194780278735
12.5,31.221041747760328,131.0124484618826,167.07049353772948,-0.5603429975996512,0.1470507906318702,2.124092726843866,-0.7572813479348722,1.2695770936923976,0.0,27.936592067017568,7.886862145895958,-62.721139607635536,-18.046246399592672,102.3939470195934,470.41119584377424,15.288,1.0,16.72642747065527,0.0822507169329457,1.3897909615318376e-05,-0.1489013916173122,-0.0318323498530377,0.0112586170335919,0.5793164252565545,18.01219849908766,27.959690725836648,2.587869963693984
12.51,31.221041101835464,131.01244810196704,166.8233936899097,-0.5474917318318049,0.1376048982208351,2.122367114026181,-0.755717892643673,1.2674534158782595,0.0,27.934914029061066,7.896375857803323,-62.807686134208176,-18.06389343505518,102.4138028959136,470.36588585208415,15.288,1.0,16.722287893856414,0.082245546391207,1.3870062214136804e-05,-0.14807741108692,-0.0316241227920939,0.0111959089182624,0.5645190237044322,18.003385146023057,27.95652893514948,2.584954518242648
12.52,31.22104045668659,131.0124477378511,166.57607774572884,-0.5344890776578236,0.1281491464109569,2.120717478696468,-0.7539089313003722,1.265014735973288,0.0,27.93332929575165,7.906053203805354,-62.89374937640367,-18.081590351382,102.4336994507087,470.3237285661978,15.288,1.0,16.718144695347235,0.0822406503831764,1.3842134277227828e-05,-0.1472711297530658,-0.0314285763325287,0.0111345808788262,0.54963651760981,17.994509943408882,27.953458899815043,2.581875981408236
12.53,31.22103981231078,131.0124473695506,166.3285464472162,-0.5213452626618467,0.1186906861933637,2.1191489216865858,-0.751854467437158,1.2622573448593348,0.0,27.931836755054768,7.915891248900312,-62.97934127957523,-18.09932927972267,102.45362791468388,470.2846861936491,15.288,1.0,16.713997887512143,0.0822360256332534,1.381412452792456e-05,-0.1464827238278443,-0.0312457082971397,0.0110746450521989,0.5346849288075312,17.985581288123985,27.950480631110107,2.5786374109482644
12.54,31.22103916870516,131.01244699708147,166.08080052248727,-0.5080705771791387,0.1092366453049595,2.11766637316264,-0.7495546916239766,1.2591777926318604,0.0,27.930435304096484,7.9258870789100095,-63.06447388552503,-18.117102334522496,102.47357951773417,470.2487212862112,15.288,1.0,16.709847482640452,0.0822316688928408,1.3786031685869104e-05,-0.1457123561735071,-0.0310755072995151,0.0110161126044081,0.5196807128479216,17.976607528988374,27.94759414582104,2.5752420890503807
12.55,31.221038525866767,131.01244662045943,165.83284071456737,-0.4946753669245921,0.0997941230505045,2.1162745891833006,-0.7470099812165293,1.2557728911918242,0.0,27.929123849177365,7.936037801130091,-63.14915932354135,-18.13490162053728,102.49354549647292,470.2157967388967,15.288,1.0,16.705693493040474,0.082227576940389,1.3757854469069269e-05,-0.144960176236177,-0.0309179527822174,0.0109589937255082,0.5046408011531258,17.967596960303332,27.944799465444,2.571693528224609
12.56,31.221037883792768,131.01244623970027,165.58466775952596,-0.4811700255336729,0.090370185175007,2.114978148367373,-0.7442208999634777,1.2520397166153407,0.0,27.927901305769748,7.946340544959902,-63.233409801397954,-18.15271923982001,102.51351710171464,470.1858757891315,15.288,1.0,16.701535931115664,0.0822237465813771,1.3729591595951846e-05,-0.1442263199885873,-0.0307730150611995,0.0109032976251363,0.4895826506820641,17.95855781551945,27.942096615376503,2.567995476630781
12.57,31.221037242480275,131.01244585481965,165.33628239243993,-0.4675649866007993,0.0809718588800783,2.113781448766268,-0.7411881974983056,1.2479756111825346,0.0,27.9267665984056,7.956792462512019,-63.31723759632257,-18.17054729867072,102.53348560590292,470.1589220112626,15.288,1.0,16.697374809174335,0.0822201746479935,1.370124178741434e-05,-0.1435109098820458,-0.0306406553763776,0.0108490325286482,0.4745243018890554,17.949498261174018,27.939485624022105,2.564151922832505
12.58,31.22103660192644,131.01244546583322,165.08768534938113,-0.4538707164087967,0.0716061277313529,2.1126887047554943,-0.7379128086491971,1.243578185383524,0.0,27.92571866072016,7.9673907292002495,-63.40065504593966,-18.188377914543214,102.55344231047836,470.1348993170429,15.288,1.0,16.693210139619946,0.0822168579992591,1.3672803768868886e-05,-0.1428140548077256,-0.0305208259483059,0.0107962056739879,0.4594844474961306,17.940426390721278,27.936966522033785,2.5601670999237087
12.59,31.2210359621284,131.01244507275655,164.8388773733807,-0.4400618481963104,0.062287632196838,2.1117088095787846,-0.73439793233427,1.2388355282417265,0.0,27.92474857844301,7.978132531663799,-63.48367453938873,-18.206203223124177,102.57337855342604,470.11350740885104,15.288,1.0,16.689022390176223,0.0822137703890601,1.3644276274120624e-05,-0.1421358565213376,-0.0304134686708668,0.0107448207738907,0.4444480881633563,17.931361773347042,27.934532694901755,2.556045360611477
12.6,31.221035323083377,131.0124446756053,164.58985919256165,-0.426122032473618,0.0530289762200999,2.110850535809172,-0.7306468237349523,1.233736541179188,0.0,27.923849547863725,7.989014942310331,-63.566308529649206,-18.224015410200792,102.59328574449972,470.0945170881329,15.288,1.0,16.684796772993042,0.0822108917852936,1.3615658083732355e-05,-0.1414764909895575,-0.030318497920129,0.0106948880487905,0.4294089042282548,17.92232096922888,27.932179318780523,2.551791648744197
12.61,31.22103468478853,131.0124442743949,164.3406315469759,-0.4121249047148254,0.0438233979425518,2.110109585316932,-0.726657494735957,1.228295967005801,0.0,27.923034404798468,8.000035167234001,-63.648569543224646,-18.24180674096712,102.61315539748011,470.0783604375521,15.288,1.0,16.68056759981012,0.0822082599768556,1.3586947999740352e-05,-0.1408360568547027,-0.0302358328086773,0.0106464194323207,0.4144483009648752,17.913291477924247,27.92991816737887,2.547411344731166
12.62,31.22103404724113,131.01244386914095,164.0911951727007,-0.3980810608717872,0.034677642508211,2.109489406327305,-0.7224316068566043,1.2225125168324704,0.0,27.922302116508668,8.011190478555342,-63.73047013472889,-18.259569524765823,102.63297909030528,470.0650026072631,15.288,1.0,16.676334883171855,0.0822058719218779,1.3558144830911229e-05,-0.1402146078355212,-0.0301653903640659,0.0105994181334847,0.3995886016455611,17.904281030676074,27.927749267523488,2.542909718374721
12.63,31.22103341043836,131.01244345985876,163.8415508048211,-0.3840010905034734,0.0255983873152567,2.108993248555683,-0.7179710009501421,1.2163851782838764,0.0,27.92165165911525,8.022478174464553,-63.81202287330819,-18.27729611644175,102.65274846617692,470.0544090708746,15.288,1.0,16.672098635507034,0.0822037246046168,1.3529247399866608e-05,-0.1396121839398148,-0.0301070789879504,0.0105538863608048,0.3848533553571857,17.895297257123456,27.925672644258142,2.53829229652684
12.64,31.22103277437749,131.01244304656373,163.59169917742915,-0.369895569481232,0.0165922372623244,2.1086241609497094,-0.7132776956884189,1.209913216209197,0.0,27.921082017632408,8.033895579680465,-63.8932403335216,-18.29497892276901,102.67245524033169,470.0465456265388,15.288,1.0,16.667858869302247,0.082201815035532,1.3500254545019834e-05,-0.1390288114823499,-0.0300607985482328,0.0105098253232143,0.3702675125284241,17.88634767997769,27.92368832013048,2.5335648628099356
12.65,31.22103213905581,131.01244262927125,163.34164102561277,-0.3557750522273769,0.007665720166159,2.1083849896892457,-0.7083538859436908,1.2030961730419718,0.0,27.920592185892712,8.045440045888116,-63.9741350862427,-18.312610408786075,102.6920912067024,470.04137839286494,15.288,1.0,16.66361559700554,0.0822001402510778,1.34711651224928e-05,-0.1384645031122664,-0.0300264404768731,0.0104672352315503,0.3558576264436395,17.877439710014254,27.92179631439704,2.5287334565087494
12.66,31.221031504470595,131.01244220799651,163.09137708446067,-0.3416500643077241,-0.0011747178208227,2.1082783762966084,-0.7032019410209054,1.1959338690386123,0.0,27.920181166541173,8.057108952154337,-64.05471968958761,-18.330183104031256,102.71164824446048,470.0388738076909,15.288,1.0,16.659368831103507,0.0821986973136861,1.344197800801282e-05,-0.137919257849537,-0.0300038878733869,0.0104261153007301,0.3416520838319075,17.86858064112176,27.919996642297388,2.5238043705741333
12.67,31.221030870619146,131.0124417827548,162.840908084094,-0.3275310947066234,-0.009922716646999,2.1083067559565927,-0.6978244027824404,1.1884264022057969,0.0,27.919847970953004,8.06889970532194,-64.13500667987779,-18.34768960867476,102.73111832443584,470.03899862477743,15.288,1.0,16.655118584005656,0.0821974833115158,1.341269209878394e-05,-0.137393061130844,-0.0299930156138665,0.0103864637525825,0.3276813654034332,17.859777645627112,27.918289314274706,2.51878414870959
12.68,31.2210302374988,131.01244135356123,162.59023475761677,-0.3134285885034696,-0.0185720067990705,2.108472355977504,-0.6922239836272341,1.180574148109972,0.0,27.9195916192266,8.080809740382264,-64.215008562642,-18.365122599541404,102.75049351540956,470.0417199124406,15.288,1.0,16.650864868121506,0.0821964953584358,1.3383306315335464e-05,-0.1368858848648094,-0.0299936904654527,0.0103482778193654,0.3139783369712222,17.85103776967433,27.91667433527157,2.5136795815329505
12.69,31.22102960510689,131.01244092043095,162.33935783415822,-0.2993252480054677,-0.027110560890131,2.108780793867577,-0.6864051468267104,1.17237025187934,0.0,27.9194053241311,8.092836513601926,-64.2947378037155,-18.382474836079982,102.7697659903398,470.046809216149,15.288,1.0,16.64659271775204,0.0821957134713647,1.3353819604201367e-05,-0.1363976908122394,-0.030005770507732,0.0103115518505611,0.3005504615194038,17.842376817018994,27.91514680734365,2.508497651915702
12.7,31.22102897344082,131.01244048337898,162.088278046826,-0.2851853318663414,-0.0355226081686463,2.1092411143159824,-0.6803739517474158,1.163801297059632,0.0,27.91927856478525,8.104977362583305,-64.37420683842659,-18.39973918817538,102.78892805681164,470.0539123639681,15.288,1.0,16.64227706395863,0.082195106675475,1.3324230973046316e-05,-0.1359285151661575,-0.0300290874677882,0.0102762845064471,0.2873891417260694,17.833816342586974,27.91369868689977,2.5032459430856977
12.71,31.221028342497966,131.01244004242037,161.83699612077635,-0.2710933029486793,-0.0438178814612042,2.10984600193395,-0.6741295897232357,1.1548875196257895,0.0,27.91922602370364,8.117229750238382,-64.4534280883252,-18.416908673505706,102.80797219798656,470.0635238469613,15.288,1.0,16.637957934259944,0.0821947181955544,1.3294539475178276e-05,-0.1354783300448685,-0.0300634760615101,0.0102424789221793,0.2746116736629769,17.825339173684814,27.91234312764985,2.4979323526878185
12.72,31.22102771227573,131.01243959757005,161.58551278812558,-0.2570594345096705,-0.0519905309761072,2.1105968363485226,-0.6676754278529863,1.1456304122097916,0.0,27.91924675315244,8.129591225836782,-64.53241391476976,-18.43397641794424,102.8268910281623,470.0756118860978,15.288,1.0,16.63363534110868,0.0821945452402824,1.3264744187856231e-05,-0.1350470532310595,-0.0301087720728878,0.0102101283591941,0.2622642751995965,17.81695179478235,27.911080100764615,2.492564647896427
12.73,31.22102708277158,131.01243914884293,161.33382877204542,-0.2430939188863287,-0.06003481816861,2.111494782638758,-0.6610149914210673,1.136031742865008,0.0,27.91933981397693,8.142059368483707,-64.61117660372703,-18.45093565311996,102.84567728964188,470.0901450079932,15.288,1.0,16.629309297035622,0.082194585043623,1.3234844219758855e-05,-0.1346345892927448,-0.0301648038493972,0.0101792251095137,0.2503973066263941,17.80866054351036,27.9099095685166,2.487150811026745
12.74,31.221026453982965,131.01243869625387,161.0819447996852,-0.2292068600930448,-0.0679451195791621,2.1125407909621328,-0.654151961191882,1.126093553517092,0.0,27.9195042755085,8.154631787364721,-64.68972835710139,-18.467779721638085,102.86432385810404,470.1070920408902,15.288,1.0,16.624979814512987,0.0821948348645532,1.3204838712626593e-05,-0.1342408296935622,-0.0302313924473021,0.0101497605032079,0.2390654708685371,17.800471607237593,27.90883148358413,2.4816990295124124
12.75,31.22102582590736,131.01243823981767,160.82986159620765,-0.2154082668603923,-0.0757159306566549,2.1137355963249207,-0.6470901705739557,1.115818158311943,0.0,27.919739215548287,8.167306121968846,-64.76808128414865,-18.484502082165545,102.88282374782004,470.126422113529,15.288,1.0,16.620646906013008,0.0821952919870096,1.317472684286768e-05,-0.1338656529118572,-0.0303083517817733,0.0101217249165298,0.2283278269870496,17.79239101971018,27.907845788434415,2.476217684785236
12.76,31.22102519854228,131.01243777954903,160.57757987981924,-0.2017080454674365,-0.0833418694236921,2.115079718596501,-0.639833602694966,1.1052081416844943,0.0,27.92004372028915,8.180080042292515,-64.84624739298191,-18.5010963143796,102.901170116715,470.1481046516743,15.288,1.0,16.616310583910305,0.0821959537196612,1.3144507823133525e-05,-0.1335089245686305,-0.0303954887816828,0.010095107780668,0.2182475065383842,17.784424657968998,27.90695241466976,2.4707153400587383
12.77,31.22102457188525,131.0124373154626,160.3251003756863,-0.1881159930641611,-0.0908176801278151,2.116573462673664,-0.632386387350316,1.0942663563391324,0.0,27.92041688432024,8.192951249021894,-64.92423858217427,-18.517556123776995,102.91935627127113,470.1721093774297,15.288,1.0,16.61197086059904,0.0821968173959246,1.3114180903854856e-05,-0.1331704975641145,-0.0304926035489908,0.0100698975911596,0.2088909960583703,17.77657823932019,27.906151282458534,2.465200727002994
12.78,31.22102394593381,131.012436847573,160.07242380201836,-0.1746417908316848,-0.0981382367392552,2.118216918870948,-0.6247527978648278,1.0829959209686664,0.0,27.920857810578205,8.205917473696111,-65.00206663246465,-18.533875346342622,102.93737567127216,470.19840630724747,15.288,1.0,16.607627748473362,0.0821978803738124,1.308374537474378e-05,-0.1328502122228596,-0.0305994895226172,0.0100460819179159,0.2003268299273798,17.768857318569836,27.905442299937075,2.4596827313021152
12.79,31.22102332068556,131.0124363758947,159.81955087503871,-0.1612515528766018,-0.1052895042199351,2.120015477456888,-0.6169397251415071,1.071388370945331,0.0,27.92135686112639,8.218976459779382,-65.07974319892121,-18.55004795351445,102.95522193487044,470.2266710575765,15.288,1.0,16.603257906148237,0.0821991142786618,1.3053200568648292e-05,-0.13254790567131,-0.0307159317187688,0.0100236449724854,0.1925822259056268,17.76128119269784,27.90481803378699,2.4541705911593277
12.8,31.221022696138085,131.01243590044223,159.56648231196618,-0.1479374160940399,-0.1122630725022744,2.1219724405585207,-0.6089531415483849,1.0594404867393736,0.0,27.92190980151053,8.232125825940429,-65.15727982767908,-18.56606808796616,102.97288887761538,470.25676121338046,15.288,1.0,16.598851863080707,0.0822005066436735,1.3022545899066902e-05,-0.1322634952856494,-0.0308416895108205,0.0100025790183927,0.1857106580707945,17.753860603834326,27.904275570601648,2.4486741539114782
12.81,31.221022072289,131.01243542123004,159.31321883101492,-0.1347698776052595,-0.1190669809767522,2.1240800972737515,-0.6007944222563524,1.0471719588941486,0.0,27.92252812312377,8.24536335713331,-65.23468796359349,-18.58193008828192,102.99037053913882,470.2890640751084,15.288,1.0,16.5944424248682,0.0822020912980526,1.2991780832711863e-05,-0.1319968118468311,-0.0309765317283565,0.0099828754203734,0.1798328104737176,17.74658101273298,27.903825138949305,2.443202674553018
12.82,31.221021449135986,131.0124349382725,159.05976113946778,-0.1217581676974923,-0.1256966707871212,2.1263376817196145,-0.5924683761456438,1.0345869573948308,0.0,27.923210959499944,8.258686908276454,-65.31197890496041,-18.597628446290784,103.00766113562553,470.3235507312317,15.288,1.0,16.59002960390681,0.0822038656899854,1.2960904876464677e-05,-0.1317476462118532,-0.0311202270939743,0.0099645180963846,0.1749990876100839,17.739447282941303,27.90346658846146,2.4377655518619696
12.83,31.221020826676696,131.01243445158383,158.80610995355417,-0.1089113674803588,-0.1321477285684338,2.128744216661759,-0.5839799380399284,1.0216899061411726,0.0,27.92395745231201,8.272094365803811,-65.38916379207436,-18.6131578063048,103.0247550585499,470.3601925541668,15.288,1.0,16.585613412553084,0.0822058272916462,1.2929917582692792e-05,-0.1315157774117295,-0.031272538570756,0.0099474900906942,0.1712445242894665,17.732464104096948,27.903199754052636,2.432372252003127
12.84,31.22102020490886,131.01243396117832,158.55226597658387,-0.0962384027974336,-0.1384158893145004,2.1312985151316206,-0.5753341650186454,1.0084854795830551,0.0,27.92476675135032,8.28558364771134,-65.46625359962607,-18.62851296886165,103.04164687838048,470.3989611990484,15.288,1.0,16.581193863183337,0.0822079735991307,1.2898818550490948e-05,-0.1313009728465363,-0.0314332235501962,0.0099317735875926,0.1685846095303016,17.72563599021985,27.903024455448367,2.427032287500481
12.85,31.221019583830188,131.0124334670701,158.29822992180743,-0.0837480380048635,-0.1444970390782883,2.133999182289503,-0.5665362326638478,0.9949785991100296,0.0,27.92563801444996,8.299152703584939,-65.54325912924548,-18.64368889432365,103.05833134812268,470.4398286004866,15.288,1.0,16.576770968114584,0.0822103021322458,1.2867607426880083e-05,-0.131102988488311,-0.0316020340436882,0.0099173499256655,0.1670123148229451,17.71896727825994,27.902940496688515,2.4217551952293133
12.86,31.221018963438432,131.01243296927333,158.04400248756815,-0.0714488700258496,-0.1503872175850716,2.136844617461073,-0.5575914312214063,0.9811744293122264,0.0,27.92657040744606,8.312799514611203,-65.62019100219256,-18.65868070633301,103.0748034067012,470.4827669710136,15.288,1.0,16.572344739604524,0.0822128104343676,1.2836283907967293e-05,-0.1309215690914169,-0.0317787168774838,0.0099041996126469,0.1664969805080407,17.712462126772078,27.902947665672247,2.4165505134550918
12.87,31.22101834373136,131.01243246780197,157.78958438413804,-0.0593493227241326,-0.1560826207668613,2.1398330163802326,-0.5485051616787047,0.9670783741175206,0.0,27.927563104165568,8.326522093569924,-65.69705965220214,-18.67348369512448,103.0910581821824,470.5277487996879,15.288,1.0,16.567915189950394,0.0822154960724284,1.2804847740065586e-05,-0.1307564484106096,-0.0319630138909043,0.0098923023408403,0.1669853822953436,17.70612451469855,27.90304573375188,2.4114277580024854
12.88,31.221017724706808,131.01243196267,157.5349763098633,-0.0474576409350208,-0.1615796030776051,2.142962373675008,-0.5392829317972588,0.9526960726397748,0.0,27.928615286324536,8.340318484809169,-65.77387531848787,-18.6880933206962,103.10709099483849,470.5747468484087,15.288,1.0,16.563482331330803,0.0822183566366074,1.2773298720771383e-05,-0.1306073494262264,-0.0321546621377548,0.0098816370030573,0.1684048391329935,17.69995824047295,27.903234455266684,2.4063963975907883
12.89,31.22101710636258,131.0124314538913,157.28017896408596,-0.0356979916768245,-0.1668574662586994,2.146241091547697,-0.5299351836578892,0.9380100856497736,0.0,27.92970993862833,8.354186690076109,-65.85064804268288,-18.70250522077912,103.12289736546784,470.6231880373804,15.288,1.0,16.55900129550932,0.0822213420352657,1.2741636710887944e-05,-0.1304740227813482,-0.0323533861723915,0.009872178871988,0.1706333995834576,17.693993689828943,27.90350006616619,2.401467268714497
12.9,31.221016488696552,131.0124309414797,157.02519304416128,-0.0241393106853997,-0.1719254721620736,2.1496609343293813,-0.520464673694283,0.9230406670206452,0.0,27.93085820860643,8.368124649785088,-65.92738770026929,-18.71671526388426,103.13847307307904,470.6734483136249,15.288,1.0,16.554504507928932,0.0822244850847023,1.27098616654183e-05,-0.1303562695241315,-0.0325588936200827,0.0098639170120016,0.1736118444965187,17.68821478549628,27.903852259117908,2.396649678638804
12.91,31.2210158717066,131.01243042544897,156.77001924446446,-0.0128126285022002,-0.1767852616782213,2.153216592941291,-0.5108759290677369,0.9078002708272784,0.0,27.932063814685527,8.382130496911612,-66.00410397774473,-18.730719531550875,103.15381413489467,470.7256533342452,15.288,1.0,16.55000440556642,0.0822277967306673,1.2677973589324868e-05,-0.1302537859967,-0.0327709075860856,0.0098568299373492,0.1772489539445291,17.682617330692427,27.904294494779677,2.391952600436013
12.92,31.22101525539064,131.01242990581278,156.5146582593719,-0.0017255013240881,-0.1814338603886608,2.1569052782082543,-0.5011748376921915,0.8922954481313681,0.0,27.93332596747187,8.396202400573896,-66.08080634072287,-18.744514287735,103.16891677234196,470.7797768548473,15.288,1.0,16.5455010005975,0.0822312746484795,1.2645972541165876e-05,-0.1301662536331336,-0.0329891482835349,0.0098508934482587,0.1814420652445612,17.67720437543493,27.904826450956133,2.3873851310281675
12.93,31.22101463974662,131.0124293825848,156.2591107772987,0.0091147203261113,-0.1858684623212582,2.1607240131872687,-0.491367372876438,0.8765329647114795,0.0,27.934643885297305,8.410338561224112,-66.15750402739289,-18.75809598076084,103.18377741276603,470.83579289650737,15.288,1.0,16.540994305217932,0.0822349165362138,1.261385863479635e-05,-0.1300933442206997,-0.0332133322111041,0.0098460826256142,0.1860918136837547,17.67197878640185,27.905447786717467,2.3829561881237944
12.94,31.221014024772508,131.01242885577858,156.00337748666084,0.0197008965403308,-0.1900864315463247,2.1646696368371146,-0.4814595889888846,0.8605197960304318,0.0,27.93601679415053,8.424537210525042,-66.23420604252651,-18.77146124561104,103.19839269151171,470.8936757421977,15.288,1.0,16.53648433158342,0.0822387201145151,1.2581632040165712e-05,-0.1300347201664007,-0.0334431723700614,0.0098423718500105,0.1911046188850372,17.666943246933197,27.90615814208013,2.378674482108497
12.95,31.22101341046628,131.01242832540757,155.7474590758761,0.0300261026539398,-0.1940853036750009,2.168738807834847,-0.4714576170646501,0.8442631221027994,0.0,27.937443927636075,8.438796611212338,-66.31092115167564,-18.78460690608732,103.2127594538616,470.9533999353762,15.288,1.0,16.531971091829643,0.0822426831264696,1.2549292984075512e-05,-0.1299900347696583,-0.0336783784834292,0.0098397348213112,0.1963941661428645,17.662100257125203,27.90695713773068,2.3745484877424503
12.96,31.221012796825978,131.01242779148515,155.4913562274002,0.0400836339710753,-0.1978627871757771,2.172928008613415,-0.4613676603807301,0.8277703221551598,0.0,27.93892452688369,8.453115056941716,-66.38765787556557,-18.79752997684449,103.2268747568326,471.01494027652006,15.288,1.0,16.527454597952094,0.0822468033373372,1.2516841750895396e-05,-0.1299589325009704,-0.0339186572170878,0.0098381445786421,0.2018820791315135,17.657452134145,27.907844374728565,2.3705864158268324
12.97,31.221012183849645,131.01242725402463,155.23506961673274,0.0498670097583329,-0.2014167646768524,2.177233549512705,-0.4511959899569556,0.8110489693021903,0.0,27.94045784056377,8.467490872122248,-66.46442448468702,-18.810227665300573,103.24073587083434,471.0782718232974,15.288,1.0,16.52293486198632,0.0822510785345958,1.2484278683237502e-05,-0.1299410492864251,-0.0341637124026478,0.0098375735208736,0.2074980036328618,17.653001012496237,27.90881943431717,2.3667961849477184
12.98,31.22101157153536,131.0124267130394,154.9785999303079,0.0594100362229809,-0.2047371723658466,2.181656318929289,-0.4409511779723247,0.7940959393940995,0.0,27.94203566890373,8.481922395641359,-66.54122899430655,-18.822697373717336,103.25434028151076,471.14311845240167,15.288,1.0,16.518390593439367,0.0822554845790996,1.245160418421968e-05,-0.1299360200074978,-0.0344132437804638,0.009837991348252,0.2131826614174589,17.648761566474462,27.90987569751317,2.363186534372916
12.99,31.2210109598812,131.01242616854248,154.72194784362875,0.0687361531819676,-0.2078163109085106,2.1861972636994538,-0.4306417035128486,0.776908956630259,0.0,27.943651911857284,8.496407822464857,-66.61807918313545,-18.83493673304085,103.26768572618492,471.2092747743167,15.288,1.0,16.513805941138408,0.0822600035131051,1.2418818751970871e-05,-0.129943568739361,-0.034666928761399,0.0098393752554475,0.218888686585093,17.644744886638456,27.91100827365007,2.3597665730965307
13.0,31.22101034888533,131.01242562054705,154.4651140292176,0.0777695373214214,-0.2106668091691407,2.1908446089539204,-0.4202703083231215,0.759514120459094,0.0,27.94531891776573,8.510945516417447,-66.69498260910717,-18.846943633130447,103.28077022627286,471.27715757403337,15.288,1.0,16.509218041117254,0.0822646716869453,1.238592295864036e-05,-0.1299633411713018,-0.0349244571722549,0.0098417029991671,0.2245630828204649,17.640930307442126,27.912227527324628,2.35654173139735
13.01,31.22100973854588,131.01242506906615,154.20809915959845,0.086504561361476,-0.2132872719480132,2.195594013625012,-0.409843482988177,0.7419197369889445,0.0,27.947035962523,8.525533922266009,-66.77194656480255,-18.858716170590103,103.29359202990769,471.34674283318367,15.288,1.0,16.50462690542494,0.0822694869683189,1.2352917432255953e-05,-0.1299949411862569,-0.0351855239967036,0.0098449445684226,0.2301618233898821,17.637319217947987,27.913532953568264,2.353518567878234
13.02,31.22100912886105,131.0124245141128,153.95090389934526,0.0949358419582597,-0.2156764821958352,2.2004409860717,-0.3993677623944198,0.7241342795030808,0.0,27.94880232929099,8.540171514628913,-66.84897806817331,-18.870252643472288,103.3061496057256,471.4180067797672,15.288,1.0,16.500032546029345,0.0822744472463373,1.2319802861087517e-05,-0.1300379655181162,-0.0354498225421339,0.009849069412601,0.2356461679954173,17.633912828239456,27.9149240266977,2.3507032134183947
13.03,31.221008519829088,131.01242395569983,153.6935289199913,0.1030582431392598,-0.217833401424717,2.2053808892712623,-0.3888497210617369,0.7061663822863321,0.0,27.95061730842773,8.554856797729945,-66.92608385834629,-18.881551552432,103.31844164368428,471.4909258849341,15.288,1.0,16.495434974756375,0.0822795504313228,1.2286579994043404e-05,-0.1300920040673464,-0.0357170446696568,0.0098540464643327,0.2409820347691122,17.63071217056097,27.91640020017873,2.3481013461526867
13.04,31.2210079114482,131.01242339384015,153.43597488511952,0.1108668789009425,-0.219757170119479,2.210408946059164,-0.3782959684155428,0.6880248345256738,0.0,27.952480197535017,8.569588305139725,-67.0032703916494,-18.892611601774504,103.33046705576336,471.56547686468775,15.288,1.0,16.490834203573918,0.0822847944549399,1.2253249641028707e-05,-0.1301566402206615,-0.0359868810248165,0.0098598441627441,0.2461394287463817,17.627718100349973,27.917960906609395,2.3457181675260816
13.05,31.221007303716668,131.0124228285464,153.1782424543389,0.1183571168041513,-0.2214471077766662,2.215520244650829,-0.3677131441053625,0.669718573786281,0.0,27.95439030128719,8.584364599506879,-67.08054383786173,-18.903431700400724,103.34222497655148,471.6416366739074,15.288,1.0,16.486230244247015,0.0822901772696891,1.2219812673260724e-05,-0.1302314511749983,-0.0362590212687428,0.0098664304769717,0.2510919331406553,17.62493129774141,27.919605557542724,2.3435583796611192
13.06,31.221006696632767,131.01242225983128,152.92033229024148,0.1255245801527856,-0.2229027130604446,2.2207097441631367,-0.3571079132379308,0.6512566797209831,0.0,27.95634693148499,8.59918427227663,-67.15791007668831,-18.914010962651474,103.35371476372116,471.7193825073006,15.288,1.0,16.48162310864214,0.0822956968490765,1.2186270023546952e-05,-0.1303160082651898,-0.0365331543096588,0.009873772930041,0.2558162626190942,17.622352268771294,27.921333543516237,2.3416261641003784
13.07,31.221006090194848,131.01242168770736,152.6622450464759,0.1323821786587538,-0.2241202498429135,2.225974200142982,-0.3464878941984119,0.6326437891910927,0.0,27.958346352604945,8.614045941334481,-67.23537469446588,-18.924348709054776,103.3649359983964,471.798588711908,15.288,1.0,16.477003798127747,0.0823013421961717,1.2152622686671133e-05,-0.1304098780627226,-0.036808968378334,0.0098818376016157,0.2602975955193297,17.619986713941273,27.92314171586084,2.3399258886832937
13.08,31.22100548440124,131.01242111218718,152.40398137768582,0.1390042933717042,-0.225083920813253,2.231318418740409,-0.3358644496714222,0.6138662968913533,0.0,27.96037395740396,8.62894808388015,-67.3129429956586,-18.934444487440803,103.3758885075968,471.878762635809,15.288,1.0,16.47233074953402,0.0823070703110452,1.211887174570489e-05,-0.1305127095009439,-0.0370861336080166,0.0098905929575153,0.2645465282064231,17.617859408540067,27.925017948740862,2.338465018943493
13.09,31.221004879250334,131.01242053328312,152.1455419365287,0.14529153486605,-0.2258129891791916,2.236727177412852,-0.3252393327842955,0.5949579597543062,0.0,27.9624463228612,8.643889279683409,-67.39062003544626,-18.94429812385508,103.38657241890964,471.96046411614026,15.288,1.0,16.467654519095376,0.0823129299911297,1.2085018372085652e-05,-0.1306241181569627,-0.0373643259202785,0.0099000159539869,0.2685163438008365,17.615940120797216,27.926975793293547,2.337242833691494
13.1,31.221004274740515,131.0124199510076,151.88692736870584,0.1512404896476918,-0.2263076839920752,2.242194967834697,-0.3146192569244285,0.5759283730201703,0.0,27.964562786174927,8.65886823186101,-67.4684105774671,-18.953909668233543,103.39698810103756,472.0436712004817,15.288,1.0,16.462975118543913,0.0823189192847592,1.2051063793953397e-05,-0.1307436544521957,-0.0376432337618821,0.0099100725138861,0.2721924587339867,17.614228653855434,27.929014550732603,2.3362613384338187
13.11,31.22100367087024,131.0124193653729,151.62813832488985,0.1568480117662502,-0.2265684114860817,2.247716180186625,-0.3040109366074992,0.5567872427272043,0.0,27.966722691383826,8.673883670903034,-67.54631908067701,-18.96327937976821,103.40713614747024,472.1283621656552,15.288,1.0,16.458292559591193,0.0823250362604255,1.2017009301061256e-05,-0.1308708645260108,-0.0379225460056645,0.0099207282293482,0.2755619996435972,17.612724645001407,27.93113350128235,2.3355219352242194
13.12,31.22100306763796,131.01241877639129,151.3691754458153,0.1621112245683326,-0.2265957543003091,2.253285109389943,-0.2934210827095664,0.5375443787172208,0.0,27.96892538929312,8.688934354332257,-67.62434969716952,-18.972407727139007,103.41701737628442,472.21451551519607,15.288,1.0,16.453606853866578,0.0823312790065559,1.1982856244783856e-05,-0.1310052905825665,-0.03820195218025,0.0099319483872233,0.2786136177298329,17.611427567573873,27.93333190422601,2.3350254120817153
13.13,31.22100246504216,131.0124181840748,151.11003937619395,0.167027521939075,-0.2263904706352176,2.258895961397388,-0.2828563976846847,0.5182096876526326,0.0,27.97117023745576,8.704019066354876,-67.70250627023194,-18.98129538866289,103.42663282985336,472.3021099781826,15.288,1.0,16.44891801301999,0.082337645631464,1.1948606038084776e-05,-0.1311464712399187,-0.0384811426989172,0.0099436979947191,0.2813373297173441,17.61033673283366,27.93560899801941,2.334771934580683
13.14,31.22100186308134,131.0124175884356,150.85073075080024,0.1715945697695156,-0.2259534931952142,2.264542859590719,-0.2723235708117737,0.4987931658482976,0.0,27.97345660007701,8.71913661750334,-67.78079233264083,-18.98994325236112,103.43598377446668,472.3911245064178,15.288,1.0,16.44422604859862,0.0823441342630554,1.19142601554467e-05,-0.1312939418812799,-0.0387598090874309,0.0099559418052278,0.2837243817827581,17.609451292025433,27.93796400036164,2.334761039686921
13.15,31.221001261754047,131.0124169894856,150.59125020739103,0.1758103068735797,-0.2252859280764909,2.2702198512273504,-0.2618292734291554,0.4793048921365838,0.0,27.975783847981425,8.734285844271572,-67.85921110519793,-18.99835241594841,103.44507169986552,472.48153827238417,15.288,1.0,16.43953097210854,0.0823507430487461,1.1879820132761595e-05,-0.1314472350078819,-0.0390376442107362,0.0099686443442962,0.2857671326463601,17.60877023838032,27.940396108336696,2.3349916318816293
13.16,31.22100066105884,131.01241638723667,150.33159837875596,0.1796885182651618,-0.2243859642045538,2.27592261088094,-0.2513809984704291,0.4597508325731657,0.0,27.978148666428023,8.74946560726479,-67.93776549550417,-19.00652418674433,103.45389831869308,472.57323972315817,15.288,1.0,16.43482458675578,0.0823574622306428,1.1845287567282067e-05,-0.1316058811331907,-0.0393143423895741,0.0099817690162305,0.2874662753425737,17.60829726262623,27.94290229168929,2.335462901688405
13.17,31.22100006099432,131.01241578170067,150.07177589569744,0.1833114197830086,-0.2232384700580739,2.281655458791472,-0.2409902853665621,0.4401167403832992,0.0,27.980536062495617,8.764674619002545,-68.01645811120832,-19.014460102189847,103.46246558816904,472.66572271130974,15.288,1.0,16.43006259071093,0.0823642476747621,1.181066414225968e-05,-0.131769496553532,-0.0395895820302687,0.0099952815427359,0.2888569214970344,17.608057078679067,27.94546993434072,2.3361786522951538
13.18,31.220999461559064,131.0124151728894,149.81178339100745,0.186577917001965,-0.2218648957540311,2.2874023868360016,-0.2306586076250871,0.4204382092644611,0.0,27.982962751021663,8.779911687776197,-68.0952912963483,-19.02216198410508,103.47077576808292,472.759552244856,15.288,1.0,16.4252974771317,0.0823711485831629,1.1775951629235314e-05,-0.1319376707448368,-0.0398630486375184,0.0100091569146953,0.2898882148135692,17.608017050201557,27.948112381786263,2.337131010530665
13.19,31.22099886275176,131.0124145608145,149.55162148157683,0.1894869603214246,-0.2202670435075267,2.2931571926627683,-0.2203925112402953,0.4007255892941654,0.0,27.985428126378714,8.795175749842034,-68.17426709067215,-19.02963188101013,103.47883135801165,472.85470827975496,15.288,1.0,16.420529257402254,0.0823781631726383,1.174115185517124e-05,-0.1321099274075342,-0.0401344429140964,0.0100233589487174,0.2905558495398231,17.60817553668051,27.950828745319058,2.3383164386342044
13.2,31.220998264571044,131.01241394548757,149.2912907992061,0.1920377754832341,-0.2184468812974678,2.2989136286207783,-0.2101985001459797,0.3809892789754763,0.0,27.98793158937883,8.810465765618076,-68.25338721778124,-19.03687205104438,103.48663507842828,472.95117098580766,15.288,1.0,16.415757943094075,0.0823852896789599,1.170626670652966e-05,-0.1322857890305761,-0.0404034680348977,0.0100378513570096,0.2908562677193824,17.608530750505924,27.953618116635184,2.3397307776785405
13.21,31.220997667015613,131.01241332692013,149.03079195979512,0.1942298643964381,-0.2164065407982299,2.304665408536675,-0.2000830316150486,0.3612397175143687,0.0,27.99047254705716,8.825780719277827,-68.33265308505388,-19.043884961449887,103.49418986969224,473.0489207397508,15.288,1.0,16.410983545466447,0.0823925263562287,1.1671298128898668e-05,-0.1324647772503271,-0.040669829863021,0.010052597773944,0.2907866085811236,17.60908075959285,27.95647956794199,2.341369257156088
13.22,31.220997070084174,131.0124127051237,148.77012558620223,0.1960630039007933,-0.2141483155608567,2.310406214328392,-0.1900525115871007,0.3414873775540784,0.0,27.993050412771687,8.841119618339107,-68.4120657838067,-19.050673287986424,103.50149889096782,473.14793812790725,15.288,1.0,16.40620607594517,0.0823998714771802,1.163624812657857e-05,-0.1326464132097618,-0.0409332371635098,0.0100675617827701,0.2903446633834567,17.609823489460283,27.95941215234344,2.3432265066349385
13.23,31.220996473775493,131.01241208010956,148.50929228836645,0.197537245870846,-0.2116746587748093,2.3161297027632606,-0.1801132901071401,0.3217427574666709,0.0,27.99566460604061,8.856481493247754,-68.49162608969695,-19.05723991427743,103.50856551907006,473.2482039411087,15.288,1.0,16.401425545789536,0.0824073233326937,1.1601118762129972e-05,-0.1328302179173177,-0.0411934018146808,0.0100827069422642,0.2895288364632797,17.610756725816742,27.9624149040289,2.3452965695787187
13.24,31.22099587808829,131.01241145188908,148.248292684179,0.1986529162474366,-0.2089881810869851,2.3218295121401766,-0.1702716567498915,0.302016373849438,0.0,27.99831455252705,8.871865396956883,-68.57133446336128,-19.063587931088843,103.51539334724067,473.3496991734263,15.288,1.0,16.396641966217214,0.0824148802317601,1.1565912155884235e-05,-0.1330157126053492,-0.0414500390168486,0.0100979968134116,0.2883381104821815,17.61187811690611,27.96548683860032,2.3475729191253265
13.25,31.22099528302138,131.01241082047346,147.98712738060027,0.1994469662515243,-0.2060845079162849,2.327503158862177,-0.1605358056735317,0.2823088719023432,0.0,28.00099362716313,8.887270391982778,-68.65119105139411,-19.069720635689496,103.52198618401424,473.4522001984348,15.288,1.0,16.391836242218734,0.0824225226727078,1.1530630486350504e-05,-0.1332024242161702,-0.0417028664767288,0.0101133931878476,0.2867921637781803,17.613196331677436,27.9686220181593,2.3500512757323904
13.26,31.220994688573533,131.0124101858738,147.7257969915486,0.1999648779696035,-0.2029578279685023,2.333150575199188,-0.1509147610998628,0.2626162974706598,0.0,28.003693944750253,8.902695365201897,-68.73119571011416,-19.07564156505049,103.52834808840451,473.5554406658776,15.288,1.0,16.386984725980653,0.0824302274448484,1.1495276020376491e-05,-0.1333899841401446,-0.0419515850343842,0.0101288653023053,0.2849169442312551,17.61472234323016,27.97181347035508,2.3527290943428505
13.27,31.22099409474361,131.01240954810126,147.464302118023,0.2001262340933932,-0.1996272465344868,2.338757473587488,-0.1414104244786916,0.2429700872087965,0.0,28.006428582498813,8.918139366388118,-68.81134803372817,-19.081354536065422,103.5344834125355,473.65986315373647,15.288,1.0,16.382130154874456,0.0824380330414329,1.145985109981546e-05,-0.1335779586790065,-0.0421959127377363,0.0101443850138603,0.2826683305038548,17.61642832500943,27.97507127138319,2.355592896001095
13.28,31.22099350153045,131.01240890716676,147.20264336499932,0.199932357212497,-0.1960959962302521,2.3443174727204887,-0.1320287920693396,0.2233807692493884,0.0,28.00919698774648,8.933601534162253,-68.89164731238758,-19.086863580114407,103.540396730865,473.76544937148896,15.288,1.0,16.37727254009408,0.0824459378353133,1.142435811781842e-05,-0.1337658726596235,-0.0424355803603965,0.0101599160966221,0.2800471944542933,17.61831137698407,27.978394360823987,2.3586341350256754
13.29,31.220992908932946,131.01240826308134,146.9408213344744,0.1993848380521971,-0.1923674541743907,2.349824203812577,-0.1227757768980535,0.2038588544056983,0.0,28.011998613724195,8.949081027616893,-68.97209252748897,-19.09217293231511,103.5460928282052,473.87218122364953,15.288,1.0,16.372411892812362,0.0824539402166943,1.1388799521465311e-05,-0.1339532527944021,-0.0426703230202872,0.0101754224510908,0.2770548712697276,17.62036847442114,27.981781661452864,2.36184379516003
13.3,31.22099231694997,131.01240761585575,146.6788366254623,0.198485533777259,-0.1884451390742479,2.3552713171520065,-0.1136572044566761,0.1844148284760402,0.0,28.014832919473672,8.964577025873519,-69.05268235365897,-19.0972870303301,103.55157669801282,473.9800408057348,15.288,1.0,16.367548224096772,0.0824620385929134,1.1353177811006548e-05,-0.1341396280326258,-0.042899880369446,0.0101908681304643,0.2736931411322106,17.62259647053221,27.985232079615287,2.3652124146650553
13.31,31.22099172558048,131.01240696550093,146.41668982902894,0.1972365656195064,-0.1843327083086961,2.360652488493889,-0.1046788084237515,0.1650591446870472,0.0,28.01769936984495,8.980088727636462,-69.13341516096658,-19.102210513104925,103.55685354061096,474.0890104053845,15.288,1.0,16.36268154507798,0.0824702313884071,1.1317495539066348e-05,-0.134324529909276,-0.0431239967802917,0.0102062173668742,0.269964212353209,17.624992098990354,27.988744505682416,2.368730112446377
13.32,31.22099113482337,131.01240631202745,146.15438154916205,0.1956403169960533,-0.1800339547785545,2.365961425511652,-0.0958462264781867,0.1458022159483573,0.0,28.020597435380807,8.99561535074528,-69.21428901736077,-19.10694821953651,103.56192876134132,474.1990724971629,15.288,1.0,16.357811866760194,0.082478517044395,1.1281755309804877e-05,-0.1345074928919416,-0.0433424215280524,0.0102214345974168,0.2658707064350205,17.62755197667681,27.992317814430077,2.3723866152705146
13.33,31.220990544677623,131.012405655446,145.89191236599623,0.1936994308335344,-0.1755528037807577,2.3711918740657527,-0.0871649961338492,0.1266544072912216,0.0,28.023526592300847,9.011156131724848,-69.29530169133123,-19.11150518706896,103.56680796864543,474.310209742818,15.288,1.0,16.352939200147617,0.0824868940188143,1.124595977804364e-05,-0.134688054724566,-0.0435549089694202,0.0102364844900631,0.2614156441564083,17.630272606262242,27.9959508655137,2.376171285718427
13.34,31.22098995514221,131.01240499576713,145.62928287755858,0.1914967240373217,-0.1708777589147581,2.376346183693318,-0.0786449248444227,0.1076038116337471,0.0,28.02647348978428,9.026710259962789,-69.37645065720524,-19.11588665396017,103.57149697607422,474.42197053522335,15.288,1.0,16.348021637242113,0.0824953230135069,1.1210111654673376e-05,-0.1348657871557872,-0.0437612127348424,0.0102513295852888,0.2566516999442668,17.633174418188837,27.99963211397139,2.380080836701916
13.35,31.22098936621612,131.01240433300134,145.36649366597396,0.1889951219312622,-0.1660208682149652,2.3814158909088503,-0.0702897232154961,0.0886687542536324,0.0,28.029444209431684,9.042276788563226,-69.45773313783017,-19.12009811940452,103.57600186609312,474.5345610100479,15.288,1.0,16.34308000614111,0.0825038219295162,1.1174213738712e-05,-0.135040353460033,-0.0439610746793452,0.0102659464545298,0.251559108021771,17.63624144103766,28.003365748928488,2.384102438789868
13.36,31.220988777898366,131.01240366715905,145.1035453193329,0.1861576884447868,-0.1609942914423442,2.386390978349179,-0.0621025141682465,0.0698699843876289,0.0,28.03244473380177,9.057854991781884,-69.53914610101566,-19.1241453324994,103.58032897776168,474.64818405874615,15.288,1.0,16.338135381283397,0.0825124083761503,1.113826888070854e-05,-0.1352113142933094,-0.0441542633444805,0.0102803038278556,0.2461173615144942,17.63945768955341,28.007155842916315,2.3882211871036354
13.37,31.220988190188,131.0124029982507,144.84043841678158,0.1829879868832447,-0.1558024666361585,2.391265391839158,-0.0540883874207623,0.0512176155243494,0.0,28.035474558868508,9.07344417651619,-69.62068622858764,-19.128034237605736,103.58448484790866,474.7628229907697,15.288,1.0,16.3331877736445,0.0825210808695513,1.1102279975932244e-05,-0.1353782229526353,-0.0443405553866215,0.0102943674859622,0.2403308748802032,17.64281921414586,28.01100119479977,2.3924253325864657
13.38,31.22098760308408,131.01240232628655,144.57717354243687,0.1794898261188668,-0.1504499467999297,2.396033143516375,-0.0462523122012579,0.0327216780360914,0.0,28.038533185991685,9.089043666211683,-69.70234991897428,-19.131770970813225,103.58847620697216,474.8784612923556,15.288,1.0,16.328237194093177,0.0825298379417271,1.1066249964502654e-05,-0.1355406375652138,-0.0445197333968213,0.0103081035579099,0.2342044195286193,17.646321965089975,28.0149005907698,2.3967029038715713
13.39,31.220987016585667,131.01240165127683,144.31375127346053,0.1756672568406602,-0.1449413962566773,2.40068831755666,-0.0385991334801778,0.0143921117789175,0.0,28.04162012190692,9.104652800406528,-69.78413329108704,-19.13536185800581,103.59230997656036,474.9950826259724,15.288,1.0,16.3232836535409,0.0825386781405245,1.103018183023894e-05,-0.1356981214122642,-0.0446915860533071,0.0103214785457067,0.2277431176750897,17.649961795250938,28.01885280490577,2.401041737254874
13.4,31.220986430691845,131.0124009732317,144.05017218403216,0.1715245681222616,-0.139281586833744,2.4052250758276648,-0.0311335683024287,-0.0037612413961821,0.0,28.044734878638128,9.120270934276776,-69.86603218840372,-19.13881341284075,103.59599326692928,475.1126708272532,15.288,1.0,16.318327162835082,0.0825476000293731,1.0994078599472268e-05,-0.1358502432485145,-0.0448559082692698,0.0103344593485729,0.2209524382010212,17.65373446297618,28.022856599687135,2.40542950663749
13.41,31.22098584540172,131.0124002921613,143.78643685131595,0.1670662837360341,-0.1334753939896557,2.409637663403697,-0.0238602021933064,-0.0217286450641923,0.0,28.04787697342333,9.135897438182033,-69.9480421832503,-19.142132334639395,103.59953337437751,475.23120990280034,15.288,1.0,16.313367732695006,0.0825566021870583,1.0957943339816211e-05,-0.135996577617253,-0.0450125013358152,0.0103470132869177,0.213838194602646,17.657635634984594,28.026910726527557,2.409853753271899
13.42,31.220985260714425,131.01239960807555,143.52254584353116,0.1623215145451039,-0.1275230907795752,2.413922823957634,-0.0167847733002359,-0.0395070857663159,0.0,28.05104214317341,9.151531692626488,-70.0301585812785,-19.145325506186044,103.60293777855291,475.3505557305872,15.288,1.0,16.308392647509773,0.082565672065341,1.0921779159141572e-05,-0.1361367067798724,-0.0451611727447747,0.0103591068512287,0.2064227924892121,17.66166805990152,28.03101087945386,2.4143044419592337
13.43,31.22098467662908,131.01239892098445,143.25849973386846,0.1573688839039132,-0.121415558694339,2.4180837463242737,-0.0099159187074017,-0.0571093520071397,0.0,28.054218568755783,9.167172889415262,-70.11237644429612,-19.1484000206018,103.60621417069451,475.4703079875461,15.288,1.0,16.3033632307037,0.082574774875671,1.0885589230031176e-05,-0.1362703209712818,-0.0453017168841536,0.010370711929307,0.1987628396957587,17.665848780071386,28.03514667166852,2.418778370948467
13.44,31.220984093144835,131.01239823089796,142.99429908856203,0.1521149596988358,-0.1151770202587951,2.4221061845099188,-0.0032528824038555,-0.0745008508764431,0.0,28.05742116598532,9.182820343735614,-70.19469063151637,-19.15136323825402,103.6093705137452,475.5909724775524,15.288,1.0,16.29833086915229,0.0825839545213079,1.0849376787876792e-05,-0.1363970726359786,-0.0454339436397601,0.0103818073927349,0.190800093793677,17.67014408274061,28.039329214134817,2.4232538717737446
13.45,31.22098351026088,131.01239753782588,142.7299444748415,0.146565070069649,-0.1088127428053562,2.4259847543687467,0.00320031727221,-0.0916723249471123,0.0,28.060649470189727,9.198473482416157,-70.27709575964587,-19.154222713333954,103.61241496382092,475.7125337974275,15.288,1.0,16.293295573648418,0.0825932096343363,1.0813145100286332e-05,-0.1365165616255493,-0.045557681407838,0.0103923624171192,0.1825417950360524,17.674549275178865,28.04355721479356,2.427718287944761
13.46,31.220982927976383,131.01239684177798,142.4654364539736,0.1407247570678638,-0.1023280768791855,2.429714178322385,0.0094398107650592,-0.1086146554670319,0.0,28.06390302166976,9.214131745344428,-70.35958619802143,-19.1569861752322,103.61535585008365,475.8349767062891,15.288,1.0,16.288257354898445,0.0826025388614943,1.0776897468573968e-05,-0.1366283949583883,-0.0456727656242953,0.0104023467047549,0.1739956077450764,17.679059588164826,28.04782937348569,2.4321589672038963
13.47,31.220982346290537,131.01239614276406,142.20077559319083,0.1345997717073433,-0.0957284520484673,2.433289290022319,0.015461880385177,-0.1253188692995758,0.0,28.067181365683567,9.229794585020128,-70.44215607393865,-19.159661525765763,103.61820167150093,475.9582861251541,15.288,1.0,16.283216223651976,0.0826119408641238,1.0740637226259644e-05,-0.136732187104106,-0.0457790388763587,0.0104117305064859,0.1651696649441924,17.683670178950553,28.05214438259476,2.4365632882576413
13.48,31.22098176520256,131.01239544079368,141.9359624487931,0.1281960693669975,-0.0890193725672337,2.436705038908148,0.0212629632708868,-0.1417761459152754,0.0,28.07048405235463,9.245461466112266,-70.52479927815378,-19.16225683629008,103.6209610934972,476.0824471337356,15.288,1.0,16.278172190572118,0.0826214143179004,1.070436773752728e-05,-0.1368275602618639,-0.045876351008773,0.0104204846431045,0.1560726358759248,17.688376134399743,28.056500927636115,2.440918686846821
13.49,31.220981184711658,131.0123947358765,141.6709975790696,0.1215198047560594,-0.0822064130448416,2.439956494577378,0.0268396542659363,-0.1579778242175256,0.0,28.073810636624632,9.261131865017903,-70.60750947054895,-19.16478034469594,103.62364294449712,476.20744496882895,15.288,1.0,16.273125266257075,0.0826309579126947,1.0668092395646486e-05,-0.1369141446325274,-0.0459645592244516,0.0104285805263315,0.1467138274336755,17.693172474070472,28.060897687890023,2.445212681018963
13.5,31.220980604817044,131.01239402802204,141.40588154330476,0.114577326617672,-0.0752952140952154,2.443038850986748,0.0321887087015249,-0.1739154092466134,0.0,28.077160678225148,9.276805269424909,-70.69028008595983,-19.16724045228341,103.62625621235392,476.3332650231793,15.288,1.0,16.26807546132669,0.0826405703524919,1.0631814621354427e-05,-0.1369915786845801,-0.0460435281794782,0.010435990179358,0.1371033387031174,17.698054153292887,28.06533333705683,2.4494328955845956
13.51,31.220980025518006,131.01239331723977,141.14061489283296,0.1074878799269288,-0.068269902630929,2.4459589964664823,0.0373009055927089,-0.1896125120469338,0.0,28.0805168639552,9.292481049335606,-70.77310434734437,-19.16964573243427,103.6288100532894,476.4593200964114,15.288,1.0,16.262963917762132,0.0826502006786924,1.0595537873928612e-05,-0.1370595701677213,-0.0461131183896607,0.0104426846093142,0.1273358491101903,17.703048319541043,28.0697930552644,2.4535809900384593
13.52,31.220979446813768,131.01239260353907,140.8751981799832,0.1001571293619855,-0.0611556245826189,2.448704411341652,0.0421781332934087,-0.2050361483791396,0.0,28.083894043464824,9.308158522518656,-70.85597531839106,-19.172005004926856,103.63131387032227,476.5861142598191,15.288,1.0,16.2578430772567,0.0826598925988836,1.0559265674095464e-05,-0.1371178799475409,-0.0461731895230608,0.0104486508088475,0.1173518520150874,17.708120658754037,28.074287742243133,2.4576354715853075
13.53,31.220978868703607,131.01239188692935,140.60963196205591,0.0925795978421809,-0.0539605623393815,2.451269535341839,0.0468182835170059,-0.2201750618105254,0.0,28.087293635367768,9.323837208342049,-70.93888587960984,-19.174327283853536,103.63377725774924,476.71369596151766,15.288,1.0,16.252719350933035,0.0826696502883988,1.0523001563476935e-05,-0.1371661735857954,-0.0462236290514178,0.0104538635050041,0.1071574621318314,17.71326240548914,28.078817531309323,2.461583097197765
13.54,31.22097829118679,131.01239116742,140.34391678442543,0.0847622631246112,-0.0466905929294303,2.4536500816947395,0.0512187862507213,-0.2350214695840142,0.0,28.090715215624808,9.339516635843806,-71.02182871090106,-19.17662173477334,103.6362099555328,476.8420511213283,15.288,1.0,16.24759274941671,0.0826794724990355,1.0486749103291978e-05,-0.1372041241339358,-0.0462643325624155,0.0104582972919157,0.096771127548798,17.71846827026227,28.083381075249594,2.4654121721592572
13.55,31.22097771426261,131.0123904450202,140.0780531924674,0.0767122702754034,-0.0393516366979259,2.455841904396279,0.0553772447255239,-0.2495677843546355,0.0,28.09415836473648,9.35519634334542,-71.10479629796716,-19.1788976707119,103.6386218448842,476.971165806733,15.288,1.0,16.2424632833333,0.0826893579959643,1.0450511872700217e-05,-0.1372314140140896,-0.0462952035079906,0.0104619274611195,0.0862167199323528,17.72373291612187,28.087977024584607,2.4691112120781065
13.56,31.220977137930344,131.01238971973925,139.81204174050376,0.0684369260606771,-0.0319496526723302,2.4578410014577226,0.059291437506283,-0.263806620343305,0.0,28.09762266766084,9.370875878035443,-71.18778093893833,-19.181164548150296,103.64102294385316,477.10102622972175,15.288,1.0,16.23733096319884,0.0826993055574946,1.041429346693076e-05,-0.1372477352440399,-0.0463161532639818,0.0104647300191288,0.0755274299106979,17.729050962060914,28.09260402821492,2.472668962062091
13.57,31.220976562189303,131.01238899158622,139.54588296496735,0.0599436928916782,-0.024490633968855,2.459643517926377,0.062959320480038,-0.2777307992694497,0.0,28.101107713780426,9.3865547955595,-71.2707747511258,-19.183431962861647,103.64342340277544,477.2316187462951,15.288,1.0,16.232195799485538,0.0827093139749638,1.0378097495370909e-05,-0.1372527896545168,-0.0463271011837873,0.010466681704487,0.064753665928423,17.734416986371514,28.097260734109653,2.476074414910707
13.58,31.22097598703879,131.01238826057025,139.2795774142193,0.0512401825778638,-0.0169806031986675,2.4612457487469577,0.0663790287263791,-0.2913333561332911,0.0,28.1046130968822,9.40223265961389,-71.35376967789306,-19.185709645590183,103.64583349957168,477.3629298552127,15.288,1.0,16.227057802731338,0.0827193820526901,1.0341927579625885e-05,-0.1372462890989958,-0.0463279746459243,0.0104677600042562,0.0539805253616996,17.739825530010624,28.101945790008124,2.4793168283975966
13.59,31.22097541247812,131.0123875267004,139.01312562966405,0.0424323088415239,-0.0094069514568185,2.462653758665408,0.0695436114006257,-0.3046352436693772,0.0,28.10812419320481,9.417908945183465,-71.4367574999639,-19.18800746497948,103.64826364271433,477.4944629996616,15.288,1.0,16.221865834508602,0.0827294667490852,1.0305787359879386e-05,-0.1372280001677965,-0.0463187006313062,0.0104679412689183,0.0434625304546304,17.745298403336143,28.106646552731977,2.482398533805763
13.6,31.220974838506617,131.01238678998567,138.746528148732,0.0334585194492784,-0.0017889824718174,2.4638596188336206,0.072454628445174,-0.3176139758912836,0.0,28.111650803923183,9.433583005568144,-71.51972988817846,-19.190335501798646,103.65072444938498,477.6265512996892,15.288,1.0,16.216655758845715,0.0827395969117595,1.0269680522967143e-05,-0.1371977755237649,-0.0462991998812557,0.0104672174996611,0.0335063125580323,17.750810531349003,28.111369791213686,2.4853033078848847
13.61,31.2209742651236,131.01238605043503,138.4797855148182,0.0242973869016954,0.0058616190950724,2.464857497693316,0.0751122564210504,-0.3302554392203567,0.0,28.11519680535418,9.44925441932942,-71.60267839232428,-19.192704014261928,103.65322670866136,477.7593267162112,15.288,1.0,16.211442845256936,0.0827497839496894,1.0233610764432595e-05,-0.1371553640690949,-0.0462694230587818,0.0104655705626832,0.0249944311051128,17.756348148885593,28.116117546326937,2.4880178838051483
13.62,31.22097369232841,131.0123853080575,138.2128982593915,0.0149569635976064,0.0135387420981905,2.4656442973535806,0.0775153702820449,-0.3425535592076742,0.0,28.11876180592242,9.464922779029994,-71.68559441685633,-19.19512337938528,103.6557813195422,477.89277622144846,15.288,1.0,16.206227104194433,0.0827600267103159,1.0197581782502056e-05,-0.1371005186606369,-0.0462293302790233,0.0104629810209511,0.0201744465392403,17.761905664437307,28.12088846653836,2.490532749157907
13.63,31.220973120120394,131.01238456286185,137.9458669238615,0.0054454206708571,0.0212362694337387,2.4662170793751206,0.0796630320729345,-0.3545024986870187,0.0,28.12234541821414,9.480587683462382,-71.76846922772044,-19.19760408688184,103.65839928446296,478.0268869222117,15.288,1.0,16.201008546132545,0.0827703240533458,1.0161597276546396e-05,-0.1370330029784146,-0.0461788898509323,0.0104594302498342,0.0219233150803304,17.76747746753273,28.1256812035399,2.492838723795814
13.64,31.22097254849888,131.01238381485695,137.67869204168727,-0.0042289585598109,0.0289480827110167,2.46657306659582,0.0815544920064787,-0.3660966627094375,0.0,28.12594725893476,9.4962487372747,-71.85129395976716,-19.200156733732435,103.66109170354564,478.1616460589967,15.288,1.0,16.19578718158999,0.082780674850615,1.0125660944920384e-05,-0.1369525916873691,-0.046118078287642,0.0104549004500814,0.0292553513338838,17.773057932390223,28.13049441294033,2.494926971770783
13.65,31.22097197746321,131.01238306405165,137.4113741463297,-0.0140577848688243,0.0366680669822447,2.466709644831758,0.083189189386787,-0.3773307034022,0.0,28.129566948817484,9.511905550604762,-71.93405962424777,-19.202792018567155,103.66386976867057,478.2970410022668,15.288,1.0,16.190563020974547,0.0827910779858332,1.0089776482775238e-05,-0.1368590705903865,-0.0460468803106629,0.0104493746601132,0.0392704523119408,17.778641421699973,28.135326754916942,2.4967890124852055
13.66,31.220971407012733,131.0123823104546,137.14391377025643,-0.0240325699875826,0.0443901153649175,2.466624364343545,0.0845667534185507,-0.3881995245274402,0.0,28.13320411260571,9.527557738718654,-72.01675711638453,-19.205520735852915,103.6667447573662,478.4330592524516,15.288,1.0,16.185336074693982,0.0828015323545194,1.0053947579845829e-05,-0.1367522367731205,-0.0459652888477875,0.0104428367677614,0.0504781799063614,17.784222290298857,28.14017689492427,2.498416730931868
13.67,31.2209708371468,131.01238155407458,136.87631144196004,-0.0340410907180779,0.0521276983871285,2.466324782608556,0.0856814764742306,-0.3987276723626299,0.0,28.13684385312271,9.543204815535171,-72.09937722794929,-19.20835377866033,103.66972803573644,478.5691943071501,15.288,1.0,16.18005243806032,0.0828119941114788,1.0018177927032752e-05,-0.1366319476601265,-0.0458732958227197,0.0104352698703088,0.0622582723565093,17.78982283940669,28.14503205170817,2.4998165943580073
13.68,31.220970267864743,131.01238079492023,136.60856769490513,-0.0441527023888582,0.0598599747565081,2.4658037322426494,0.0865368397364386,-0.4088922524047904,0.0,28.14049687573521,9.558846178724329,-72.18191070242572,-19.21130221740932,103.672831141213,478.7058104133662,15.288,1.0,16.17475235957684,0.0828224947648955,9.982471243478893e-06,-0.1364981441475765,-0.0457708878575142,0.0104266729378386,0.0743819668791384,17.79541612575422,28.149899656871625,2.5009737193041457
13.69,31.22096969916595,131.0123800330002,136.34068305858122,-0.0543850450326412,0.0675759056334586,2.465057017660348,0.0871343761903864,-0.4186819068117557,0.0,28.144166515207427,9.574481452222994,-72.26434822103484,-19.214377256655087,103.67606573705832,478.84302123956417,15.288,1.0,16.16944949095797,0.0828330441296361,9.94683123845282e-06,-0.1363506623957348,-0.0456580816732932,0.010417034190426,0.0867423470657091,17.8009893681467,28.154781311181388,2.5018779024808833
13.7,31.22096913104973,131.01237926832312,136.07265805750885,-0.064729399016325,0.0752694452573897,2.464082839969981,0.0874744868737885,-0.4280925690469167,0.0,28.147852409458533,9.590110269093728,-72.34668037976537,-19.21759017431806,103.67944354854272,478.9808147105246,15.288,1.0,16.164143842543627,0.0828436411400406,9.911261605415669e-06,-0.1361893448282368,-0.0455349031628119,0.0104063409433969,0.0992742770137572,17.806536911519654,28.159675702870764,2.502522582467848
13.71,31.220968563515488,131.0123785008976,135.80449322018595,-0.0751769791593735,0.0829345791137338,2.4628795674907646,0.0875577651189359,-0.4371204412741278,0.0,28.151554200246444,9.605732265956618,-72.42889769680232,-19.22095231413581,103.6829763551192,479.11917887482616,15.288,1.0,16.158835424831068,0.0828542847417629,9.875766020133024e-06,-0.1360140456099505,-0.0454013863449366,0.0103945814000535,0.1119362258693874,17.812053112716765,28.16458152892091,2.502901597421642
13.72,31.22096799656256,131.01237773073214,135.53618906914815,-0.0857189411789534,0.090565328553862,2.4614457363052207,0.0873849964596012,-0.4457619979762106,0.0,28.15527153306264,9.62134708266972,-72.51099062036262,-19.224475078549705,103.68667598307871,479.2581019018194,15.288,1.0,16.15352424825012,0.0828649738914505,9.84034813830739e-06,-0.1358246307388401,-0.0452575733253211,0.0103817446594327,0.1246988752693714,17.817532344535163,28.16949749568145,2.5030091907983754
13.73,31.22096743019028,131.0123769578352,135.26774613388912,-0.0963463885580128,0.0981557553080362,2.459780050642794,0.086957158408473,-0.4540139892709509,0.0,28.15900405708085,9.63695436201769,-72.59294953656482,-19.22816992137553,103.69055429800213,479.39757207933366,15.288,1.0,16.14821032314069,0.082875707556605,9.80501159319844e-06,-0.1356209781288224,-0.0451035142509685,0.0103678207233875,0.1375397026580255,17.822968999692286,28.17442231952829,2.5028400163399307
13.74,31.22096686439801,131.0123761822153,134.99916493396563,-0.107050379787326,0.1056999658936565,2.4578813830559056,0.0862754201039571,-0.4618734439260658,0.0,28.16275142515505,9.652553749407703,-72.67476477732961,-19.232048340256902,103.6946231970061,479.5375778141637,15.288,1.0,16.142893659910133,0.0828864847155652,9.76975999323174e-06,-0.1354029776832922,-0.0449392672587682,0.0103528005030106,0.1504401994207412,17.82835749472061,28.17935472755409,2.5023891422980262
13.75,31.22096629918511,131.01237540388087,134.7304459939037,-0.1176922774283896,0.113216432897356,2.4557609133887928,0.0853342028691395,-0.4693749509093101,0.0,28.16649571983393,9.66814472700051,-72.75642663855707,-19.236121887809464,103.69889462058588,479.6775090587873,15.288,1.0,16.1375068906557,0.0828972526352484,9.734596934244765e-06,-0.1351706089213194,-0.044764883977466,0.010336675306223,0.1633077304243669,17.833726111803497,28.18427970395357,2.501670728622891
13.76,31.220965734550912,131.01237462284033,134.46158983524958,-0.1283908585489799,0.1206753612935123,2.4534085346489944,0.0841411191990724,-0.4764836829434886,0.0,28.170254070173456,9.68372676174053,-72.83792543710713,-19.24040225495711,103.70338064001083,479.8179492572369,15.288,1.0,16.132116032457677,0.0829080617288159,9.69952601759726e-06,-0.1349238867751073,-0.0445804196173606,0.0103194520305873,0.1762008257873588,17.839035692259735,28.18920969758436,2.5006658845075624
13.77,31.220965170494768,131.01237383910205,134.19259697756277,-0.1391397634480092,0.1280705171859848,2.4508233942330686,0.082698045517731,-0.4831968087069017,0.0,28.17402648794073,9.699299507327018,-72.91925148009935,-19.244901193450072,103.7080933762631,479.9588990220965,15.288,1.0,16.12672243214307,0.0829189120309649,9.664550811659808e-06,-0.1346627368281557,-0.0443859561162043,0.010301124433756,0.1891081672001038,17.844280057986307,28.19414374098522,2.499370607252371
13.78,31.22096460701601,131.01237305267446,133.9234679433858,-0.1499300390501122,0.1353962124752616,2.448005017653673,0.0810069178783882,-0.4895124772834815,0.0,28.177812637844006,9.714862617674408,-73.00039505171404,-19.24963046886031,103.71304495102822,480.1003471405192,15.288,1.0,16.121326100162584,0.0829298025549647,9.629674849427288e-06,-0.1343870963707273,-0.0441815832243316,0.0102816870353007,0.2020175960636286,17.8494537464316,28.1990806053714,2.4977816463049622
13.79,31.220964044113995,131.01237226356585,133.65420324830436,-0.1607527209332748,0.1426468257630235,2.444953095499085,0.0790698603489935,-0.4954291254867289,0.0,28.18161218802964,9.730415748048708,-73.08134642106148,-19.254601851827573,103.71824747779092,480.242282510448,15.288,1.0,16.1159270468531,0.0829407323242111,9.59490162609654e-06,-0.1340969147766714,-0.0439673983583936,0.0102611352752051,0.2149174278557188,17.854551339775806,28.2040190758756,2.495896171796157
13.8,31.22096348178805,131.01237147178455,133.38480341386946,-0.1715988406882834,0.1498168064485614,2.4416674827951312,0.0768891837482852,-0.5009454795560176,0.0,28.18542481010037,9.745958554810988,-73.16209585006531,-19.25982710911881,103.72371305275844,480.38469414069766,15.288,1.0,16.11052528266532,0.0829517003722913,9.56023459661613e-06,-0.1337921535224526,-0.0437435065142868,0.0102394655161547,0.227796335595906,17.859567468882005,28.20895795220985,2.4937117749660245
13.81,31.220962920037497,131.0123706773389,133.11526895566865,-0.1824594323906152,0.1569006789313679,2.4381481982781774,0.0744673841858517,-0.5060605568569552,0.0,28.189250179014984,9.76149069517,-73.24263360133224,-19.26531799446819,103.72945374557716,480.52757114836527,15.288,1.0,16.10512081793612,0.0829627057426727,9.525677173238383e-06,-0.1334727861964283,-0.043510020174493,0.0102166750450739,0.2406432718761318,17.864496817479097,28.213896049225355,2.491226468083738
13.82,31.220962358861645,131.01236988023712,132.84560039028617,-0.1932833173299177,0.1639009221946637,2.4343989614563446,0.0718049787972431,-0.5107853805930661,0.0,28.193082415576765,9.777011811050611,-73.32294994613633,-19.271086239445708,103.73548159010112,480.6707132555365,15.288,1.0,16.09969179271376,0.0829737311326647,9.49123272382347e-06,-0.1331388047185233,-0.0432670580619479,0.0101927605408991,0.2534203053264352,17.869344824341518,28.218827877117977,2.488444486732104
13.83,31.22096179825981,131.0123690804874,132.5757982352999,-0.2040115886195563,0.1708215182573242,2.4304260868101863,0.0689017451975788,-0.5151363480651534,0.0,28.19691472678515,9.79252130278871,-73.40303519905083,-19.277143595216288,103.74180862829144,480.81388889058894,15.288,1.0,16.094212075170013,0.0829847565504194,9.456904596397596e-06,-0.1327903341209324,-0.0430147238720015,0.0101677285639031,0.2660838139985199,17.874118759100497,28.2237472683755,2.4853739901746477
13.84,31.220961238231343,131.01236827809808,132.3058630053077,-0.2147282809056833,0.1776398905341378,2.4262232259531253,0.0657652102610516,-0.5190891246362804,0.0,28.20075907316988,9.808018746958512,-73.48287975676931,-19.28350188375424,103.74844696390032,480.95750600590407,15.288,1.0,16.088729653680314,0.0829958171966303,9.422696111475888e-06,-0.1324274330920516,-0.0427531429986235,0.010141587368735,0.2786826467353096,17.87878984544456,28.22866263722039,2.482002764774997
13.85,31.22096067877548,131.01236747307735,132.0357952159021,-0.225424609654394,0.1843508851121057,2.421791023853999,0.0623986006402829,-0.5226438829661317,0.0,28.20461514047236,9.82350380278019,-73.56247405487889,-19.29017289200268,103.7554086522576,481.1015540635416,15.288,1.0,16.083244538668943,0.0830069121465388,9.388610534950936e-06,-0.132050122511905,-0.0424824571041637,0.0101143378665071,0.2912066759554266,17.883353005604587,28.23357285982572,2.47833048179285
13.86,31.220960119891576,131.01236666543343,131.7655953787018,-0.2360918265125072,0.1909494427843854,2.4171302814679327,0.0588053193548775,-0.5258010877482168,0.0,28.2084826176612,9.838976129342688,-73.64180856805777,-19.297168347431256,103.76270567513752,481.2460226295436,15.288,1.0,16.077756740629354,0.0830180404848893,9.35465107703772e-06,-0.1316584351426752,-0.0422028148149385,0.0100859818791563,0.3036459021327369,17.887803235510358,28.23847683047044,2.474357218966349
13.87,31.220959561578887,131.01236585517455,131.49526400930128,-0.2467212257151222,0.1974306028030242,2.412241954361418,0.0549889434242594,-0.5285614959817173,0.0,28.212361196859806,9.854435385407127,-73.72087381768881,-19.304499907547537,103.77034993021697,481.3909013706661,15.288,1.0,16.07226626998583,0.0830292013057323,9.320820889868115e-06,-0.1312524155840377,-0.0419143715958725,0.0100565221368353,0.3159904511523734,17.892135608871467,28.24337346205633,2.4700834571557984
13.88,31.22095900383672,131.0123650423088,131.22480162031547,-0.2573041507613267,0.2037895064921221,2.4071271511713004,0.0509532213685521,-0.5309261569135306,0.0,28.216250573315342,9.869881229219096,-73.79966037942377,-19.31217914921528,103.77835322035344,481.536180054362,15.288,1.0,16.066773137116517,0.083040393712313,9.287123065106534e-06,-0.1308321202191741,-0.0416172896201068,0.0100259622746429,0.3282305740950466,17.896345281156208,28.248261686644536,2.465510076387615
13.89,31.22095844666432,131.0123642268444,130.95420872237167,-0.2678320010859278,0.2100214007677647,2.401787131994909,0.0467020705628693,-0.5328964117376837,0.0,28.2201504453742,9.885313318329512,-73.87815889069353,-19.32021755778828,103.7867272426912,481.6818485474637,15.288,1.0,16.061277352399557,0.0830516168170096,9.253560631588336e-06,-0.1303976171521297,-0.0413117376335653,0.0099943068286602,0.3403566486845646,17.900427493530678,28.25314045598387,2.4606383514149512
13.9,31.220957890060955,131.01236340878944,130.6834858290806,-0.2781877611683463,0.2161417555677067,2.3962325946881173,0.0422338941164045,-0.534504943217534,0.0,28.224046714591204,9.900731196817327,-73.95636006328331,-19.32862652623124,103.79548358817864,481.8274256457914,15.288,1.0,16.055722729320053,0.08306282912852,9.22013656096227e-06,-0.1299490373453339,-0.0409978814461875,0.0099615602862647,0.3522858524852173,17.90440414151685,28.25799810163593,2.4554856717118025
13.91,31.22095733402588,131.01236258815211,130.4126334510723,-0.2884434694489786,0.2221310795423547,2.390460691942877,0.0375564200123771,-0.5357347594104493,0.0,28.227949461094,9.916134274568371,-74.03425474109595,-19.3374174445986,103.80463383508445,481.9732554948701,15.288,1.0,16.05015061093616,0.0830740603129061,9.186853794811404e-06,-0.129486601341296,-0.0406758789192498,0.0099277425809125,0.3640624049815245,17.90825068101942,28.262841642067244,2.450045823418153
13.92,31.22095677855833,131.01236176494055,130.14165209798367,-0.2986195355495179,0.2279796131597334,2.384470945003416,0.0326754779548209,-0.5365803217006943,0.0,28.231862057518104,9.931522200753715,-74.11183388503886,-19.346601646612697,103.81418949373152,482.11945337685046,15.288,1.0,16.0445758380788,0.0830853202959698,9.153715209395096e-06,-0.1290104170259196,-0.040345916794651,0.0098928626168588,0.3756965004046464,17.91195556319926,28.26767291691616,2.444317454027091
13.93,31.22095622365756,131.01236093916287,129.87054228342885,-0.3087077505785365,0.2336830411693849,2.3782651817259746,0.0275956383282939,-0.5370441081156979,0.0,28.23578421188564,9.946894629642156,-74.1890885470397,-19.356190333011703,103.82416192717837,482.26600946737113,15.288,1.0,16.03899842116674,0.083096608218599,9.120723607738276e-06,-0.1285205974096112,-0.0400081889409235,0.0098569283981365,0.3871791711486604,17.9155143994909,28.27249095638951,2.4383033379640473
13.94,31.2209556693228,131.01236011082725,129.5993045120773,-0.3186999929325085,0.2392371703926871,2.371845369854232,0.0223216255160834,-0.537128879934134,0.0,28.239715635203485,9.962251214181023,-74.2660098767003,-19.36619455895225,103.83456233861516,482.41291403781577,15.288,1.0,16.033418370782282,0.0831079232304763,9.087881717799307e-06,-0.1280172666356955,-0.0396628950750192,0.0098199487887881,0.398501592110583,17.91892290680889,28.27729481285549,2.432006609185908
13.95,31.22095511555324,131.01235927994173,129.32793929655136,-0.3285882337707892,0.2446379328317379,2.365213614979523,0.016858314360846,-0.5368376801449848,0.0,28.243656041350835,9.977591605870227,-74.34258912829483,-19.37662522213005,103.8454017595232,482.5601574513632,15.288,1.0,16.02783569734419,0.0831192644897509,9.055192190283836e-06,-0.1275005598662818,-0.0393102405991174,0.009781933504893,0.4096550859287389,17.92217691140321,28.28208356121944,2.4254307539220825
13.96,31.220954562348087,131.01235844651447,129.05644714549902,-0.3383645434951513,0.249881388476644,2.358372158337376,0.0112107265438843,-0.5361738313719749,0.0,28.247605147103688,9.992915454645084,-74.418817667681,-19.38749305078455,103.85669103773132,482.7077301642896,15.288,1.0,16.02225041134131,0.0831306311631023,9.022657596497567e-06,-0.1269706231598887,-0.0389504364332382,0.0097428931060129,0.420631129030159,17.925272352392767,28.28685629938916,2.418579602795541
13.97,31.22095400970653,131.01235761055355,128.78482856756884,-0.3479637440625363,0.2549743098672292,2.351327901012981,0.0053811018776096,-0.5351570322658685,0.0,28.2515555908124,10.008222378921488,-74.49468697956301,-19.39880859252168,103.86844082633544,482.8553806677732,15.288,1.0,16.016632874616484,0.0831420015859994,8.990280427669142e-06,-0.12642762561443,-0.0385836966144804,0.0097028374958839,0.4313813470705019,17.92821892606971,28.29160672955491,2.411465302160315
13.98,31.22095345762775,131.0123567720671,128.51308406743453,-0.3573536997058997,0.2599175028884176,2.344087270219461,-0.0006270915058793,-0.5338013443910123,0.0,28.255504187126565,10.023511744665456,-74.57018870802568,-19.410582272032947,103.88066164411198,483.0030000664327,15.288,1.0,16.010970178426817,0.0831533663846426,8.958063121655599e-06,-0.1258718741800361,-0.0382102172620462,0.0096617886385437,0.4418799599479182,17.931018424272555,28.296331792974534,2.404098458658117
13.99,31.220952906110924,131.01235593106318,128.24121415573552,-0.3666094047936687,0.2646921803748436,2.336647213501719,-0.0068044499293479,-0.5320891394919616,0.0,28.2594608908623,10.038783134253396,-74.64531468519115,-19.422824426530592,103.8933639127106,483.15092870645424,15.288,1.0,16.005304867725954,0.0831647548555357,8.926008050122574e-06,-0.1253035847060779,-0.0378302179766258,0.0096197660119118,0.4521763482181353,17.93364743434411,28.301038493436184,2.3964735244248967
14.0,31.22095235515519,131.01235508754996,127.96921934311214,-0.3757234902155538,0.2692949227314252,2.329010472234177,-0.0131453966725615,-0.5300248111400592,0.0,28.26342542762371,10.054036191533555,-74.72005688603498,-19.435545188649485,103.90655783561284,483.2991573248896,15.288,1.0,15.999636953043591,0.0831761661913791,8.894117495377224e-06,-0.1247229442937926,-0.0374439302674047,0.0095767833692314,0.4622627575302437,17.936102371799738,28.305726019426228,2.388595587715551
14.01,31.220951804759714,131.01235424153552,127.69710012927167,-0.3846887137999396,0.2737224514342322,2.3211799095333,-0.0196442277785994,-0.5276130155248813,0.0,28.26739752576649,10.069270558472745,-74.79440742950479,-19.44875446336257,103.92025337474551,483.4476767474782,15.288,1.0,15.993966444933086,0.0831875995929688,8.862393649477738e-06,-0.1241301500622875,-0.0370515902905755,0.0095328552436035,0.4721316141794869,17.93837978276518,28.31039358434256,2.3804700296910473
14.02,31.220951254923605,131.01235339302795,127.4248570228686,-0.3934979655391959,0.2779716313115326,2.31315850780046,-0.0262951164635324,-0.524858668145808,0.0,28.271376916351937,10.08448587509182,-74.86835858472045,-19.462461915501056,103.9344602381132,483.5964778862776,15.288,1.0,15.988293353900469,0.0831990542690786,8.83083861237897e-06,-0.1235254089796825,-0.0366534386594958,0.009487996935738,0.4817755305647586,17.94047634719541,28.31504042680672,2.372102513992022
14.03,31.220950705646,131.0123525420354,127.15249053057096,-0.4021442732110784,0.2820394726186837,2.3049493661616984,-0.0330921176158008,-0.5217669401347734,0.0,28.27536333316248,10.099681779409448,-74.94190277705565,-19.47667695726624,103.94918786743406,483.7455517402993,15.288,1.0,15.98261769059374,0.0832105294365041,8.799454390139896e-06,-0.1229089376867484,-0.0362497202516539,0.009442224501154,0.4911873108732709,17.942388881885332,28.31966581100517,2.363498975805811
14.04,31.22095015692597,131.012351688566,126.8800011610352,-0.410596973366393,0.2859275096045613,2.296557458137203,-0.0400303667343303,-0.5183498685500669,0.0,28.27935365739972,10.114857903510591,-75.01503259409553,-19.491408735756696,103.9644454258002,483.89479168067993,15.288,1.0,15.976927165216008,0.0832220159173125,8.768242893317745e-06,-0.1222809636315834,-0.0358406837746307,0.0093955538894577,0.5003428981879469,17.94411985562949,28.324266859162165,2.354668803677572
14.05,31.220949608762623,131.0123508326278,126.60738941596136,-0.4187553449520831,0.2896502979809045,2.2879947178872166,-0.0471089029026586,-0.5146420215087664,0.0,28.28333645244778,10.130013633826827,-75.08774081136065,-19.50666616319192,103.98024182953594,484.04380630300176,15.288,1.0,15.971173006044092,0.0832334800556407,8.73720595599745e-06,-0.121641839735804,-0.0354265608484853,0.0093480079754109,0.5091677917983781,17.94568796727125,28.328834421064155,2.3456332808252713
14.06,31.220949061155054,131.01234997422893,126.33465580102688,-0.4267315422909631,0.2931834897393365,2.2792570291764047,-0.0543158689777546,-0.51061843433228,0.0,28.28732573057816,10.14514847208304,-75.16002044315081,-19.522458003053483,103.9965858378504,484.19307515641606,15.288,1.0,15.965416273343257,0.0832449630879421,8.70634534284256e-06,-0.1209918854313223,-0.0350075944842169,0.0092996155239181,0.5177400684464561,17.947062918728477,28.33337868447944,2.33638481508351
14.07,31.220948514102307,131.01234911337755,126.06180082389788,-0.4345193010762303,0.2965246773826483,2.2703479126286874,-0.0616448873427198,-0.5062852366875886,0.0,28.291321233655594,10.160262049131385,-75.23186469574118,-19.53879274811731,104.01348592707213,484.3425894972176,15.288,1.0,15.959656977755248,0.083256464254823,8.675662717268074e-06,-0.1203313529849546,-0.034584044889113,0.0092503953881526,0.5260534398925039,17.948242094094272,28.337899013134937,2.3269302691315743
14.08,31.22094796760344,131.01234825008183,125.78882498528348,-0.4421125180063514,0.2996716080323481,2.26127099016366,-0.0690894856827692,-0.5016487889113729,0.0,28.29532270611831,10.1753539938052,-75.30326695945605,-19.55567857998217,104.03095024934748,484.4923406639477,15.288,1.0,15.953895129921808,0.0832679828044747,8.645159639998333e-06,-0.1196605032003394,-0.0341561755510357,0.0092003670921434,0.5341018338188742,17.949223028793867,28.342394797617757,2.317276711013145
14.09,31.22094742165748,131.0123473843499,125.5157287898707,-0.4495052553047803,0.3026221848525925,2.2520299822496725,-0.0766431021147419,-0.4967156771200527,0.0,28.299329894963765,10.190423932912422,-75.37422081386984,-19.573123356864176,104.04898662061213,484.6423200772807,15.288,1.0,15.94813074053262,0.0832795179926249,8.614837567674453e-06,-0.1189796052015078,-0.03372425302913,0.0091495508147797,0.5418793983874568,17.95000341201126,28.3468654555844,2.30743140091966
14.1,31.220946876263444,131.01234651618995,125.24251274334108,-0.4566917446408765,0.3053744684363183,2.242628705178985,-0.0842990904297496,-0.4914927082570275,0.0,28.303342549680096,10.205471491236413,-75.44472003286317,-19.59113460153289,104.06760250871416,484.7925192374021,15.288,1.0,15.942363820133563,0.0832910690823423,8.584697851543626e-06,-0.1182889362107204,-0.033288546742323,0.0090979673733261,0.5493805062825912,17.950581089100115,28.351310431909788,2.2974017777066944
14.11,31.22094633142036,131.0123456456101,124.96917734839536,-0.4636579591479775,0.3079282193327684,2.233071662573057,-0.0920511445913528,-0.4859892390053494,0.0,28.307359442412444,10.220496291545986,-75.51475858953161,-19.609719489412885,104.08680502171114,484.9428961524022,15.288,1.0,15.936590032338035,0.0833026324605901,8.554741736228385e-06,-0.1175887813196396,-0.0328493287559768,0.0090456378933282,0.5565935873973937,17.95095596369998,28.355728461149585,2.2871965380868287
14.12,31.2209457871272,131.01234477261852,124.6957231097238,-0.470271160494339,0.3103050729415501,2.223373318192756,-0.0998992405998372,-0.4802502759789401,0.0,28.311365614526395,10.235497737241104,-75.58433067559747,-19.62888486953125,104.10660093008492,485.0929382700057,15.288,1.0,15.930743521341762,0.0833141641076886,8.524970374677077e-06,-0.1168795340623984,-0.0324068554797695,0.0089925875057089,0.5634199503138593,17.951154764801302,28.36010798312167,2.276841913243372
14.13,31.22094524338292,131.0123438972234,124.42215052704724,-0.476662690744566,0.3124785889859647,2.2135295768862817,-0.1078301523576025,-0.4742478981326214,0.0,28.315376754801687,10.250475273760523,-75.65343075789744,-19.648637370197378,104.12699677638057,485.24318310844,15.288,1.0,15.924894479002592,0.0833257101928707,8.495384844338572e-06,-0.1161615913458362,-0.0319613862917318,0.0089388514118958,0.5699543285598211,17.951144947323247,28.36446053345661,2.266329984444241
14.14,31.22094470018653,131.01234301943296,124.14846010704612,-0.4828276089851796,0.3144474494712724,2.2035445909709725,-0.1158369436599304,-0.4679897158970953,0.0,28.31939262000272,10.265428520093176,-75.72205353453927,-19.66898328317093,104.14799875605428,485.3936223987088,15.288,1.0,15.9190429160269,0.0833372700006466,8.46598611329592e-06,-0.1154352592617579,-0.0315132001569195,0.0088844527241033,0.5761921189439689,17.950924993565398,28.36878566191105,2.25566871151314
14.15,31.22094415753696,131.01234213925545,123.87465234844976,-0.4887611641846514,0.3162104983616307,2.193422591934905,-0.1239126205541959,-0.4614835277921869,0.0,28.323412969556152,10.280357092649924,-75.79019392021678,-19.68992851094656,104.16961266360524,485.5442479577758,15.288,1.0,15.913188843193897,0.0833488428233658,8.4367750380929e-06,-0.1147008506499674,-0.0310625778418134,0.008829415091848,0.5821289629406156,17.95049355158777,28.373082946342503,2.2448661543099995
14.16,31.22094361543316,131.01234125669907,123.600727753965,-0.4944587965128041,0.3177667425245973,2.1831678878149945,-0.1320501371049369,-0.4547373147864614,0.0,28.32743756527323,10.295260606124664,-75.85784705024525,-19.71147855593053,104.1918438819838,485.6950516784643,15.288,1.0,15.907332271185696,0.0833604279604121,8.40775236291536e-06,-0.113958684843668,-0.0306098016934088,0.0087737626827581,0.5877607483814444,17.949849437188412,28.37735199257987,2.233930457860141
14.17,31.220943073874025,131.01234037177204,123.32668682729332,-0.4999161408505681,0.3191153521230247,2.172784860259996,-0.1402424010932884,-0.4477592338715811,0.0,28.331466171366017,10.310138673547703,-75.92500828443144,-19.73363850993269,104.21469737232214,485.8460255309725,15.288,1.0,15.901473210757224,0.083372024718234,8.378918718866594e-06,-0.1132090874103913,-0.0301551554172893,0.0087175201631361,0.5930836126907363,17.948991635199,28.381592434501197,2.2228698368453172
14.18,31.22094253285845,131.01233948448265,123.052530068162,-0.5051174075882038,0.3202577762246849,2.16227875262484,-0.148482856226208,-0.4405608364623127,0.0,28.335497244926863,10.324990906345452,-75.99167321077368,-19.75641304399615,104.23817766400975,485.9971166415722,15.288,1.0,15.89560568569364,0.0833836285567984,8.350274623336873e-06,-0.1124523898883879,-0.0296989238549062,0.0086607122778594,0.5980852627367286,17.947921858531473,28.38580295682698,2.211694014385873
14.19,31.22094199238536,131.01233859483915,122.77825797729264,-0.5099353040634398,0.3212159416141889,2.1516640606268087,-0.1567709259187711,-0.4331875289817657,0.0,28.339516742274547,10.339816683665068,-76.05783766486152,-19.77980643536312,104.26228888303022,486.1478432140957,15.288,1.0,15.889665930854324,0.0833951981498759,8.321820496097968e-06,-0.1116890364307936,-0.0292413736652543,0.0086033686809501,0.6026698691150731,17.946666465232372,28.389972960083885,2.2004287737329293
14.2,31.220941452453594,131.01233770284975,122.50387105839026,-0.5145018582940198,0.3219647817343319,2.1409375353643494,-0.1650931007696447,-0.425612681878094,0.0,28.343539794052607,10.354615446018496,-76.12349778528626,-19.80382268040576,104.2870348688014,486.298724233146,15.288,1.0,15.88372368810696,0.0834067780232914,8.293556675178322e-06,-0.1109194641130152,-0.0287827744578838,0.0085455274169679,0.6069354962172976,17.94519498679316,28.394113637540105,2.1890672482199296
14.21,31.22094091306204,131.01233680852295,122.22936981118572,-0.5188136228995494,0.322504102843945,2.13010380441232,-0.1734421550073842,-0.4178450630672839,0.0,28.347566171293536,10.369386802283946,-76.18864996628633,-19.828465371767766,104.31241904798893,486.4497518853576,15.288,1.0,15.877778968173272,0.0834183675035941,8.265483384142619e-06,-0.1101440195390743,-0.0283234133973977,0.0084872148571934,0.6108793898664112,17.943507087191115,28.398224729803047,2.1776177110400132
14.22,31.22094037420952,131.01233591186687,121.9547547314341,-0.5228673585671724,0.3228338748828946,2.1191675518897246,-0.1818108451523541,-0.4098935781906885,0.0,28.35159564746036,10.384130359764503,-76.25329084260963,-19.853737648322184,104.33844438345396,486.60091843558047,15.288,1.0,15.87183178184877,0.0834299659244931,8.2376007304463e-06,-0.1093630540335775,-0.0278635779144647,0.0084284577569817,0.6144990579562887,17.94160260410825,28.402306005619185,2.1660884196724908
14.23,31.220939835894885,131.01233501289002,121.68002632582636,-0.5266600354607222,0.3229542313036576,2.1081335155929937,-0.1901919159985765,-0.4017672636056106,0.0,28.35562799833571,10.398845724697628,-76.31741729225146,-19.879642186951617,104.36511336630652,486.7522162230316,15.288,1.0,15.8658821400765,0.0834415726265329,8.209908705272142e-06,-0.108576923359922,-0.0274035554815077,0.0083692832343588,0.6177922716881877,17.93948154952852,28.40635726173668,2.154487600006745
14.24,31.22093929811696,131.01233411160064,121.40518508515002,-0.5301888345606022,0.3228654687597682,2.097006484050633,-0.198578106606414,-0.393475279234288,0.0,28.359663001935008,10.41353250235256,-76.38102643901196,-19.9061811948174,104.39242800845297,486.9036376583632,15.288,1.0,15.85993005362736,0.0834531869568377,8.182407183466419e-06,-0.1077859874352083,-0.0269436333886524,0.0083097187483482,0.6207570666845842,17.93714411014596,28.41037832276962,2.1428234304165814
14.25,31.22093876087452,131.0123332080071,121.1302315170922,-0.5334173294218592,0.3225741766496531,2.085793565309792,-0.2069638449798629,-0.3850363860429228,0.0,28.363696744938263,10.428190288314855,-76.44411565489585,-19.93335640221008,104.42038983573164,487.05504837357137,15.288,1.0,15.853958112633528,0.0834647974001833,8.155095923834874e-06,-0.1069906131949233,-0.0264840979589334,0.0082497912458692,0.623365976358984,17.934597940351864,28.41436631044103,2.131108126959676
14.26,31.220938224166343,131.01233230211784,120.85516611542484,-0.5362619185334062,0.3220956778857668,2.074506953684853,-0.2153464899844071,-0.3764859236671421,0.0,28.367720233123755,10.44281840785606,-76.50668258679399,-19.96116911492344,104.44899994225572,487.20613938446,15.288,1.0,15.847924218925469,0.0834763774901525,8.127974591140929e-06,-0.1061913008925372,-0.0260252118013136,0.0081895365413678,0.6255553065510232,17.93186098365567,28.41831463740588,2.1193618998073247
14.27,31.220937687991235,131.01233139394122,120.57998938286688,-0.5388363378639173,0.321409734348126,2.063144973898243,-0.2237133699490075,-0.3678029155968535,0.0,28.37174595703772,10.457416344854296,-76.56872520140627,-19.98962031393808,104.4782590933136,487.3573396102889,15.288,1.0,15.841887881815508,0.0834879639826977,8.101042762630936e-06,-0.1053884900006255,-0.0255672480975946,0.0081289920211196,0.6274119625620025,17.928908902319566,28.422232615259848,2.1075800909899174
14.28,31.22093715234793,131.01233048348567,120.30470181418735,-0.5411387430201852,0.3205172688549921,2.051712567377177,-0.2320572540157068,-0.3589969107974095,0.0,28.37577370122796,10.471983703321976,-76.6302417303867,-20.01871051645237,104.50816758278424,487.508641670098,15.288,1.0,15.835849112188788,0.083499556244186,8.074299899548172e-06,-0.1045825528643079,-0.0251104914384919,0.0080681861942886,0.6289351351391026,17.92574257316424,28.42612017349786,2.095770457430117
14.29,31.220936617235207,131.0123295707597,120.0293039051493,-0.5431675071110266,0.3194193635324579,2.040214708885043,-0.2403709348463022,-0.3500775392898777,0.0,28.379803252465287,10.486520087013504,-76.69123066038753,-20.048439743413205,104.53872520017435,487.660038254066,15.288,1.0,15.829807921005168,0.083511153647539,8.047745347187046e-06,-0.1037738643619545,-0.024655225147576,0.0080071477872312,0.6301242846157531,17.922363046711883,28.42997726885961,2.0839406249183354
14.3,31.22093608265177,131.01232865577177,119.75379615549392,-0.5449212212613276,0.3181172587202976,2.028656403491058,-0.2486472346035642,-0.3410545043540573,0.0,28.38383439969084,10.501025099553306,-76.75169073440563,-20.07880751505521,104.56993122645876,487.81152212229273,15.288,1.0,15.823764319124878,0.0835227555720678,8.02137833542377e-06,-0.1029628016075099,-0.0242017310620098,0.0079459057207001,0.6309791410327903,17.918771546532255,28.43380388510504,2.0720980733646432
14.31,31.220935548596337,131.0123277385303,119.47817906098686,-0.5463986955366302,0.3166123516487256,2.0170426835173685,-0.256879010886071,-0.3319375745141436,0.0,28.3878669340282,10.515498344566868,-76.81162095293801,-20.10981284708211,104.60178443056644,487.9630861047396,15.288,1.0,15.81771831743306,0.0835343614035185,7.995197979352537e-06,-0.102149743652003,-0.0237502893145947,0.0078844890869596,0.6314997045380973,17.914969468294363,28.437600032818747,2.060250122373273
14.32,31.220935015067607,131.0123268190438,119.20245311938304,-0.5475235535278113,0.3149198095908913,2.0053837158904724,-0.2650629854999961,-0.3227581168625543,0.0,28.391892669049746,10.529939376397117,-76.87102057598196,-20.141454250095887,104.6342830691875,488.1144487258816,15.288,1.0,15.811631074897718,0.0835459470529116,7.96920328204255e-06,-0.1013350919323989,-0.023301174435756,0.0078229265298637,0.6316276666545553,17.910974368340124,28.441359907993075,2.0484128090405784
14.33,31.2209344820643,131.01232589732084,118.92661882446272,-0.5482948336010872,0.3130413562190697,1.9936869211173,-0.2731928175776111,-0.3135300685695952,0.0,28.395911488001136,10.544347483479807,-76.92988916629075,-20.17372983384516,104.66742499417468,488.26560583573473,15.288,1.0,15.805502144011417,0.0835575121773007,7.943393164616979e-06,-0.1005193853180978,-0.0228546346810605,0.0077612596035286,0.631362909820182,17.906787927625267,28.445083664609296,2.0365959243078704
14.34,31.220933949585056,131.01232497336994,118.65067667398333,-0.548788554458631,0.3109650232480972,1.981952981737334,-0.2812578613288039,-0.3042428270121129,0.0,28.399931313799904,10.558722221179966,-76.98822660306638,-20.206637341755087,104.70120768824164,488.4168298112044,15.288,1.0,15.799370815340204,0.0835690800911271,7.917766454378086e-06,-0.0997030375335617,-0.0224109383632522,0.0076995224065977,0.6307655396900721,17.902395799115553,28.44877734562337,2.024798089727735
14.35,31.22093341762857,131.01232404719963,118.3746271587454,-0.5490045206659527,0.3086928004322231,1.9701869877223448,-0.2892511679789462,-0.2949063086288572,0.0,28.40395194376786,10.57306319619783,-77.0460330286726,-20.240174017780166,104.73562812852192,488.56811368051376,15.288,1.0,15.79323709993506,0.0835806501983955,7.892321866151358e-06,-0.0988864310030993,-0.0219703569203177,0.0076377443866197,0.6298367188294554,17.89780004657422,28.45244106088448,2.0130257662625013
14.36,31.22093288619348,131.0123231188186,118.0984707784965,-0.5489427552937194,0.3062268264776583,1.958394038564304,-0.2971658527884798,-0.2855304502818186,0.0,28.40797317734375,10.587370016100028,-77.10330884496979,-20.274336596532,104.77068277675832,488.71945053990805,15.288,1.0,15.787101008796508,0.0835922219093497,7.867058003866925e-06,-0.0980699484209774,-0.0215331590502855,0.0075759550342196,0.628577877858654,17.89300289902858,28.456074945754523,2.0012851851712306
14.37,31.22093235527845,131.01232218823537,117.82220802205192,-0.5486034994808228,0.3035693870779839,1.9465792401653603,-0.3049951007720032,-0.2761252010693358,0.0,28.411994816070447,10.601642289472332,-77.16005471321445,-20.30912130346295,104.80636757980204,488.87083355380696,15.288,1.0,15.780962552874598,0.0836037946404238,7.841973361786306e-06,-0.0972539724508718,-0.0210996105050488,0.0075141838598887,0.6269907145810248,17.888006748876546,28.459679160786884,1.9895823371761365
14.38,31.22093182488206,131.01232125545857,117.54583938518516,-0.5479872119215344,0.3007229128198805,1.9347477017359624,-0.3127321723532168,-0.2667005140891912,0.0,28.41601666359256,10.615879626076891,-77.21627155376315,-20.344523855784715,104.84267797084892,489.0222559536028,15.288,1.0,15.774821743119391,0.083615367814259,7.817066325829718e-06,-0.0964388854253013,-0.0206699738868036,0.0074524603707235,0.6250771930358208,17.88281414981199,28.46325389139521,1.9779229624059653
14.39,31.220931295002952,131.01232032049683,117.26936535870172,-0.5469578610063545,0.2977145684423389,1.9229140856355544,-0.3203775043176922,-0.2573064224997585,0.0,28.420024512048663,10.630081471554108,-77.27196055422762,-20.3805394866079,104.87960889446416,489.17322862705936,15.288,1.0,15.768608103231752,0.0836268996241497,7.792335184367847e-06,-0.0956251438691771,-0.0202444952023969,0.0073908161859662,0.6227312209509215,17.87745643256366,28.466789196665463,1.9663282841550334
14.4,31.22093076563973,131.01231938335883,116.9927864393718,-0.545636683177457,0.2945253940580121,1.9110780810506944,-0.3279191846009278,-0.2479227429283148,0.0,28.42403064028013,10.64424718140538,-77.32712322726023,-20.417163100905505,104.91715496669076,489.324174079036,15.288,1.0,15.762383232866908,0.0836384262017129,7.767778157170599e-06,-0.0948132638370636,-0.0198234062197736,0.0073292945052306,0.6200499781719089,17.87191118381571,28.47029437724664,1.9547931118056563
14.41,31.22093023679101,131.0123184440533,116.7161031130331,-0.544042146366486,0.291155117620577,1.8992437437001743,-0.3353498857021545,-0.2385546124722347,0.0,28.42803663186917,10.658376370803518,-77.381761372924,-20.45438918720336,104.95531038462757,489.4751467954442,15.288,1.0,15.756156011460392,0.083649952207135,7.743393365485884e-06,-0.0940036262072468,-0.0194069586821472,0.007267925261096,0.6170499265255224,17.866177802907227,28.47377097396559,1.9433205209013977
14.42,31.220929708455326,131.01231750258884,116.43931587447004,-0.5421756871710449,0.2876067061966116,1.8874161429194027,-0.3426632175672428,-0.2292118822554445,0.0,28.432042296391742,10.672468657642208,-77.43587704652377,-20.492211741688333,104.99406884881547,489.6261401982725,15.288,1.0,15.749926450154828,0.0836614770805259,7.719178827578739e-06,-0.0931966075297328,-0.0189954008922267,0.0072067376076142,0.6137341641487656,17.860259456351024,28.47721926243433,1.9319150768585494
14.43,31.22092918063129,131.01231655897428,116.16242521151086,-0.5400389527087839,0.2838832600164932,1.8756003332647084,-0.3498528921499116,-0.2199043621432975,0.0,28.43604744545732,10.686523661954787,-77.4894725570981,-20.530624272319645,105.03342356765656,489.7771477754588,15.288,1.0,15.743694559939492,0.0836730002679802,7.695132460626648e-06,-0.0923925823726668,-0.0185889770560525,0.0071457605672721,0.6101060475299012,17.854159459396616,28.480639541215275,1.9205810539464336
14.44,31.22092865331745,131.0123156132183,115.8854316149664,-0.5376337992659581,0.2799880097200374,1.8638013513399616,-0.3569127286058918,-0.2106418125480744,0.0,28.44005189273335,10.700541006082778,-77.54255046585926,-20.56961980406601,105.07336726296757,489.9281630813648,15.288,1.0,15.737460351829222,0.0836845212216572,7.671252082596396e-06,-0.0915919230306135,-0.0181879270976819,0.0070850230082615,0.6061691899522625,17.84788127297557,28.48403213141329,1.909322431201998
14.45,31.22092812651237,131.01231466532963,115.6083355726672,-0.5349002212660243,0.2759354451353022,1.8520281246709185,-0.3638397850274062,-0.201451626828704,0.0,28.444049263263803,10.714520282916984,-77.59511358486617,-20.609190886034884,105.11389217745298,490.0789664115238,15.288,1.0,15.731191891817431,0.0836960211838229,7.64753541525513e-06,-0.0907950120489961,-0.0177924842130193,0.0070245530844256,0.6018773999172558,17.8414413936767,28.48739293407856,1.898149183202627
14.46,31.22092760021455,131.0123137153171,115.331137573438,-0.5318086927512697,0.271734733164791,1.8402899017709264,-0.3706303958200294,-0.1923564033185826,0.0,28.44803630600116,10.728460796349728,-77.64716501221181,-20.649329698792243,105.15499018472858,490.2294455793557,15.288,1.0,15.7248724895,0.0837074905889948,7.623980112824577e-06,-0.0900023743171254,-0.0174028513031034,0.0069643908035875,0.597208615474159,17.834850122499873,28.490720138058816,1.8870704276108559
14.47,31.22092707442257,131.01231276318947,115.05383810511192,-0.5284565122782046,0.2673724650426823,1.8285866374438016,-0.3772742511289749,-0.1833403695701457,0.0,28.45202233111332,10.742362101550777,-77.69870815640742,-20.69002813705977,105.19665287402248,490.37992131768686,15.288,1.0,15.718550772791138,0.0837189568326796,7.600583759878906e-06,-0.0892144185749397,-0.017019246434111,0.0069045702872007,0.5922434408840309,17.82809163311615,28.494020947279964,1.8760806598643553
14.48,31.220926549134926,131.0123118089556,114.7764376535348,-0.524846471719958,0.2628523437186924,1.816923244030613,-0.3837656419299593,-0.1744129728704402,0.0,28.45600715797092,10.756223833627176,-77.74974667533562,-20.73127766220213,105.23887139918608,490.53038736439447,15.288,1.0,15.71222675271854,0.083730419383841,7.577343849368227e-06,-0.0884315037241725,-0.0166418908894764,0.0068451194572051,0.586986576466677,17.8211699270933,28.497295762741217,1.8651825722245383
14.49,31.220926024350163,131.01231085262427,114.49893670355912,-0.5209815601384518,0.2581781878664832,1.8053045975801745,-0.390098990268536,-0.165583566884646,0.0,28.459990607977392,10.770045630997938,-77.80028446743097,-20.77306929430801,105.28163647068295,490.6808375236458,15.288,1.0,15.705900440361669,0.0837418777174237,7.554257784909978e-06,-0.087653984804765,-0.0162710008286649,0.0067860659570766,0.5814429685252109,17.814089134582563,28.500545005653045,1.8543785562486665
14.5,31.22092550006678,131.01230989420435,114.22133574202704,-0.5168649610537897,0.2533539286557524,1.7937355346724564,-0.3962688538486218,-0.1568614039581559,0.0,28.463972504559127,10.783827135566115,-77.8503256688855,-20.815393621595863,105.32493836530148,490.8312656651934,15.288,1.0,15.699571846851764,0.0837533313143327,7.5313228831532786e-06,-0.0868822127205605,-0.0159067871251932,0.0067274371302755,0.575617807178422,17.80685351052418,28.503769116920463,1.8436707062078377
14.51,31.22092497628324,131.0123089337047,113.94363525379424,-0.5124970064499413,0.2483841506355949,1.7822210267635408,-0.4022700810144668,-0.1482564801309202,0.0,28.46795237790884,10.7975679928896,-77.89987465066777,-20.858240810509766,105.36876693655536,490.9816555399012,15.288,1.0,15.693239419278472,0.0837647787926641,7.5085363762205886e-06,-0.0861165339689581,-0.0155494552089334,0.0066692599298139,0.5695140231155439,17.79946805985379,28.506968346847504,1.8330610983320457
14.52,31.22092445299807,131.0123079711342,113.6658357227228,-0.5077286450083907,0.2433002788875509,1.770776262946978,-0.4081055317369948,-0.1398232578706082,0.0,28.471915324637965,10.811267625386684,-77.94893602954605,-20.90160065627249,105.41311166643756,491.1314929385823,15.288,1.0,15.686824486785728,0.0837761763009477,7.485895427479966e-06,-0.0853573939901497,-0.0151991866276378,0.0066115656425481,0.563011414797891,17.791968807419096,28.510132728221205,1.8225666632231456
14.53,31.22092393020976,131.0123070065017,113.38793762870036,-0.5027202234456396,0.2380785460357555,1.7593985511276076,-0.4137629826586849,-0.13152979227763,0.0,28.475876431018715,10.82492547218653,-77.99751472332758,-20.945462760733875,105.45796184726828,491.2812981066973,15.288,1.0,15.68040727707814,0.083787568230001,7.463397156532229e-06,-0.0846052460959609,-0.0148561549310348,0.0065543932124158,0.5562441573543594,17.784327976316256,28.51327361396116,1.8121763583561983
14.54,31.22092340791676,131.01230603981617,113.1099414545978,-0.4974757906514185,0.2327232790970378,1.7480925185323448,-0.4192375706750437,-0.12338482113372,0.0,28.479835525643107,10.838541194479015,-78.04561589689014,-20.98981640733109,105.50330645374508,491.4310650804376,15.288,1.0,15.673987801352071,0.0837989540759447,7.44103860930622e-06,-0.0838604205787203,-0.0145205485757352,0.006497768469842,0.5492184682925807,17.776550270562776,28.51639151232195,1.8018910644377113
14.55,31.220922886117567,131.01230507108656,112.83184767931137,-0.4919995761744921,0.2272388998896424,1.7368627341652156,-0.4245245885295156,-0.1153969385415594,0.0,28.483792439448152,10.85211445615472,-78.09324493520216,-21.034650509260395,105.54913408993528,491.58078797299527,15.288,1.0,15.667566070620342,0.0838103333418058,7.4188167568890655e-06,-0.0831232421130195,-0.0141925500188346,0.006441716828623,0.5419408006200994,17.768640497431843,28.51948694879589,1.791711398920816
14.56,31.220922364810665,131.01230410032176,112.55365678372593,-0.4862959835369493,0.221629921898144,1.725713705998354,-0.429619488783559,-0.1075745887165395,0.0,28.487747005375425,10.86564492575701,-78.1404074393538,-21.0799536225034,105.59543300259035,491.7304609627732,15.288,1.0,15.661142096026875,0.0838217055365184,7.396728498291789e-06,-0.0823940295071832,-0.013872335583634,0.0063862632661523,0.53441783876916,17.760603563646594,28.52256046528028,1.7816377275840207
14.57,31.22092184399447,131.0123031275307,112.27536924972162,-0.4803695859720388,0.2159009466186711,1.714649877843847,-0.434517887515762,-0.0999260592375765,0.0,28.49169905831927,10.879132276646583,-78.18710922241495,-21.125713959414863,105.64219109501872,491.8800782919769,15.288,1.0,15.654715888610712,0.0838330701747643,7.37477066327747e-06,-0.0816730954599626,-0.0135600753303118,0.0063314323041045,0.5266564968683222,17.752444470936844,28.52561261945159,1.7716701768319723
14.58,31.22092132366748,131.0123021527224,111.99698555023434,-0.4741036246688931,0.2100783188556993,1.7036833540647935,-0.4392218335646503,-0.0924950105329129,0.0,28.49563702815009,10.89257606142598,-78.23335631029846,-21.17191941786965,105.68939595683672,492.0292403419579,15.288,1.0,15.64822489576876,0.0838443932135543,7.352940021008054e-06,-0.080960801915977,-0.0132559231298509,0.0062772497871033,0.5185616064752586,17.744193378979155,28.528635979372027,1.7618195472212361
14.59,31.22092080382813,131.0123011759058,111.71850616515847,-0.4675855490120393,0.204152067982735,1.692816122105033,-0.4437239190641364,-0.0852703573419704,0.0,28.49956862825604,10.905975653226015,-78.2791549954917,-21.218557766367848,105.7370350529788,492.17821327032703,15.288,1.0,15.641711186413849,0.083855697349187,7.331233313543331e-06,-0.0802576072777415,-0.0129600081839631,0.0062237533575363,0.5102091602894101,17.73583843529779,28.53163669225012,1.7520811549267876
14.6,31.22092028447488,131.01230019708987,111.43993156842603,-0.4608604157442496,0.1981199038327039,1.6820502785967446,-0.4480183357223352,-0.0782489076298175,0.0,28.50349745919524,10.919330730753272,-78.32451181076905,-21.265616600935047,105.78509567950697,492.32712133312,15.288,1.0,15.635195248858432,0.0838669931763213,7.309647233309767e-06,-0.0795638130197055,-0.0126724795460182,0.006170967559402,0.5016402820618708,17.727376658701562,28.53461799889925,1.7424512792087063
14.61,31.22091976560617,131.01229921628368,111.1612622359583,-0.45393356018289,0.191986720067846,1.6713899572200397,-0.4521013796371746,-0.0714382159952725,0.0,28.507423361281408,10.93264099030452,-78.36943348246713,-21.313083240428007,105.83356485656708,492.47595894895176,15.288,1.0,15.62867709423104,0.0838782802256027,7.288178414339031e-06,-0.0788797035134473,-0.0123934813162795,0.0061189147906498,0.4928628678958005,17.71881337150157,28.537580508315543,1.7329291576029384
14.62,31.220919247220447,131.01229823349618,110.88249863970084,-0.4468104652495518,0.1857574790099559,1.6608392094254003,-0.4559695258293255,-0.0648456436786584,0.0,28.511346176761485,10.945906133941596,-78.41392692467785,-21.36094474007876,105.8824293421474,492.6247205999271,15.288,1.0,15.622156733553943,0.0838895580333647,7.266823435553754e-06,-0.0782055557145167,-0.0121231507929284,0.0060676168896079,0.4838850414979005,17.710153966917638,28.540524842215227,1.7235138657852187
14.63,31.220918729316168,131.01229724873647,110.60364125160169,-0.4394967572721565,0.1794372075140937,1.6504020013952314,-0.4596194309923552,-0.058478352550112,0.0,28.51526574984589,10.95912586964224,-78.45799923405282,-21.409187907627462,105.93167564846836,492.7734008322121,15.288,1.0,15.615634177955666,0.0839008261417282,7.245578823877523e-06,-0.0775416389542632,-0.0118616183744261,0.0060170951182759,0.474715156272375,17.701403904034684,28.543451634416737,1.714204335915674
14.64,31.22091821189175,131.01229626201345,110.32469054659092,-0.4319004734621312,0.1730483702741366,1.640088129001302,-0.4630529313728495,-0.0523716474817832,0.0,28.519173006926724,10.97229983226614,-78.50165768668883,-21.457799326522125,105.9812900655722,492.9216859196642,15.288,1.0,15.609059149014987,0.0839120578538918,7.224441060357194e-06,-0.0768882486390983,-0.0116090014940846,0.0059673709108145,0.4652775410750544,17.6925888897869,28.546355340038943,1.7050072954694173
14.65,31.22091769494564,131.01229527333624,110.04564699164852,-0.4240599229282447,0.1665903295127005,1.6299021380747023,-0.4662662314953347,-0.0465276218850571,0.0,28.52307086825318,10.985427399747287,-78.54490978450858,-21.50676552977436,106.03125883862045,493.06967659936976,15.288,1.0,15.602447923472912,0.0839232617628411,7.203406613779489e-06,-0.0762458091558188,-0.0113653863696829,0.0059184782798713,0.4556079996838741,17.683707827587643,28.54923877915104,1.6959215777657957
14.66,31.22091717847628,131.01229428271384,109.76651105474916,-0.4160474986480777,0.1600564762406501,1.619844380889551,-0.4692533660966656,-0.0409347564477888,0.0,28.52696525778333,10.99850826561323,-78.58776324956031,-21.55607302156836,106.08156818972908,493.2175775400463,15.288,1.0,15.5958345080426,0.0839344552992228,7.182471927548039e-06,-0.075614587662039,-0.0111308783202643,0.0058704396489776,0.4457725277023547,17.674752651706182,28.552106837579547,1.6869410760835555
14.67,31.220916662482104,131.01229329015536,109.4872832028751,-0.4078694763873099,0.1534520327418808,1.6099184306148346,-0.472011735127757,-0.0355993192996667,0.0,28.53085602500965,11.011542165063632,-78.63022596558558,-21.60570813828814,106.13220417598484,493.36538346117607,15.288,1.0,15.589218913781105,0.0839456380207063,7.161633404889006e-06,-0.074994819466369,-0.0109055795638092,0.0058232737008932,0.4357804933208521,17.6657290204521,28.554960185130174,1.6780642844856237
14.68,31.220916146961567,131.01229229566982,109.20796390599152,-0.3995322492469809,0.1467822652305295,1.600127757892827,-0.4745389308566045,-0.0305273479068139,0.0,28.534743021347456,11.024528840074982,-78.67230596970344,-21.65565705886633,106.1831526998785,493.5130891448735,15.288,1.0,15.582601151718569,0.0839568094906339,7.14088741230447e-06,-0.0743867311355653,-0.0106895850456443,0.0057769984522313,0.4256415186113637,17.656642632323738,28.557799500433795,1.6692896565449264
14.69,31.220915631913087,131.0122912992663,108.9285536281008,-0.3910423224888505,0.1400524795796776,1.5904757280199655,-0.4768327396482542,-0.0257246443318361,0.0,28.53862610013644,11.037468039530006,-78.71401144630131,-21.70590582229121,106.23439952703504,493.660689437086,15.288,1.0,15.575981232912048,0.0839679692780042,7.120230282850446e-06,-0.0737905403278262,-0.0104829823750307,0.0057316312398864,0.415365490212965,17.647499220829488,28.560625470277024,1.660615626912832
14.7,31.22091511733511,131.01229030095385,108.64905283022432,-0.3823154593822005,0.1332841325649535,1.580970938880795,-0.4788957788654532,-0.0212230874167293,0.0,28.54249705786856,11.050359451616828,-78.75535072248726,-21.75644035050012,106.28593030942731,493.8079004005734,15.288,1.0,15.569312432258911,0.0839790932465827,7.0996583217703145e-06,-0.0732064842533408,-0.0102858467270563,0.0056871893256547,0.4048820900233661,17.638323380806636,28.563433261571404,1.6520474254815658
14.71,31.22091460322608,131.01228930074151,108.36946197537296,-0.3733745205097196,0.126479715136053,1.5716182632841091,-0.4807262252202062,-0.017027996280486,0.0,28.546357294367567,11.063202488543345,-78.79633231113489,-21.80724662088585,106.3377307611022,493.9547702582752,15.288,1.0,15.562602663103288,0.0839901855157307,7.079167839417804e-06,-0.0726349360619288,-0.0100982202674384,0.0056437024946027,0.394214947028109,17.62911759364639,28.566224665426915,1.643584990732136
14.72,31.220914089584443,131.01228829863837,108.08978152755256,-0.3643020798928692,0.1196311821618904,1.5624170653586906,-0.4823188340331084,-0.0131238827362801,0.0,28.55021341001508,11.075996876459648,-78.83696491159003,-21.85831071126396,106.3897867037808,494.1015272709429,15.288,1.0,15.55589074267056,0.0840012655059882,7.058755142169904e-06,-0.0720761138643127,-0.0099201633298814,0.0056011895116321,0.383441563081167,17.6198719833072,28.56900501851219,1.6352219360335147
14.73,31.22091357640865,131.0122872946535,107.8100119418242,-0.3551051636927453,0.1127439333845921,1.5533702394649715,-0.483672174360694,-0.0095155220176792,0.0,28.554065263329417,11.08874239526777,-78.87725734710854,-21.90961864578408,106.4420839095538,494.2481664550312,15.288,1.0,15.549176681915348,0.0840123328016034,7.038416515406478e-06,-0.0715301965681038,-0.0097517339487773,0.0055596647516788,0.3725730922119929,17.610592355856717,28.571775027543453,1.6269567966807028
14.74,31.220913063697143,131.01228628879602,107.53015368219604,-0.3457908815579455,0.1058233868432552,1.5444805587697588,-0.4847850149123369,-0.0062074288714953,0.0,28.55791271474604,11.101438832516491,-78.91721855487593,-21.961156402581704,106.49460810852618,494.3946828900122,15.288,1.0,15.542460491874042,0.0840233869924752,7.018148226885891e-06,-0.070997353274211,-0.0095929826254417,0.0055191418367616,0.3616210544306572,17.60128452614739,28.574535404029483,1.6187882008695567
14.75,31.2209125514484,131.01228528107492,107.2502071997553,-0.3363664205181303,0.098874974599063,1.53575067283268,-0.4856563248258114,-0.0032038542937702,0.0,28.56175562658224,11.114085983502529,-78.95685757916237,-22.012909931408988,106.54734500663218,494.54107171775536,15.288,1.0,15.53574218350128,0.0840344276740383,6.997946530072692e-06,-0.0704777431573217,-0.0094439523003721,0.0054796336259904,0.350597371839095,17.591954312757306,28.57728686356473,1.6107148908579938
14.76,31.220912039660835,131.0122842714993,106.97017295453676,-0.3267377818126036,0.0919220597912665,1.5271889886424603,-0.4862904626419344,-0.0005382487273756,0.0,28.5655851360472,11.126683568456272,-78.99618356672234,-22.064865178723608,106.60028031104244,494.6870258814977,15.288,1.0,15.528969675109344,0.0840454287707894,6.9778076703832015e-06,-0.0699715507821703,-0.0093046720938971,0.0054411532988255,0.3394217900256638,17.582628635746094,28.580024213240197,1.602742933473419
14.77,31.220911528332937,131.01228326007825,106.69005139564187,-0.3169468390350727,0.0849639577593658,1.5187987194648735,-0.4866858990373856,0.0017907756316733,0.0,28.569404200270863,11.139231044058816,-79.03520581323522,-22.117008278489177,106.65339992435948,494.8326475777909,15.288,1.0,15.522160323166656,0.0840563989839215,6.957727919098656e-06,-0.0694790917034412,-0.0091751386809156,0.0054037265138489,0.3281373176855236,17.57330616396935,28.582750302655363,1.5948717570536295
14.78,31.220911017463184,131.0122822468208,106.40984297913133,-0.3070687761012202,0.0779941130934832,1.5105788858312044,-0.4868389496149024,0.0037982709835661,0.0,28.573218547022712,11.151728195960516,-79.0739337556287,-22.169325572760588,106.70668996532429,494.9781350619362,15.288,1.0,15.51534885859604,0.0840673551662163,6.937703561082554e-06,-0.069000516870915,-0.0090553683096071,0.0053673666434662,0.3168189651712397,17.563978589575946,28.585469829874967,1.5870964558096805
14.79,31.22091050705004,131.01228123173604,106.1295481521211,-0.2971111604350406,0.0710179482462195,1.5025315966118935,-0.4867493808471708,0.0054811146686088,0.0,28.577028043734863,11.164174853639084,-79.11237691103112,-22.22180345758193,106.7601366116185,495.123483645334,15.288,1.0,15.508535292438433,0.0840782969281671,6.917730879304644e-06,-0.0685359430788965,-0.0089453738130866,0.005332083285757,0.3054808429681128,17.554651677296256,28.58818351410257,1.5794164115869507
14.8,31.22090999709197,131.012280214833,105.84916736769226,-0.2870816057483556,0.0640408783026746,1.4946588233740654,-0.4864171600259023,0.0068364657764628,0.0,28.58083255969024,11.1765708549118,-79.15054486712526,-22.274428392307925,106.81372610919264,495.2686887004662,15.288,1.0,15.501719635569147,0.0840892238857207,6.897806158227364e-06,-0.0680854765406628,-0.008845160447422,0.0052978852213181,0.2941378046626646,17.545331170103477,28.590892075235924,1.5718312215762615
14.81,31.22090948758749,131.01227919612077,105.5687010719693,-0.2769877663455204,0.057068306619547,1.4869623984530875,-0.4858424549733937,0.0078617671475167,0.0,28.584631966051248,11.188916046003996,-79.18844727478019,-22.3271869161986,106.86744478900212,495.4137456626543,15.288,1.0,15.49490189891872,0.0841001356603483,6.87792568706933e-06,-0.0676492128203824,-0.008754725899979,0.0052647804072433,0.2828055674032704,17.536022784255383,28.59359623321048,1.5643407150779571
14.82,31.22090897853509,131.01227817560832,105.28814970908928,-0.26670802020853,0.0501284586307506,1.4794515973974072,-0.4850323337589003,0.0085166851088537,0.0,28.58841531075297,11.201210145948496,-79.22609384613358,-22.38006568311096,106.92127910216252,495.5582747393665,15.288,1.0,15.488015541895098,0.0841110000301268,6.858085768558896e-06,-0.0672272964578009,-0.008674049797834,0.0052327786359821,0.27137798779288,17.526759340702952,28.59628946961692,1.5569540544789973
14.83,31.220908469933235,131.01227715330467,105.00751372816076,-0.2563384178301412,0.0432110827849782,1.4721259347752689,-0.4839837577272805,0.0088197047543855,0.0,28.5921899862282,11.213452685513523,-79.2634944085287,-22.43305168376244,106.97521584601084,495.7025319733561,15.288,1.0,15.481105554972483,0.0841218387453726,6.8382827533909165e-06,-0.0668199706648079,-0.0086030849726791,0.0052019007735385,0.2599549377747495,17.517528029715496,28.598977566596304,1.5496686203100754
14.84,31.22090796178048,131.01227612921892,104.7267935693476,-0.2459288068975943,0.0363140827965417,1.464984777510296,-0.4826954473185138,0.0087807440819174,0.0,28.59595939898953,11.225643526108868,-79.30065887387882,-22.48613218993467,107.02924210703893,495.846635341057,15.288,1.0,15.474193494254347,0.0841326618290842,6.818513019182875e-06,-0.0664273076349488,-0.0085418049523085,0.0051721536260527,0.2485954194521009,17.508325640500786,28.601663601394407,1.5424825427425568
14.85,31.220907454075327,131.01227510336008,104.4459896708261,-0.2354870724325842,0.0294427502250196,1.4580293593423204,-0.4811683575441348,0.0083984411026668,0.0,28.599723425173263,11.237782550544168,-79.33759718709666,-22.53929462507084,107.08334512897012,495.9905804436432,15.288,1.0,15.46727937050486,0.0841434689173728,6.798772960235645e-06,-0.0660493581187259,-0.0084901776565868,0.0051435416825432,0.2373205257491051,17.499157715037917,28.60434828136014,1.535396735315942
14.86,31.220906946816303,131.0122740757371,104.16510247375636,-0.2250211080640849,0.0226023439870713,1.451260763988836,-0.4794036392205702,0.0076717282375494,0.0,28.603481942794087,11.249869650457148,-79.37431931766238,-22.59252657660519,107.13751232514548,496.1343629442982,15.288,1.0,15.460363194655953,0.0841542596518909,6.779058990794966e-06,-0.0656861618232157,-0.0084481636007267,0.0051160685740711,0.2261534045765676,17.490029744797763,28.607032310593187,1.5284124148296943
14.87,31.220906440001954,131.012273046359,103.88413241830555,-0.2145370294191669,0.0157984001459921,1.4446800141688765,-0.4774027262568421,0.0065993295971915,0.0,28.60723468626844,11.261904726346952,-79.41083525196241,-22.645815810569072,107.19173129322574,496.2779735217471,15.288,1.0,15.45344406354978,0.0841650332518079,6.75936754814499e-06,-0.0653377473975349,-0.0084157159391929,0.005089737045988,0.2151179334049526,17.480947542419848,28.60971629312885,1.521531221344992
14.88,31.220905933630807,131.01227201523474,103.60307994066524,-0.2038727240538303,0.0090660652179174,1.4382981851035128,-0.47517613191163,0.0051297709307062,0.0,28.610967720203224,11.273887439847243,-79.44715500049101,-22.699150337057706,107.2459898816305,496.420928486406,15.288,1.0,15.446434421723875,0.0841757487186405,6.739695107874449e-06,-0.065004244548034,-0.0083927607834624,0.0050645552985336,0.2040742041617006,17.471952447159314,28.61239181439156,1.514767421144368
14.89,31.22090542770144,131.01227098237328,103.32194547305323,-0.1932089133390946,0.0023799912888024,1.432109106862797,-0.4727175971693339,0.0033082464124208,0.0,28.61469511386853,11.285817466434366,-79.48328865391363,-22.752518646228776,107.3002764293956,496.5637158002088,15.288,1.0,15.439422733858132,0.0841864474461043,6.720038212282232e-06,-0.0646857903519245,-0.0083792137478274,0.0050405370925669,0.1932235713637302,17.46301331350369,28.61506896202585,1.5081145066364265
14.9,31.22090492221241,131.01226994778355,103.04072944768748,-0.1825535903780558,-0.0042547561179257,1.4261132290607703,-0.4700290335800859,0.0011349096504763,0.0,28.61841674976116,11.29769473785404,-79.51924632145358,-22.805909541548008,107.35457959628968,496.70633127606845,15.288,1.0,15.432409010770808,0.0841971290890425,6.700393440893024e-06,-0.0643823786845108,-0.0083750065110309,0.0050176824968067,0.1826031660404851,17.45413536690237,28.617748414233628,1.5015750139537756
14.91,31.220904417162327,131.0122689114745,102.75943229579374,-0.1719147281887235,-0.0108331647689154,1.420310843104428,-0.4671125395274611,-0.0013897860110112,0.0,28.622132512594327,11.309519192742444,-79.55503809745707,-22.85931206511532,107.4088882866804,496.8487708015281,15.288,1.0,15.425393263166892,0.0842077933088206,6.680757407482148e-06,-0.0640939922077764,-0.008380063657314,0.0049959907050999,0.1722557136217218,17.445323759905094,28.620430843061808,1.495151814074063
14.92,31.220903912549744,131.0122678734551,102.4780544466102,-0.161300269379476,-0.0173502788943499,1.41470208201515,-0.4639703983906544,-0.0042650895217625,0.0,28.62584228891531,11.321290778829487,-79.59067405366166,-22.9127155100512,107.4631916619795,496.9910303256024,15.288,1.0,15.418375501836325,0.0842184397722003,6.661126762948922e-06,-0.0638206024015,-0.0083943027487034,0.0049754600380406,0.1622307254620607,17.436583569138346,28.623116913521358,1.4888481126123683
14.93,31.22090340837329,131.01226683373417,102.19659632937667,-0.1506541992568665,-0.0237899537603376,1.4092902754526817,-0.4606083149279519,-0.0075083576645203,0.0,28.629540897205224,11.333009422112328,-79.62616423183445,-22.966109433689407,107.51747915390688,497.1329297876069,15.288,1.0,15.411322881060576,0.0842290532355321,6.641498198848298e-06,-0.0635621816695213,-0.0084176322797396,0.0049560880085312,0.1525209767526844,17.427933408884947,28.625803980114465,1.4826717356519212
14.94,31.220902904631583,131.0122657923205,101.91505836538192,-0.1399364934100296,-0.0301389430835999,1.40408026730561,-0.4570321410847884,-0.0111364747701836,0.0,28.63322452658288,11.344674720860382,-79.66151867476478,-23.019483806792536,107.57174061602583,497.2743366227803,15.288,1.0,15.404210418795545,0.0842396224878041,6.621868475035326e-06,-0.0633188559917293,-0.0084499249110352,0.0049378843533327,0.1431452977631153,17.41938846580574,28.62849031269229,1.476632586695772
14.95,31.22090240132324,131.0122647492231,101.63344097889762,-0.1292678929263663,-0.0364123626722845,1.3990669691485649,-0.4532393489224174,-0.0151173959751649,0.0,28.636902060796988,11.356286552713255,-79.69674745247235,-23.07282914962977,107.62596646184436,497.4155591891849,15.288,1.0,15.397095949005315,0.0842501736659316,6.6022344253618354e-06,-0.0630906207432413,-0.0084910675718108,0.0049208508167723,0.1342983471519873,17.41092954639623,28.63118242062844,1.4707286722013815
14.96,31.22090189844692,131.01226370445076,101.35174459419676,-0.1186562910255615,-0.0426055435828001,1.39424985242675,-0.4492329293226645,-0.0194491467290254,0.0,28.640573391157066,11.367844904106148,-79.73186058875085,-23.126136312830017,107.68014744182013,497.5565935963125,15.288,1.0,15.38997948233236,0.0842607064506898,6.582592932196999e-06,-0.0628774014676087,-0.0085409508702988,0.0049049821313975,0.1260735703799813,17.402561362566786,28.633880928637737,1.464964554208846
14.97,31.22090139600128,131.0122626580123,101.06996962859532,-0.1081095181227396,-0.0487138916450474,1.3896282266060536,-0.445016044888309,-0.0241294581170365,0.0,28.64423841076354,11.379349770637823,-79.7668680454693,-23.17939645888587,107.73427462440992,497.69743601331487,15.288,1.0,15.382861029390453,0.0842712205281338,6.56294092787115e-06,-0.0626791126275653,-0.0085994588685313,0.0048902721607611,0.1185778576794821,17.394288532137026,28.63658645147944,1.459345099398131
14.98,31.220900893985,131.01226160991644,100.7881165013984,-0.0976353356078545,-0.0547328909530814,1.3852012395296245,-0.4405920270588545,-0.0291557693122004,0.0,28.6478970144897,11.390801157030692,-79.80177971499758,-23.232601071608386,107.78833940553838,497.8380826692485,15.288,1.0,15.375740600707324,0.0842817155895287,6.543275397221082e-06,-0.0624956576910281,-0.0086664691862724,0.0048767139054306,0.1119300907359583,17.386115575681256,28.639299593390884,1.4538754648134156
14.99,31.220900392396725,131.01226056017202,100.50618562694194,-0.0870967190908819,-0.0606326848567154,1.3809760088354508,-0.4359719216958808,-0.0345681428551157,0.0,28.651537960877786,11.402198913394296,-79.83660541988115,-23.285741991412248,107.84233354430955,497.97814268081424,15.288,1.0,15.368543721671887,0.0842921585633182,6.523593386512722e-06,-0.0623270015632572,-0.0087418403856849,0.004864303264279,0.1061233156188746,17.37807800812294,28.64201380278976,1.448572127989056
15.0,31.220899891235216,131.0122595087877,100.22417742055752,-0.0766129187781515,-0.0664285539021583,1.376948496387899,-0.4311546239790892,-0.0403363736836487,0.0,28.6551698667334,11.413542727827892,-79.87135497094155,-23.33881166571007,107.89624941722552,498.1179153236953,15.288,1.0,15.361327342494352,0.0843025748007295,6.503892037471832e-06,-0.0621731973084027,-0.0088254074058012,0.0048530463962869,0.1014016245799714,17.37015625387504,28.644735296224717,1.4434363493155467
15.01,31.22089939049915,131.01225845577227,99.94209229360096,-0.0662257225134575,-0.072122259056431,1.3731157885465748,-0.4261422760361128,-0.046447514664151,0.0,28.65879527075868,11.424832627680448,-79.90603812814923,-23.39180304686388,107.95007991427072,498.25748871253535,15.288,1.0,15.354108993928396,0.0843129717711411,6.484168563377972e-06,-0.0620341214629124,-0.0089170282597273,0.0048429346374853,0.0979155976189398,17.362347173591502,28.647466335789872,1.4384719600324494
15.02,31.22089889018728,131.01225740113435,99.6599306554417,-0.0559426931566674,-0.0777096548805099,1.369476365536174,-0.4209388432480662,-0.0528978155143164,0.0,28.662414072460816,11.436068656246668,-79.94066455173427,-23.444709449311663,108.0038182935962,498.39685923317967,15.288,1.0,15.346888686405288,0.0843233491794571,6.464420238719302e-06,-0.06190963273115,-0.0090165562620196,0.0048339574750644,0.0957516237976853,17.354654842688795,28.65020747215892,1.4336851831568098
15.03,31.22089839029836,131.01225634488267,99.37769291743837,-0.0457712938806056,-0.083186690452186,1.3660285470377358,-0.4155484425467108,-0.0596832445064062,0.0,28.66602617310741,11.447250865816455,-79.9752437944591,-23.49752455482677,108.05745818672992,498.5360233307279,15.288,1.0,15.339666430385352,0.0843337067357637,6.444644401499304e-06,-0.0617995791907091,-0.0091238389118756,0.004826103558534,0.0949475399385575,17.347083224928486,28.65295924291812,1.4290824290781257
15.04,31.22089789083116,131.01225528702577,99.09537948200392,-0.0356553396965871,-0.0885382647874583,1.362773700423335,-0.4099785620328957,-0.0668178207902831,0.0,28.66962670615064,11.458379287969928,-80.0097852947559,-23.550242420166065,108.11099360621506,498.67481158734665,15.288,1.0,15.33240957422364,0.0843440301235673,6.42483845600526e-06,-0.0617038099332112,-0.0092387160027689,0.0048193608065091,0.0954480307219568,17.33964991968041,28.655719153574733,1.424675121235446
15.05,31.220897391784447,131.01225422757227,98.8129907555292,-0.0255483150904783,-0.0937511048985891,1.3597151109168355,-0.404237137469262,-0.0743170300117417,0.0,28.673211636904504,11.469453614751908,-80.04429840832475,-23.60285762937202,108.16441910011632,498.8130834248228,15.288,1.0,15.325090107139967,0.0843543074738329,6.404999899295647e-06,-0.0616223332789297,-0.0093609919656391,0.0048137297112262,0.0971698795423163,17.332370362622104,28.658485254355057,1.4204773377687838
15.06,31.22089689315704,131.01225316653083,98.53052713844168,-0.0155758136841927,-0.0988422492973576,1.3568458911508192,-0.3983230989496198,-0.0821440782568923,0.0,28.67678979972444,11.48047382029506,-80.07879243749936,-23.65536544158475,108.21772990188867,498.95114600060367,15.288,1.0,15.317768697881302,0.0843645647772461,6.385126328136882e-06,-0.0615550274677158,-0.0094904869131865,0.0048092027607983,0.1000619606930376,17.32522256997481,28.66126370321267,1.4164885149842774
15.07,31.22089639494774,131.0122521039099,98.24798903216364,-0.0057449824013997,-0.1038080787082928,1.3541637062071568,-0.3922411225075205,-0.0902937993177064,0.0,28.68036110037381,11.491439994607488,-80.11327655670345,-23.70776154535624,108.2709216807207,499.08899591282335,15.288,1.0,15.310445356778205,0.0843748017571192,6.365215411719933e-06,-0.0615016977787402,-0.0096270267656195,0.0048057652318002,0.1039669273950751,17.31821000773821,28.66405497442221,1.412715615964476
15.08,31.22089589715541,131.01225103971802,97.96537683513684,0.0039371608445725,-0.108645082428402,1.3516660658315507,-0.3859960156026966,-0.0987607617620478,0.0,28.68392544633008,11.502352236400984,-80.14775979694146,-23.76004203063233,108.32399051295648,499.22662981731565,15.288,1.0,15.303120094102376,0.0843850181418129,6.345264892029218e-06,-0.0614621394444354,-0.0097704323660393,0.0048034016052666,0.1087163978127371,17.311336019349902,28.66685952691692,1.4091656274709226
15.09,31.22089539977888,131.0122499739636,97.68269094480968,0.0134637320919416,-0.1133498609750629,1.3493503266143128,-0.3795927129651462,-0.1075392737480949,0.0,28.68748274680217,11.513210652980144,-80.1822510391174,-23.812203392865506,108.37693288614706,499.3640444286455,15.288,1.0,15.295792920272673,0.0843952136647801,6.325272585632395e-06,-0.0614361378308915,-0.0099205196329781,0.0048020955802034,0.1141466724375603,17.304603823900447,28.669677803890057,1.405845520343064
15.1,31.220894902817008,131.01224890665512,97.39993175266788,0.0230084310545028,-0.1178875218636036,1.347223829638542,-0.3730458054139399,-0.1166776271768225,0.0,28.69101977827826,11.52401511030445,-80.216759021697,-23.864242591994827,108.42974575878014,499.5007791872057,15.288,1.0,15.288370911605629,0.0844053494246749,6.305236396368018e-06,-0.0614235810132535,-0.0100770799632879,0.0048018366754472,0.1201118435611437,17.298055862141712,28.672502062711956,1.40277898785464
15.11,31.220894406268734,131.012247837801,97.11709965318003,0.0323864737993593,-0.1222861223902999,1.34527746974227,-0.3663522570402834,-0.1261229256749798,0.0,28.6945495587932,11.53476545868464,-80.25129240191075,-23.91615732160088,108.48242683324116,499.6372871068489,15.288,1.0,15.28094524633578,0.0844154637197085,6.285154345131312e-06,-0.0614243806293377,-0.0102398943430206,0.0048026206371046,0.126502086236006,17.29165633879931,28.6753409141896,1.3999615849070612
15.12,31.220893910132936,131.01224676740955,96.8341950338578,0.0415878816991848,-0.126543228960274,1.343507980152626,-0.3595171821564572,-0.1358677305375007,0.0,28.69807224797737,11.545461835208457,-80.28585969570658,-23.967945809420645,108.53497435315488,499.773573619249,15.288,1.0,15.273517676049856,0.0844255570200428,6.265024539359092e-06,-0.0614382923636774,-0.0104087650965218,0.0048044288569319,0.1332018689340869,17.28540732314828,28.67819490021417,1.3973998487193702
15.13,31.220893414408543,131.0122456954892,96.55121828420172,0.0506062184899968,-0.1306559349094413,1.3419120993188014,-0.3525459708131172,-0.1459053082307607,0.0,28.701587759344843,11.556104383081363,-80.32046924244683,-24.019606707840456,108.58738699211897,499.90963558610406,15.288,1.0,15.266088210913736,0.0844356290717976,6.244845166685996e-06,-0.0614650621556429,-0.010583490388901,0.0048072419103982,0.140114090073732,17.27931149197034,28.6810643908692,1.3951003916581306
15.14,31.22089291909452,131.01224462204814,96.26816978874324,0.0594352084946237,-0.1346214559240822,1.340486422736329,-0.3454441174164175,-0.1562286872463173,0.0,28.70509600808178,11.566693253622002,-80.35512919883197,-24.071139095828084,108.63966385554346,500.04546992570914,15.288,1.0,15.258656861093316,0.0844456796260154,6.224614496356821e-06,-0.0615044268958119,-0.0107638643116211,0.0048110396520794,0.1471579896004436,17.273371390934308,28.68394973869101,1.3930695928476635
15.15,31.2208924241898,131.01224354709464,95.98504993300902,0.0681998390805465,-0.1384141970712709,1.3392342629427985,-0.3382240261037628,-0.166869428931976,0.0,28.708587610933623,11.57722847744532,-80.38984753752369,-24.12254249867064,108.69180450055026,500.18074954725904,15.288,1.0,15.251156171394388,0.0844556810793393,6.2043308847255e-06,-0.0615561704516583,-0.0109496672526495,0.0048158040382085,0.1543039174905106,17.267618183419692,28.68684558084784,1.3913264567260493
15.16,31.22089192969341,131.01224247063695,95.70185909954486,0.0768176062098821,-0.1420450325078929,1.338151288644439,-0.3308884586759475,-0.1778034650186035,0.0,28.71206803618313,11.587709840680004,-80.42463210545806,-24.173817147240623,108.7438091987814,500.31566475025096,15.288,1.0,15.243625037771531,0.0844656495192666,6.183992809024185e-06,-0.0616202036072142,-0.0111406520748832,0.0048215294314955,0.1614859863730599,17.262037428896384,28.689755677508906,1.3898741365887555
15.17,31.22089143560435,131.01224139268325,95.41859766890896,0.0852269587182114,-0.1455213177777642,1.3372313369740976,-0.3234404783338912,-0.1890076964423171,0.0,28.715541170527807,11.59813749974085,-80.45949060135443,-24.22496391838389,108.79567887570866,500.4503508203784,15.288,1.0,15.236092025738357,0.0844755963803751,6.163598848877288e-06,-0.0616962514240235,-0.0113365992588297,0.0048281953917711,0.168641847717309,17.256619052650397,28.69268275995978,1.3887135417085916
15.18,31.220890941921624,131.01224031324165,95.13526601867932,0.0934221661303273,-0.1488408012815448,1.3364704338484787,-0.3158859393200715,-0.2004742093139825,0.0,28.719006933280458,11.608511639654852,-80.49443051880786,-24.27598413233684,108.8474149050057,500.58480481803775,15.288,1.0,15.228557145108912,0.084485521425838,6.143147669572912e-06,-0.0617840150291655,-0.0115372886995249,0.0048357789264184,0.1757306621440321,17.251365035629185,28.6956271011834,1.387849795839352
15.19,31.22089044864431,131.01223923232027,94.85186452146392,0.1013976814356899,-0.1520013623997278,1.3358644763594865,-0.3082307754941799,-0.2121948784803265,0.0,28.72246524542464,11.61883245293929,-80.52945913974129,-24.3268795480325,108.89901910366608,500.71902385998806,15.288,1.0,15.221020405999228,0.0844954244237549,6.1226380230749785e-06,-0.06188318749614,-0.0117424971438596,0.0048442563973945,0.1827180337341684,17.24627722400524,28.698588955259048,1.3872875608950832
15.2,31.22088995577144,131.01223814992713,94.5683935528544,0.1092449167907078,-0.1549841028906784,1.335414017033932,-0.3004859646516438,-0.2241896778888762,0.0,28.725909340968204,11.62910007126744,-80.56458353072122,-24.377652369002,108.9504937378638,500.8527718792224,15.288,1.0,15.213432043415205,0.0845052854706163,6.102068750624751e-06,-0.0619934823492461,-0.0119519934169627,0.0048536046223461,0.1896167051866061,17.241378651504544,28.70156452470323,1.3870412479502006
15.21,31.22088946330213,131.01223706607027,94.28485348645528,0.1169536451708171,-0.15778806387537,1.3351174728701205,-0.292658271449906,-0.2364540139416765,0.0,28.72933960009724,11.639314292465244,-80.59981059076173,-24.42830546130532,109.00184174373209,500.98606190240207,15.288,1.0,15.205794211795457,0.0845151056855787,6.0814388129875656e-06,-0.0621147774510865,-0.0121655133998463,0.0048638144734605,0.1964056863762193,17.23666982787401,28.704554340311425,1.3871186073729507
15.22,31.22088897123547,131.01223598075768,94.0012446899077,0.1244259417845802,-0.160427771847619,1.334966750314435,-0.2847493714991224,-0.2489537391323287,0.0,28.732762397081498,11.649475270861291,-80.63514706023456,-24.47884241620208,109.05306679066436,501.1191160466329,15.288,1.0,15.19815452775528,0.0845249038209398,6.060747285416537e-06,-0.0622467803307527,-0.0123828190248969,0.0048748644926544,0.2030242461139288,17.23213172714494,28.707562494535814,1.3875144659578131
15.23,31.220888479570604,131.01223489399726,93.71756752886613,0.1316568896760118,-0.1629016678920492,1.3349572403830898,-0.2767654568383521,-0.2616799016612926,0.0,28.736177656858647,11.659583229948284,-80.67059945165853,-24.529267287329613,109.10417301470927,501.25193156530486,15.288,1.0,15.190513001113164,0.0845346796564235,6.039993332904857e-06,-0.0623891526151241,-0.0126036766627726,0.0048867285239861,0.2094527232934771,17.227765621139977,28.71058915717793,1.388231364968981
15.24,31.220887988306668,131.01223380579688,93.43382237296156,0.1386417757927333,-0.1652083297430019,1.3350842230569426,-0.2687127731678246,-0.274623369332673,0.0,28.73958530596923,11.66963839995484,-80.70617404096944,-24.57958457207647,109.1551649995628,501.38450576609625,15.288,1.0,15.18286964184052,0.0845444329764775,6.01917621019462e-06,-0.0625415490290302,-0.0128278505168162,0.0048993798542586,0.2156740154526515,17.223572646489533,28.71363447817755,1.3892711873866574
15.25,31.22088749744285,131.0122327161644,93.15000958387448,0.1454539571132721,-0.1673328818463266,1.335346560695431,-0.2606015875453587,-0.2877974814574537,0.0,28.74298003084244,11.67964097512402,-80.74187686384359,-24.629799212702554,109.20604777757772,501.5166530934703,15.288,1.0,15.175184420193784,0.0845541481505411,5.998295263150089e-06,-0.0627036345757727,-0.0130550998532941,0.0049127916628425,0.2217139752804153,17.219571023033538,28.716695480591994,1.3906441007409232
15.26,31.220887006978327,131.01223162510763,92.8661295183156,0.1521246715146653,-0.1692679858664208,1.3357438527981456,-0.2524409454908015,-0.3012082268104528,0.0,28.746359468572496,11.68959078732508,-80.77771375677686,-24.679916786849294,109.25682702264716,501.64829086782765,15.288,1.0,15.167438642915124,0.0845638182282892,5.977349955523206e-06,-0.0628752492011694,-0.0132851503653584,0.0049269513169831,0.2275818520815249,17.2157695066716,28.719770954204744,1.392359316824009
15.27,31.22088651691232,131.0122305326343,92.5821825419432,0.1585351952858785,-0.1710326488208063,1.336266832722806,-0.2442317512623199,-0.3148148080162584,0.0,28.749731300002807,11.699487993882451,-80.81369038356145,-24.729943641254856,109.30750918545256,501.7796869568601,15.288,1.0,15.1596910388586,0.0845734658053188,5.956339872039097e-06,-0.0630560832647658,-0.0135177513595037,0.00494183617303,0.2332069905783101,17.212143490569662,28.72286559424867,1.3944054503285668
15.28,31.22088602724403,131.01222943875212,92.298169010476,0.1646815163352617,-0.1726260276850291,1.3369103511486191,-0.2359804030026415,-0.3286073958927464,0.0,28.75309545544077,11.709332852786016,-80.84981216169139,-24.779886598501232,109.35810119614774,501.910838798897,15.288,1.0,15.151941617752655,0.0845830906771514,5.935264689418526e-06,-0.0632457649229,-0.0137526606671013,0.0049574173750896,0.2385784256718939,17.20869353913001,28.725979463445466,1.396781607211745
15.29,31.22088553797276,131.01222834346882,92.01408927863996,0.1705598431214833,-0.1740474188742481,1.337669168638658,-0.2276933258123561,-0.3425760149464977,0.0,28.75645186673355,11.719125627891056,-80.8860842517074,-24.82975292486112,109.40861043164983,502.0417438847503,15.288,1.0,15.1441903893877,0.0845926926438418,5.914124175218134e-06,-0.0634439167134221,-0.0139896349680861,0.0049736656090336,0.2436864268344082,17.205420083853756,28.72911260415409,1.3994861133153673
15.3,31.220885049097745,131.01222724679187,91.72994369817984,0.1762413545411223,-0.175283225294802,1.338541419262399,-0.2193807770788746,-0.3567322891249364,0.0,28.75979556798763,11.728866550030093,-80.92251155437609,-24.879550330129955,109.459044715339,502.1722286664354,15.288,1.0,15.136398924394951,0.0846022570978293,5.892918188686281e-06,-0.0636501710796129,-0.0142284273226696,0.0049905514692681,0.2485661425429278,17.20233999160641,28.73226218629157,1.4025259293635342
15.31,31.2208845606183,131.01222614872896,91.44573262183508,0.181767174197048,-0.1763252795467826,1.3395265894868242,-0.2110523811685769,-0.3710840335645893,0.0,28.763123677711377,11.738555479430012,-80.95909875151133,-24.92928715759208,109.50941250928756,502.302192298027,15.288,1.0,15.12854393546888,0.0846117755633803,5.8716467064087455e-06,-0.0638643393689157,-0.0144687578078846,0.0050080599130248,0.2532386335473226,17.199463301171996,28.735426611286726,1.4059082301152144
15.32,31.22088407253373,131.0122250492875,91.16145639837016,0.187013708690263,-0.1771943087530284,1.3406148807193647,-0.202708870415526,-0.3855881442690898,0.0,28.7664440626924,11.74819259533114,-80.99585033694355,-24.97897253640401,109.55972306833792,502.4319093336888,15.288,1.0,15.120687145061051,0.0846212711827139,5.850309827106753e-06,-0.064086088612407,-0.0147103704343537,0.0050261664399097,0.2576273253981122,17.196763350865343,28.738610490128845,1.4096160333765417
15.33,31.2208835848434,131.0122239484751,90.8771153735686,0.1919779232888907,-0.1778901943655524,1.3418007120147186,-0.1943567146210647,-0.400234089672863,0.0,28.7697566583317,11.757778185723812,-81.03277054254718,-25.028616073367825,109.60998612776376,502.56137738807,15.288,1.0,15.112828562680356,0.0846307437663303,5.8289077413202e-06,-0.0643150201155855,-0.0149530196159736,0.0050448400062536,0.261725669083464,17.194240012535328,28.741813776836533,1.4136445839806289
15.34,31.22088309754664,131.01222284629918,90.59270989420872,0.1966570162563722,-0.1784129571736733,1.3430784357448795,-0.1860023836019602,-0.4150112284868928,0.0,28.773061401519616,11.767312543496276,-81.06986332774842,-25.07822781561428,109.66021186534402,502.690594126314,15.288,1.0,15.10496819792986,0.0846401931291218,5.807440729565609e-06,-0.0645507309546092,-0.015196459645202,0.005064049217975,0.2655278522707358,17.191893029740662,28.745036405031517,1.4179883254239871
15.35,31.220882610642818,131.01222174276705,90.30824030309336,0.2011362047189123,-0.1787474660625548,1.3444463829511923,-0.177656836828545,-0.4299344841520485,0.0,28.7763526308341,11.776795912350885,-81.10713237813955,-25.127818251803863,109.71041090244393,502.8193615706186,15.288,1.0,15.097060903408403,0.0846496026177628,5.785909163189346e-06,-0.0647928361044653,-0.0154404410741774,0.0050837630773594,0.2690841842701778,17.189741493570992,28.74827509006783,1.4226530458848905
15.36,31.22088212413136,131.01222063788595,90.02370694103894,0.2054341803034095,-0.1788903676822848,1.3459027490363973,-0.169328552553557,-0.4450046092888614,0.0,28.77962904732232,11.786228167961768,-81.14458115282086,-25.17739853227949,109.76059452669227,502.9476341067103,15.288,1.0,15.089095418398008,0.0846589684119092,5.764313531651909e-06,-0.0650411315393623,-0.0156846824157683,0.0051039655305052,0.2724056331105591,17.187789555654316,28.751529059731432,1.4276398253277842
15.37,31.22088163801165,131.01221953166336,89.73911014488591,0.2094387496589337,-0.1788612802889747,1.3474378000881315,-0.1610186992160773,-0.4601806110625068,0.0,28.782897644840155,11.795609533958316,-81.18221290738985,-25.226980585778943,109.8107748098642,503.0756559834597,15.288,1.0,15.08112815650734,0.0846683110855475,5.742654442700051e-06,-0.0652952532885161,-0.0159289301116931,0.0051246294328615,0.2754193256762811,17.18601215264747,28.754802226264054,1.432927716739907
15.38,31.22088115228318,131.01221842410644,89.45445025744027,0.2131479066934762,-0.1786608039160511,1.3490456430005977,-0.1527336835634033,-0.475451441190087,0.0,28.78615836365776,11.804940323401752,-81.22003062228606,-25.27657680713803,109.86096429158069,503.2034249843462,15.288,1.0,15.073159127431726,0.0846776304635014,5.7209325930989086e-06,-0.0655547828781494,-0.0161729403120114,0.0051457221032421,0.2781214945563334,17.184408489837256,28.75809443568341,1.4385081848649568
15.39,31.22088066694537,131.01221731522236,89.1697276065984,0.2165598878268861,-0.1782896747066408,1.3507203432198656,-0.1444798857468422,-0.4908059804550541,0.0,28.78941114540199,11.814220853206212,-81.25803699509433,-25.32620002638358,109.91117594788616,503.330938939462,15.288,1.0,15.065188340357864,0.0846869263745846,5.699148766847854e-06,-0.0658192990705252,-0.0164164700685408,0.0051672106243838,0.280508897811191,17.18297765111283,28.761405513984705,1.44437197197393
15.4,31.22088018199771,131.01221620501826,88.88494253218569,0.2197904858344103,-0.1777283492610395,1.3524613915991,-0.1362697165108118,-0.506267700886349,0.0,28.79264865294224,11.823451347611512,-81.29623444182067,-25.375863517202475,109.96142319967883,503.457941130316,15.288,1.0,15.057155424301785,0.0846961772364927,5.677303836938187e-06,-0.0660884188815011,-0.0166592704137102,0.005189063751414,0.2826571577956799,17.181744610233896,28.76473119389422,1.4505268823309896
15.41,31.220879697439685,131.01221509350125,88.60009536011249,0.2228029348590363,-0.1769840198378408,1.3542644718777734,-0.1281087139520132,-0.5218209824214912,0.0,28.795873144597973,11.832631699700174,-81.3346251567863,-25.425581277542484,110.0117201964176,503.58451030746886,15.288,1.0,15.049078139628127,0.0847053896929908,5.655398796257281e-06,-0.0663619290178296,-0.0169010636298005,0.005211265261983,0.2845423222890417,17.18070031993601,28.768072603982198,1.456963019460739
15.42,31.22087921327084,131.01221398067835,88.3151864232478,0.225513034330651,-0.1760723008094367,1.3561205416865771,-0.1199991260048949,-0.5374315741989985,0.0,28.79908974582083,11.841762192598738,-81.37321111346711,-25.47536804333681,110.06208182974248,503.7108255618718,15.288,1.0,15.040999102581551,0.0847145788216232,5.63343474684612e-06,-0.066639430622712,-0.0171416056523285,0.0052337848773132,0.2861073638993575,17.179825059881225,28.77143241701541,1.4636582288130817
15.43,31.22087872949069,131.0122128665566,88.03021604750356,0.2279198392346215,-0.1749944900986365,1.358023522253376,-0.1119471640027848,-0.5530881048947219,0.0,28.8022984013736,11.85084315917946,-81.41199400066701,-25.52523899700212,110.11252343838052,503.83688483323937,15.288,1.0,15.03291832233864,0.0847237444604293,5.611412874774616e-06,-0.0669204928193293,-0.0173806594482425,0.0052565888555045,0.2873505927498039,17.179117404856914,28.77481037388421,1.470600729735222
15.44,31.220878246098813,131.01221175114293,87.74518455680423,0.2300226499554605,-0.1737520160950638,1.359967319471654,-0.103958986706537,-0.5687791715192783,0.0,28.805499057389103,11.859874935066518,-81.45097521911643,-25.57520975036733,110.16306079073756,503.9626861085104,15.288,1.0,15.02483580817257,0.0847328864514778,5.589334448806496e-06,-0.0672046834790396,-0.0176179898817899,0.0052796433371395,0.2882707414836793,17.178575816286223,28.778206196355963,1.4777781724271484
15.45,31.22087776309476,131.0122106344442,87.46009227706377,0.2319846711574496,-0.1723179827107113,1.3619536733282915,-0.0960492746230932,-0.5845424470376447,0.0,28.8086817855778,11.868857670973943,-81.49015588920452,-25.625296379113948,110.21371011958465,504.0878818131685,15.288,1.0,15.016667268758116,0.0847419755907955,5.567200825388975e-06,-0.0674916519646074,-0.0178533495033473,0.0053029190286942,0.2889813360014474,17.178234850088547,28.78161418095468,1.4852047481195334
15.46,31.220877280478167,131.01220951646735,87.17493952723811,0.2336799855958344,-0.1707159422388253,1.3639743018011703,-0.0882187058856254,-0.6003358575578148,0.0,28.811854246455127,11.877791320840936,-81.52953692407841,-25.675515771655448,110.26448847464448,504.21273979613886,15.288,1.0,15.00847686185826,0.0847510344128479,5.545013481620804e-06,-0.0677811614595058,-0.0180864731584553,0.0053263987853947,0.2893961074526581,17.178064882594924,28.78503828863332,1.492853501825213
15.47,31.220876798248625,131.01220839721913,86.8897266292667,0.2350692853794212,-0.1689545467690337,1.366021601168868,-0.0804713188447983,-0.6161369086765285,0.0,28.81501876653289,11.886676221859428,-81.56911899479998,-25.72588546872464,110.31541356011884,504.3373413369925,15.288,1.0,15.000284726326548,0.0847600697617053,5.5227739894205886e-06,-0.0680727845327831,-0.018317131426807,0.0053500495047006,0.2894875604195579,17.178055332625142,28.788479486848967,1.500704947099878
15.48,31.220876316405768,131.01220727670628,86.60445390011908,0.2361526950643051,-0.1670357579772027,1.3680894362099876,-0.0728130015425365,-0.6319341027859143,0.0,28.81817529483744,11.895512721232334,-81.60890248421242,-25.776423440678688,110.36650350933712,504.461684524508,15.288,1.0,14.992090871425484,0.0847690814879428,5.500483998367228e-06,-0.0683660854336185,-0.0185450989973956,0.0053738369754473,0.2892557377741975,17.178204187950602,28.79193741649653,1.5087448919306516
15.49,31.220875834949247,131.01220615493557,86.31912165776035,0.2369524172778819,-0.1649578663196729,1.3701725484642435,-0.0652506582783634,-0.6477222143894008,0.0,28.82132249344913,11.904301167246036,-81.64888748704003,-25.827148081511336,110.41777687856816,504.5857223846467,15.288,1.0,14.983884084760284,0.0847780656565788,5.478145234499764e-06,-0.0686606288629083,-0.0187701533737114,0.0053977267617979,0.2887167999656869,17.178514148953735,28.795411008196684,1.51696226979588
15.5,31.22087535387873,131.0122050319136,86.03373021220358,0.2376306864748767,-0.1626950033271746,1.3722736137539775,-0.0577988727585374,-0.6635405200071866,0.0,28.824450858249648,11.913041552321893,-81.68907383397055,-25.878078319931127,110.46925275914644,504.709121941946,15.288,1.0,14.975580927804524,0.0847869943118397,5.45575951393427e-06,-0.0689561422167488,-0.0189920467929336,0.0054216956606398,0.2879893322524048,17.179018603835964,28.79889482123183,1.5253726110000028
15.51,31.22087487319392,131.01220390764703,85.74827988042148,0.2380036041938757,-0.1602815948089068,1.3743811440716622,-0.0504546524561832,-0.679328143106159,0.0,28.827571299714023,11.92173399611672,-81.72946116151256,-25.92923396130809,110.52095112284712,504.8322650467776,15.288,1.0,14.96727605672176,0.0847958995475541,5.433328767215397e-06,-0.069252320357137,-0.0192105405502735,0.0054457217242057,0.2869420803581861,17.179674437813432,28.802394358513965,1.5339347858205274
15.52,31.220874392894487,131.01220278214242,85.46277097044086,0.2380721114200255,-0.1577201053961913,1.3764890449561564,-0.0432235372975244,-0.6950736182990179,0.0,28.830683769518696,11.930378853834416,-81.77004884253054,-25.980635345958778,110.57289247627392,504.95514988137455,15.288,1.0,14.958969480398608,0.0848047812220904,5.410855003146981e-06,-0.0695487287435612,-0.0194254221236662,0.0054697707708491,0.2855762922950479,17.180479197247823,28.805909184585367,1.5426333653581175
15.53,31.2208739129802,131.0122016554063,85.17720379128359,0.2378373911819801,-0.1550131129975892,1.3785912526796626,-0.0361109711079522,-0.7107655191880174,0.0,28.833788220607826,11.938976481417615,-81.8108359651532,-26.03230323591071,110.62509774627247,505.0777746721564,15.288,1.0,14.950661207886876,0.0848136391975381,5.388340300669828e-06,-0.0698449342791248,-0.0196364825553115,0.0054938087140008,0.2838935572161597,17.181430333399845,28.809438847462587,1.5514526958518113
15.54,31.22087343345076,131.01220052744517,84.89157865197222,0.2374012029695866,-0.152145889568831,1.380686014748378,-0.0291274485335092,-0.7264220130367728,0.0,28.836878856017456,11.947527168193902,-81.85182133563642,-26.084258817425408,110.67758828235269,505.199936176622,15.288,1.0,14.942299603699446,0.0848224564228836,5.365786808625211e-06,-0.0701405331262958,-0.0198435118245745,0.0055178026500773,0.2819708680219391,17.18254722561454,28.812979863657198,1.5603945720888124
15.55,31.22087295430593,131.01219939826535,84.60589585656018,0.2367721660898678,-0.1491200341678806,1.3827708687635945,-0.0222796027240649,-0.7420398157835055,0.0,28.83995533824887,11.95603081574628,-81.8930035351294,-26.13652397775793,110.73038613612394,505.32162236055706,15.288,1.0,14.933880597892294,0.0848312319060616,5.343196773194628e-06,-0.070435317252163,-0.0200462700408125,0.0055417360943079,0.2798172915392788,17.183828583472977,28.816531644500877,1.5694504593668406
15.56,31.220872475545505,131.01219826787334,84.32015570611942,0.2358435034436461,-0.1459573179602718,1.384836362410366,-0.0155673482378767,-0.7575777806704592,0.0,28.84302388042955,11.964487705135692,-81.93438094165779,-26.18912141384309,110.7835141708328,505.4430507694963,15.288,1.0,14.925459901056795,0.0848399839232836,5.3205725355485965e-06,-0.0707289061116988,-0.0202445518778976,0.0055655802414369,0.2773546041875971,17.185247701807985,28.82009698333456,1.5785874023159794
15.57,31.22087199716926,131.01219713627546,84.03435850569902,0.2346171896150791,-0.1426607752412442,1.386876570792481,-0.0089956902646551,-0.773024668485834,0.0,28.84608443790912,11.972898195859544,-81.97595166047813,-26.242074270196813,110.83699569537748,505.5642197149742,15.288,1.0,14.917037521926677,0.0848487123437144,5.297916500949433e-06,-0.0710208737129888,-0.0204381646168316,0.0055893015011971,0.2745855216535713,17.186801634826534,28.823675358891037,1.5877892439313483
15.58,31.22087151917701,131.01219600347804,83.74850455140216,0.2330954333973236,-0.1392335407476636,1.3888856242078575,-0.0025695164488622,-0.7883693180211448,0.0,28.849136967242448,11.981262647013528,-82.01771352098564,-26.29540610733034,110.89085443228288,505.6851275502548,15.288,1.0,14.908613469436416,0.0848574170400636,5.275231135790066e-06,-0.071310796987416,-0.0206269199179181,0.0056128664957728,0.2715130806935331,17.18848735320525,28.82726623533072,1.597039780701519
15.59,31.22087104156853,131.01219486948725,83.46259414728544,0.2314772630684239,-0.1356447504186254,1.3908668218668492,0.0036960163459957,-0.8036603364673889,0.0,28.8521704854395,11.989581154886135,-82.05966409276384,-26.34914096828144,110.94511458476543,505.80538906706,15.288,1.0,14.900086411093824,0.0848660657073558,5.252518974734806e-06,-0.0715983730311252,-0.0208106136096807,0.0056362491520721,0.2682929770397126,17.190344602896605,28.830863477772468,1.6063605177909772
15.6,31.220870564343688,131.01219373430936,83.17662758746604,0.2295820327097335,-0.1319295379610515,1.3928101840208311,0.0098045801589991,-0.818839052269916,0.0,28.855195288861854,11.997853729836056,-82.10180076530827,-26.403303783931968,110.99980124581108,505.9253650462293,15.288,1.0,14.891550175610089,0.0848746886321234,5.229782652028635e-06,-0.0718833668568513,-0.0209890350009873,0.0056594328708967,0.2647890095471961,17.192330092997636,28.83447186381193,1.6157084303878997
15.61,31.220870087502327,131.01219259795053,82.89060516606135,0.2273978888698681,-0.1280938810944499,1.394709480592064,0.0157523948017231,-0.8338903993734154,0.0,28.85821215195761,12.006080732360264,-82.14412069666093,-26.457920096592645,111.05494011882314,506.04508251568046,15.288,1.0,14.88301227175758,0.0848832880928413,5.207024868965e-06,-0.072165366228309,-0.0211620097548995,0.0056823852442381,0.2609937855282672,17.1944373340674,28.83809122892813,1.6250648822008702
15.62,31.22086961104431,131.01219146041683,82.60452717818427,0.2249277908684967,-0.1241413157043426,1.3965590716866727,0.0215350931676223,-0.8488035533977774,0.0,28.861221033446967,12.01426252074918,-82.18662077927952,-26.51301586279567,111.11055731837052,506.1645399060053,15.288,1.0,14.87447270828115,0.0848918639685808,5.184248379590804e-06,-0.0724439608416578,-0.0213293688670715,0.0057050738406447,0.2569114598468077,17.196662948042338,28.84172097643289,1.6344138010946838
15.63,31.2208691349695,131.01219032171443,82.31839391497192,0.2222723602812577,-0.1200585739293837,1.3983573307034067,0.027143450677888,-0.8635965203222656,0.0,28.864216597894195,12.022399390042972,-82.2292976442611,-26.568617453676527,111.16667937047596,506.2835499261541,15.288,1.0,14.865881330429806,0.0849004005663356,5.161455989782893e-06,-0.0727187697815471,-0.0214909440733817,0.0057274674760953,0.2526242090729185,17.19902459075372,28.8453578550021,1.6437575676356246
15.64,31.2208686592778,131.01218918184935,82.03220566457983,0.2194535004574194,-0.115846161426716,1.400102762227086,0.0325713792414264,-0.8782702428860624,0.0,28.867197905801284,12.030491228050368,-82.27214771873544,-26.62475194413548,111.22333350434369,506.4020794188714,15.288,1.0,14.857228119338572,0.0849088951233418,5.138650583449015e-06,-0.0729896178956766,-0.0216465373641492,0.0057495520193233,0.2481533927902494,17.201522629374946,28.84900084571552,1.653090215045975
15.65,31.22086818396912,131.01218804082757,81.74596271516499,0.2163574646723295,-0.1115282073070595,1.401786437266528,0.0378205507704408,-0.8927819851938402,0.0,28.87017132715887,12.038538300974858,-82.31516725442705,-26.681447255914826,111.28054779653168,506.5203516964097,15.288,1.0,14.848573253552264,0.0849173663766657,5.115835122587255e-06,-0.0732561612373923,-0.0217959863057847,0.0057713014930779,0.2434112454727007,17.204128011458025,28.85265252838479,1.6623763962627778
15.66,31.220867709043343,131.0121868986551,81.45966536283706,0.2129879184929869,-0.1071085990480837,1.403403011765892,0.042887176939455,-0.907121374171728,0.0,28.87313682265578,12.046540962928548,-82.3583522566754,-26.73873175536309,111.33835076482296,506.6383652598229,15.288,1.0,14.839916741722703,0.0849258142111642,5.0930126143829804e-06,-0.0735180065656802,-0.0219391434085841,0.0057926847553837,0.2384031303705608,17.206837051448698,28.85631225305982,1.6716005835302332
15.67,31.220867234500417,131.01218575533778,81.1733138818374,0.2093596934848957,-0.102589398813816,1.4049476252197897,0.0477670714900476,-0.9212813341925709,0.0,28.876093772938287,12.054499565697157,-82.4016984819654,-26.79663421353916,111.39677132788272,506.75609825098167,15.288,1.0,14.831252959227736,0.084934236805596,5.0701861074468335e-06,-0.073774765988178,-0.0220758667836427,0.0058136709532825,0.2331437735902864,17.209648358589856,28.85997907646635,1.680749481469831
15.68,31.22086676034028,131.01218461088152,80.88690856131932,0.2056717902868655,-0.0979408774884009,1.4064243332216368,0.0524462619425544,-0.9353121794989468,0.0,28.8790318790661,12.062414114144888,-82.44520146267833,-26.85518391639833,111.4558389163428,506.8731890161214,15.288,1.0,14.822481316336567,0.0849426038679396,5.0473587022872006e-06,-0.0740262124834394,-0.022205993288212,0.0058342399400721,0.2278009209857529,17.212599932612704,28.863647369498217,1.6898487768403252
15.69,31.22086628656287,131.01218346529222,80.60044968447205,0.2017212452487728,-0.0932030355776108,1.407822933870456,0.0569310554331082,-0.9491485581960633,0.0,28.881962161099672,12.070284671243012,-82.48885658655473,-26.914411089247466,111.51558390083667,506.9900241769258,15.288,1.0,14.813708032290624,0.0849509478124599,5.024533578947144e-06,-0.0742721234529811,-0.0223293658684347,0.0058543762025934,0.2222121300324964,17.21564326525716,28.86732186896327,1.6988494764781286
15.7,31.22086581316816,131.01218231857567,80.3139375295155,0.1975123801460663,-0.0883800579133654,1.4091384377795615,0.0612182933502362,-0.9627806572188076,0.0,28.88488458131049,12.078111585273732,-82.53265903190946,-26.974346516689263,111.57603720839349,507.10660229142303,15.288,1.0,14.80493311571438,0.0849592685286661,5.0017139602007965e-06,-0.0745121267321677,-0.022445860437735,0.0058740502099036,0.2163842508304859,17.21877440763499,28.871001879782632,1.7077369265150935
15.71,31.220865340156102,131.01218117073765,80.02737237964081,0.1930497114470351,-0.0834761879918343,1.410365961528904,0.0653049789968341,-0.9761988309527442,0.0,28.887799103161097,12.085895199860564,-82.57660374419217,-27.03502138119652,111.63723015952036,507.22292195909137,15.288,1.0,14.796156575058433,0.0849675659095701,4.978903100209123e-06,-0.0747458564434156,-0.0225553589366965,0.0058932329125002,0.2103246031300771,17.22198936106722,28.874686698852717,1.7164967355851952
15.72,31.2208648675267,131.01218002178385,79.74075451008731,0.188495703385582,-0.0784684178565429,1.411507213743664,0.0691800570115704,-0.9894410105050344,0.0,28.890697580540152,12.093635694003316,-82.62068544631336,-27.09646728872419,111.6991944939852,507.33869696070445,15.288,1.0,14.787297116335091,0.084975815995603,4.956104286159472e-06,-0.0749730231694159,-0.022657737292088,0.0059118996164407,0.2041761508638013,17.22531763526009,28.878371794139387,1.7251469525833876
15.73,31.220864395279943,131.01217887171998,79.45408419808302,0.1837586008383812,-0.0733778364804314,1.4125574796685387,0.0728446174427649,-1.0024763084099757,0.0,28.893585071776343,12.101332951992472,-82.66489871797583,-27.15871669850836,111.76196280412672,507.4541047464704,15.288,1.0,14.7784039384551,0.0849840336654268,4.933320870776537e-06,-0.075193501345111,-0.022752850397281,0.0059300412291392,0.1978674096627777,17.228734396269555,28.88205891132596,1.7336619395318136
15.74,31.220863923415823,131.01217772055176,79.16736172185097,0.178780872372878,-0.0682196798639357,1.4135102631235044,0.076299216488809,-1.015278044130026,0.0,28.89646477259622,12.108987287294548,-82.70923797854108,-27.22180280403304,111.82556841462863,507.5692574248056,15.288,1.0,14.769509141406589,0.0849922283190883,4.9105562519694045e-06,-0.0754069608857505,-0.0228405961374934,0.0059476321519803,0.1913544092591546,17.232222163952844,28.88574885287361,1.742016745408831
15.75,31.22086345193436,131.01217656828484,78.88058734967454,0.1735676106811418,-0.0629984174182484,1.4143610965868227,0.0795415402046411,-1.0278372543958625,0.0,28.89933664798548,12.11659903240934,-82.75369743399379,-27.28575919331698,111.89004503988716,507.6841536504852,15.288,1.0,14.76061273364364,0.0850003998540719,4.887813848611898e-06,-0.0756130615201089,-0.0229208817753025,0.0059646453112241,0.1846469710963186,17.23577673286281,28.889440881711973,1.7501981572611804
15.76,31.220862980835527,131.01217541492474,78.59376135878396,0.1682252309588674,-0.0577010609170401,1.4151094140006757,0.0825642655798644,-1.0401750804534031,0.0,28.902195593580373,12.12416845169978,-82.79827108187226,-27.35061983877789,111.95542677377658,507.7986139450576,15.288,1.0,14.751662630779055,0.085008533257656,4.865097098830897e-06,-0.075811496364554,-0.0229936165033586,0.0059810552053186,0.1778458073587401,17.239415173813587,28.893131933658363,1.7582137837988647
15.77,31.2208625101194,131.0121742604771,78.30688401746401,0.1627790823818686,-0.0523287196805639,1.415755080221888,0.0853633082968321,-1.0522952315290763,0.0,28.905040685022502,12.13169538121266,-82.84295277223079,-27.416419424850336,112.02174841984188,507.91260564056415,15.288,1.0,14.74264806404184,0.0850166258116941,4.8424094858618094e-06,-0.0760021763827092,-0.0230586795928889,0.0059968543668177,0.170983382809834,17.24313723615564,28.896820910099223,1.766061889027759
15.78,31.220862039785967,131.01217310494746,78.01995559797598,0.1571122321430631,-0.0469071723286728,1.4162906655133825,0.0879427411254002,-1.0641555568485832,0.0,28.90787806392759,12.13918004951982,-82.88773623906845,-27.483193511342296,112.0890456557976,508.02634440739126,15.288,1.0,14.7336318914019,0.0850246955807326,4.819754538837513e-06,-0.0761848392626547,-0.0231159882687604,0.0060120231201763,0.1639650291694546,17.246912733938625,28.90050990335125,1.773708043649999
15.79,31.220861569835307,131.01217194834132,77.73297636661826,0.151230279332278,-0.0414410538321171,1.416712157340042,0.0903009656266088,-1.0757478638194355,0.0,28.910707696596383,12.1466227752822,-82.93261502841808,-27.55097806780153,112.15735456411184,508.13982894830616,15.288,1.0,14.724614121208448,0.0850327424661182,4.797135798294086e-06,-0.0763591735386363,-0.0231654762717482,0.0060265366263889,0.1568054665541624,17.250737303077077,28.90419815165015,1.781140384040588
15.8,31.220861100267445,131.0121707906642,77.44594659267146,0.14519732257632,-0.0359249366909421,1.4170176788848778,0.092433612557708,-1.0870812259100755,0.0,28.913526700199814,12.154023853123157,-82.97758249738939,-27.6198094231716,112.22671158128188,508.2529577993248,15.288,1.0,14.715564729141892,0.0850407579893128,4.774556811946037e-06,-0.0765248828657681,-0.0232070828013701,0.0060403706333687,0.1495756022787758,17.25461872338216,28.90788362471012,1.78835921076525
15.81,31.2208606310824,131.01216963192147,77.15886654144099,0.139128071092967,-0.0303446970858708,1.417210135685678,0.0943329801034111,-1.0981852778650305,0.0,28.91632982174475,12.16138313347024,-83.0226318580737,-27.689724493110155,112.29715372688412,508.3655461086154,15.288,1.0,14.706427258876309,0.0850487267007561,4.752021152822838e-06,-0.0766818874923365,-0.0232407177265704,0.0060535174757362,0.1423988026552737,17.25857511598997,28.91156328809556,1.7953813478882148
15.82,31.22086016228028,131.01216847211865,76.87173647624498,0.1328599717714243,-0.024734187019708,1.4172818403935297,0.0960059647900328,-1.1090065948551884,0.0,28.91912531422436,12.168700744850296,-83.06775624088908,-27.760761141797445,112.3687189680094,508.4778838777565,15.288,1.0,14.697288195900027,0.0850566728747758,4.729532435581025e-06,-0.0768300010073598,-0.0232663176138211,0.0060659638897016,0.135142706094282,17.262566799402308,28.91524007733335,1.8021655273078652
15.83,31.22085969386112,131.01216731126112,76.58455666139596,0.1263990537867176,-0.0190981450992675,1.417229265140383,0.097451707521648,-1.1195378324639151,0.0,28.92191314507568,12.175976989650527,-83.11294861820502,-27.83295767044341,112.441445703836,508.58996985120166,15.288,1.0,14.68814754859784,0.085064596416057,4.707094277571333e-06,-0.0769689435177875,-0.0232838434889731,0.0060776874963978,0.1278337175867402,17.2665893007795,28.91891321551418,1.8087013527907907
15.84,31.220859225824984,131.01216614935427,76.29732735822513,0.1197811981430582,-0.0134361842074263,1.4170499723137735,0.0986680433875501,-1.129780501804762,0.0,28.92469186888089,12.18321216206486,-83.15820179542035,-27.906352711285567,112.51537265888192,508.70175307678426,15.288,1.0,14.678990035247164,0.0850724930738402,4.684710291557401e-06,-0.0770984448447953,-0.0232932630261555,0.0060886663767838,0.1205324280486209,17.270644265730716,28.92258131802032,1.8149848454129345
15.85,31.220858758171943,131.01216498640343,76.01004883005287,0.1131819861346566,-0.0077238112966883,1.4167487757409911,0.0996451211038401,-1.1397819122009976,0.0,28.92745348581336,12.190406140364244,-83.20350844443853,-27.98098539059633,112.59053904723795,508.8129520032939,15.288,1.0,14.669728127045897,0.0850803393198308,4.662384098542581e-06,-0.0772184313036232,-0.0232945183080181,0.0060988927381362,0.1134452254105176,17.27476196607754,28.926240232375665,1.8210461419480723
15.86,31.22085829090208,131.01216382241395,75.72272133622344,0.1064073862918204,-0.002000422707041,1.4163181855473193,0.1003920003776914,-1.14948132389948,0.0,28.93020756189098,12.197558963514629,-83.24886118275688,-28.05689579963276,112.66698504683596,508.9239029579672,15.288,1.0,14.660464639312416,0.0850881632898825,4.640119352644117e-06,-0.0773287875210155,-0.0232875670583579,0.0061083591922047,0.1064261882418345,17.278896441379732,28.929893336227018,1.826839640046599
15.87,31.220857824015457,131.01216265739114,75.43534513310011,0.0994637769761031,0.0037292021370063,1.4157551787482778,0.1009085759704113,-1.1588723064861903,0.0,28.93295406549844,12.2046709155043,-83.29425250093966,-28.134124486615093,112.74475128773932,509.03460472054576,15.288,1.0,14.651199580430005,0.0850959648914604,4.617919701839425e-06,-0.0774292674774751,-0.023272398037505,0.0061170460092237,0.0995336619693218,17.283043161665674,28.933539847199896,1.8323564854027632
15.88,31.220857357512152,131.01216149134032,75.1479204820166,0.0923732716239593,0.0094629880852797,1.4150573505336443,0.1011941485165346,-1.1679532008162457,0.0,28.935692242628384,12.2117422745878,-83.3396747458452,-28.21271229171992,112.82387868604684,509.14503064807633,15.288,1.0,14.641924923489976,0.0851037419073848,4.5957887776462255e-06,-0.0775196343990098,-0.0232490068775741,0.0061249340286118,0.0928567142243712,17.287200783511317,28.937178685314112,1.837591423654942
15.89,31.22085689139225,131.01216032426674,74.86044763834366,0.0853431237748718,0.0152308204049548,1.4142305815420315,0.1012381325602268,-1.1767809497576622,0.0,28.938412852082887,12.218772930878742,-83.38512014992511,-28.29270048308196,112.9044085809184,509.2548553719839,15.288,1.0,14.632537023092633,0.0851114671586155,4.5737302055188925e-06,-0.077599833381936,-0.0232173662931534,0.0061320166543107,0.086691559536765,17.291405539771183,28.940805303729327,1.8425826171343145
15.9,31.22085642565584,131.01215915617564,74.57292685347578,0.0781623104540769,0.0209903435974353,1.413267871558683,0.1010511042520195,-1.1852913238059166,0.0,28.94112601291588,12.225762858403442,-83.43058091604124,-28.37413127903409,112.98638326035096,509.36443484750407,15.288,1.0,14.623147556317436,0.0851191704071897,4.551747633183936e-06,-0.0776698062463848,-0.0231774580827029,0.006138291129505,0.0809317059400678,17.29560839224647,28.94442316830423,1.8472825784757851
15.91,31.220855960302995,131.01215798707233,74.28535838576715,0.0708374767123109,0.026736800631711,1.4121667135698874,0.1006337170406819,-1.193478860305291,0.0,28.94383169416344,12.232712322076416,-83.4760491491426,-28.45704734528684,113.06984545493088,509.47376787907,15.288,1.0,14.613756531507628,0.0851268515624853,4.529844692207704e-06,-0.0777293426539356,-0.0231292988293992,0.0061437405237482,0.0757152841261037,17.29980480730682,28.94803150083327,1.8516840340392355
15.92,31.22085549533381,131.01215681696195,73.99774248462556,0.0633917677578233,0.0324682887453502,1.4109252281431712,0.0999859906972024,-1.2013431114176922,0.0,28.94652912672865,12.23962157955801,-83.52151683465814,-28.54149158637136,113.15483812799596,509.5828272821056,15.288,1.0,14.604355514914834,0.0851345083629629,4.50802498572616e-06,-0.0777782418906731,-0.0230729119530452,0.0061483485037655,0.0712229286329278,17.303993570935962,28.951629233325537,1.855783518920594
15.93,31.22085503074837,131.0121556458497,73.7100794074123,0.0560341967461861,0.0382149939313008,1.4095497012543183,0.0990980044219577,-1.208942611947722,0.0,28.94920925471583,12.246490492681197,-83.56697586839486,-28.627507286051568,113.241404617095,509.6912940579255,15.288,1.0,14.594840047909704,0.0851421141749217,4.486292098905316e-06,-0.0778164887765459,-0.0230082973566251,0.0061521116366266,0.067824895877734,17.30821074750671,28.95521205148034,1.859621739432386
15.94,31.22085456654676,131.01215447374082,73.42236939956051,0.0485515938388924,0.0439342441512471,1.408033808471476,0.0979811989750641,-1.2162134406774952,0.0,28.95188202931048,12.25331901176186,-83.61241814215491,-28.715138651775487,113.32958918196653,509.7995184276925,15.288,1.0,14.585323027796214,0.0851496982662881,4.464649627557392e-06,-0.0778440633209786,-0.0229354642631081,0.0061550301477179,0.0654788103996409,17.312407393654354,28.95878320356752,1.863151806599739
15.95,31.220854102729056,131.0121533006405,73.13461271743866,0.0409507812102557,0.0496213664079719,1.4063755605929575,0.0966369818305346,-1.223151141699474,0.0,28.95454742015161,12.260107380026248,-83.65783547455972,-28.80443028131913,113.41943646778752,509.90749921901806,15.288,1.0,14.575804462800027,0.085157260548207,4.44310113947763e-06,-0.0778607921601546,-0.0228544568071809,0.0061570900156889,0.0643369727822334,17.31657902566722,28.962341925185644,1.8663680342127589
15.96,31.22085363929536,131.01215212655393,72.84680960349898,0.0332710693859433,0.0552773180092882,1.404574056714003,0.0950653178399589,-1.2297609636259792,0.0,28.957203978158297,12.266855829466106,-83.70321958951612,-28.895426941042725,113.51099128218829,510.0151852840208,15.288,1.0,14.566267673482924,0.08516479675929,4.421650162101393e-06,-0.0778665130338719,-0.0227653256237264,0.0061582777903094,0.064517792900172,17.320727635864145,28.965886917619716,1.8692719767621673
15.97,31.22085317624572,131.01215095148615,72.5589603111291,0.0256926421623208,0.060927384754222,1.4026353846872497,0.0932583727946193,-1.2360947613580553,0.0,28.959844176116263,12.273564154530298,-83.7485621516498,-28.988173747333462,113.60429877798416,510.1223113203054,15.288,1.0,14.55662304538381,0.0851722847621228,4.400300195532568e-06,-0.0778612709367579,-0.0226680940081132,0.0061585951172119,0.0661230506327405,17.324883080799246,28.969414625529893,1.871901013817204
15.98,31.220852713580246,131.0121497754424,72.2710650817885,0.0180153634280106,0.0665312734474875,1.4005540373733536,0.0912277755412021,-1.2420928050051083,0.0,28.96247711815975,12.280232323350878,-83.79385484741574,-29.08271669792618,113.69940498778602,510.2291978858857,15.288,1.0,14.546976877365235,0.0851797513330071,4.379054738253664e-06,-0.0778450642470735,-0.0225628016411868,0.0061580434949444,0.068927233512133,17.328999638555576,28.972927823806025,1.8742114754953496
15.99,31.220852251299025,131.0121485984278,71.98312416886608,0.0102461414710667,0.072084455158023,1.3983285369018807,0.0889756731722688,-1.2477516702342497,0.0,28.965102774481235,12.28686055542902,-83.83908931028142,-29.17910206967217,113.79635621819835,510.33584382937806,15.288,1.0,14.537329177683004,0.0851871963847178,4.357917247166648e-06,-0.0778177573410503,-0.0224495195842808,0.0061566118792682,0.072809010672115,17.333072929495458,28.976425771232268,1.8761992426453467
16.0,31.22085178940211,131.0121474204475,71.69513781183453,0.0024559067837358,0.0775934848338746,1.3959594314659385,0.0865011552140995,-1.2530869983138992,0.0,28.967718394652064,12.293449041609644,-83.8842571042335,-29.277376218287024,113.89519884858508,510.4421521190645,15.288,1.0,14.52764700216441,0.0851946118286226,4.336891127177102e-06,-0.0777792325687124,-0.0223283240247872,0.0061542900663187,0.0776323409589969,17.337111176852716,28.979906747022465,1.8778743859735183
16.01,31.22085132788957,131.01214624150654,71.40710625513749,-0.0052352205588255,0.0830734418316743,1.393451953263558,0.0837999564746633,-1.2581352458036748,0.0,28.97031923620236,12.29999749273338,-83.92934977124028,-29.37758585432312,113.9959796088508,510.5479554656128,15.288,1.0,14.517871598044197,0.0852019837175846,4.315979749677657e-06,-0.0777296069570724,-0.0221992589028816,0.0061510859986164,0.0832382379225111,17.34113210161212,28.983368377358666,1.8792645038665137
16.02,31.220850866761488,131.0121450616101,71.11902974421335,-0.0129988450413721,0.0884891558622134,1.3908015662183606,0.0808831743459542,-1.2628449480409942,0.0,28.97291292106192,12.306505922922346,-83.97435889734082,-29.47977848191531,114.09874602079304,510.6535223516564,15.288,1.0,14.508094667292324,0.0852093344683505,4.29518647039411e-06,-0.0776688806606243,-0.0220623963867531,0.0061470010014064,0.0894388089349303,17.345096270894498,28.986812759635097,1.8803320045354714
16.03,31.220850406017952,131.01214388076332,70.83090852251284,-0.0208280593429064,0.0938363004272554,1.388007289919506,0.0777536712845946,-1.2672137236362944,0.0,28.97549941973121,12.312974528324048,-84.01927603273577,-29.58400172463472,114.2035457202418,510.7588516386715,15.288,1.0,14.498316218271263,0.0852166639945932,4.274514589039572e-06,-0.0775969560256349,-0.0219178334969126,0.0061420270330677,0.0961200236484773,17.348999464125498,28.99023918474508,1.8810742918981396
16.04,31.22084994565899,131.01214269897125,70.54274282752318,-0.0286045405090664,0.099129814168197,1.3850716717430167,0.0744087738504662,-1.2712726349669632,0.0,28.978074103970968,12.319403426953372,-84.06409268438507,-29.690303179455302,114.31042631047352,510.8637800428144,15.288,1.0,14.488478838608843,0.0852239586851752,4.253967342623086e-06,-0.0775137743057679,-0.0217656684817753,0.0061361581558546,0.1031743135569224,17.3528591025867,28.99364537099961,1.881513835693687
16.05,31.220849485684667,131.01214151623898,70.25453290369056,-0.0363001096447525,0.1043691575857225,1.3819982538523872,0.0708493713961818,-1.2750333293753122,0.0,28.98063618233021,12.325792261292827,-84.10880038244673,-29.798730852260096,114.41943580032924,510.96827950001057,15.288,1.0,14.478571023035368,0.0852312162130236,4.233547931976089e-06,-0.0774195190432165,-0.0216059657446363,0.0061294084295813,0.1105016631474643,17.356674963294253,28.997030442200337,1.8816611804722376
16.06,31.22084902609505,131.01214033257173,69.96627898750907,-0.0440420135023548,0.1095270770946603,1.3787837006295,0.0670852457908123,-1.278456997379376,0.0,28.983191204199866,12.332141106581648,-84.15339071436797,-29.909333362244183,114.53062280983949,511.0725455549648,15.288,1.0,14.468661694367004,0.0852384528992709,4.213259524768106e-06,-0.0773141831977905,-0.0214388302280681,0.0061217781726988,0.118050316423676,17.360416907682904,29.000395666760127,1.8814880327742407
16.07,31.22084856689017,131.01213914797447,69.67798132044419,-0.0518234330941504,0.1145995036581405,1.3754275083130512,0.0631199412640176,-1.2815422966644103,0.0,28.985739140228915,12.338450135328232,-84.1978552485835,-30.022159256772223,114.64403588160232,511.1765770763778,15.288,1.0,14.458750860761956,0.085245668658019,4.193105218659718e-06,-0.0771977067824251,-0.0212643836167004,0.0061132623292758,0.1257724567431706,17.364080928280384,29.00374037616629,1.8809932524465134
16.08,31.22084810807007,131.0121379624524,69.38964013899125,-0.0594625769790544,0.1196125908864356,1.3719349055046228,0.0589480489440253,-1.2843411746629445,0.0,28.98827295459761,12.344719336085715,-84.24218553987967,-30.13725695528092,114.75972342470604,511.28012577961846,15.288,1.0,14.448748251584783,0.0852528427977509,4.173088040272029e-06,-0.0770701161812991,-0.021082740268148,0.0061038612076574,0.1335775610768087,17.36769655069818,29.007061642790365,1.8802160807606336
16.09,31.22084764963481,131.01213677601055,69.10125568362307,-0.0670556979444556,0.1245446658214148,1.3683066303769642,0.0545773375063771,-1.2868301583062915,0.0,28.99079687974876,12.350948348281944,-84.28637321674766,-30.254675377936497,114.87773434686235,511.3833407994823,15.288,1.0,14.438706368606304,0.0852599877664211,4.15321097953181e-06,-0.0769316309539946,-0.020893988748583,0.0060935927983902,0.1414490485277234,17.371239924121927,29.01036029470187,1.8791417128118473
16.1,31.2208471915844,131.0121355886541,68.81282818785382,-0.0746695446197102,0.1293792319444793,1.3645409054731623,0.0500154071737512,-1.2889879028311644,0.0,28.99331384893652,12.357137299483078,-84.33040996585505,-30.374463747497337,114.99811785540837,511.4863255003182,15.288,1.0,14.428662986002008,0.0852671121910098,4.133476971594561e-06,-0.076782239335957,-0.0206982646881331,0.006082456498332,0.1493804440872506,17.37469314291435,29.01363667389573,1.8777548395116326
16.11,31.22084673391886,131.0121344003881,68.52435788718704,-0.0822937016567546,0.1341131781487517,1.360637771128974,0.0452662528408068,-1.2908151832233938,0.0,28.995823685304305,12.363286338665064,-84.37428747395198,-30.496671011970257,115.12092287732568,511.58907354762766,15.288,1.0,14.418616169911315,0.0852742155518124,4.113888869258863e-06,-0.076621918177014,-0.0204957128325792,0.0060704501474084,0.157348611424693,17.37805317931975,29.016890114828374,1.8760565063742387
16.12,31.22084627663821,131.01213321121776,68.23584501513854,-0.0896778603357222,0.1387847974010111,1.356605746778348,0.0403212123092076,-1.292387594148142,0.0,28.998316906811706,12.36939523192282,-84.4179974533153,-30.62134595261872,115.24619816812864,511.6912502138275,15.288,1.0,14.408440036541016,0.0852812699634808,4.094449451493572e-06,-0.0764508227818806,-0.0202864542970808,0.0060575837823137,0.1652371716538633,17.381362365995805,29.020117150490837,1.8741052920959766
16.13,31.22084581974247,131.01213202114812,67.94728981317725,-0.0970644565166049,0.1433476203894077,1.352441501272739,0.0351962857873605,-1.2936383126872837,0.0,29.000803302914065,12.375463753868312,-84.46153173377681,-30.74853788810184,115.37399301964864,511.7932008090068,15.288,1.0,14.39826240912396,0.0852883042164685,4.075161456655138e-06,-0.0762691419842953,-0.0200706113383664,0.0060438741384107,0.1731185412726884,17.38456980620927,29.02332027097968,1.8718538610026392
16.14,31.220845363231646,131.01213083018433,67.65869250587356,-0.1044470752101383,0.1477981413160387,1.3481452859199772,0.0298961060301926,-1.2945677456157274,0.0,29.003282843358537,12.381492040220456,-84.50488219556766,-30.87829601397908,115.50435659657016,511.8949241739589,15.288,1.0,14.388083295870295,0.0852953182222139,4.056027545092214e-06,-0.0760768788715882,-0.0198483448718754,0.0060293211780422,0.1809791642682715,17.38767198396163,29.026498895359964,1.8693033828388081
16.15,31.220844907105704,131.01212963833154,67.37005333072136,-0.1117215751627771,0.1521497826527041,1.3437201016370537,0.0244204588275112,-1.2952055957576798,0.0,29.005751794981165,12.387480165220202,-84.54804074204304,-31.01066905378953,115.63733758621548,511.99628842466177,15.288,1.0,14.377852300767326,0.0853023010023622,4.037050285109358e-06,-0.075874066063325,-0.0196198173364022,0.0060139264379018,0.1887623833780798,17.39068374919202,29.029651398863457,1.8664773252399416
16.16,31.22084445136464,131.01212844559487,67.08137251726288,-0.1188231289723502,0.1564093015483045,1.3391715540766689,0.0187700466722071,-1.295577297663557,0.0,29.00820802403329,12.393427692447863,-84.59099936010665,-31.145705687521307,115.77298462934132,512.0972180888201,15.288,1.0,14.367538711226173,0.0853092462823621,4.018232177422885e-06,-0.0756609911638083,-0.0193851538403064,0.0059977120091695,0.1964249742705387,17.393612488291676,29.032776709153325,1.863398320306585
16.17,31.22084399600845,131.0121272519795,66.79265030001082,-0.1259033368567487,0.1605463139108899,1.3344975325398805,0.0129574148354147,-1.295640317226092,0.0,29.01065752709681,12.39933459935734,-84.63375016791521,-31.28345489794391,115.91134666827485,512.1979247507961,15.288,1.0,14.357223641603367,0.0853161716978805,3.999575665738731e-06,-0.075437764449073,-0.0191445162306634,0.0059806876177608,0.2040262915776631,17.396425350936497,29.0358760501132,1.8600363949600487
16.18,31.2208435410371,131.01212605749066,66.50388690552617,-0.1329561059752878,0.1645576998056824,1.3296986788327532,0.0069877411389559,-1.295396009728568,0.0,29.01310027404091,12.405200996149608,-84.6762853330071,-31.42396513071171,116.05247210351015,512.298407257218,15.288,1.0,14.346907099971707,0.0853230771607136,3.981083097459403e-06,-0.0752044231370621,-0.0188980850162672,0.005962855949135,0.2115573541040651,17.399119171699766,29.03894890154421,1.856393877127505
16.19,31.22084308645056,131.01212486213345,66.21508256534092,-0.1397665867658599,0.168476378906246,1.3247820797893508,0.0008553669913408,-1.2949098519224709,0.0,29.015528582182235,12.411026742189076,-84.71859707824996,-31.567284225510523,116.1964087249594,512.3983941744319,15.288,1.0,14.336481276677796,0.0853299400777514,3.962756724012133e-06,-0.0749611205155196,-0.0186460267392708,0.0059442273275407,0.2189039349208818,17.401729432522107,29.04199275175955,1.8525225545697313
16.2,31.220842632248736,131.01212366591307,65.9262375089995,-0.1464897275806797,0.1722717523734236,1.3197483990029335,-0.0054274668190218,-1.294143969687369,0.0,29.01794846531074,12.416811434168544,-84.76067777530042,-31.71346018774509,116.34320448730465,512.4980977466059,15.288,1.0,14.32602851174693,0.0853367781351407,3.944598737802327e-06,-0.0747081658871849,-0.0183884869587315,0.0059248272742944,0.2261343235487757,17.404223192561755,29.045008808122294,1.848397659689348
16.21,31.220842178431607,131.01212246883472,65.63735196207051,-0.1531692305289783,0.1759324955100383,1.3145975351871042,-0.0118527895191119,-1.2930862583045135,0.0,29.020361720982205,12.422555156850468,-84.8025199079153,-31.862540755437823,116.49290707527972,512.5975813671649,15.288,1.0,14.315574280693248,0.0853435966196157,3.92661124687066e-06,-0.0744456306755939,-0.0181256576553123,0.0059046615814927,0.2332659049725114,17.406588413194335,29.04799708932616,1.8440117243540946
16.22,31.220841724999115,131.01212127090366,65.34842615409941,-0.1597231687981139,0.1794690248216512,1.3093323347321346,-0.0184188075025018,-1.2917614981154537,0.0,29.022765594902367,12.428257970172362,-84.8441160225523,-32.014572808453984,116.64556331077274,512.6967476376038,15.288,1.0,14.305079289928786,0.0853503874317313,3.908796251828487e-06,-0.0741735947379681,-0.0178577347799945,0.0058837357859272,0.2402509897725865,17.40883626740854,29.05095647729968,1.8393852731981948
16.23,31.22084127195116,131.0121200721251,65.05946031363845,-0.1660374259472856,0.1828974182989592,1.3039599140472276,-0.025126432299197,-1.290211112948114,0.0,29.0251562862844,12.433919407883716,-84.88545877899217,-32.16960273583566,116.80121952208523,512.7954621394857,15.288,1.0,14.294487068814156,0.0853571393946201,3.891155666743019e-06,-0.0738923944784055,-0.0175848755215536,0.0058620755777834,0.2470218589421251,17.410983751465434,29.053885696777133,1.834553763457738
16.24,31.220840819287663,131.01211887250432,64.77045466526403,-0.1722928522359264,0.1861831493659328,1.29847876501433,-0.0319609933691496,-1.288386485254264,0.0,29.02754047839037,12.439539360787853,-84.92654101408964,-32.32767697125804,116.95992208184607,512.8939608857136,15.288,1.0,14.283893387652345,0.0853638721629332,3.873691338411908e-06,-0.0736022221060833,-0.0173072668496798,0.0058396973409259,0.2536708251947895,17.41299412585717,29.056786007635058,1.8294830810029694
16.25,31.22084036700853,131.01211767204654,64.48140943355305,-0.1784841348001046,0.189323853125702,1.2928901063891236,-0.0389165146514667,-1.2862904656112628,0.0,29.029918140012004,12.445117903912651,-84.96735565652685,-32.48884104206743,117.1217164525235,512.9922426881437,15.288,1.0,14.27329825468444,0.0853705856452935,3.856405005295384e-06,-0.0733031684566072,-0.0170251179678835,0.0058166080567841,0.2601922208566036,17.41486493721197,29.05965700720078,1.8241772074647618
16.26,31.22083991511367,131.01211647075706,64.19232484308316,-0.1843864822537539,0.192355041448669,1.2872015821538698,-0.0459984748897678,-1.2839934840330964,0.0,29.03228166505022,12.450654842209724,-85.00789572882331,-32.65313945419075,117.28664707131875,513.0900386151818,15.288,1.0,14.262588271719736,0.0853772574743084,3.839298297013192e-06,-0.0729954483241811,-0.0167386214813455,0.0057928230367467,0.266455829505627,17.416633536686575,29.062496667546142,1.8186926732768953
16.27,31.22083946360295,131.01211526864122,63.903201120420576,-0.1901703572024421,0.1952443939623421,1.2814143668332842,-0.0531931758560129,-1.281454844035033,0.0,29.03463723124569,12.456149735054808,-85.04815444165187,-32.820616550289735,117.4547582119932,513.1875668769246,15.288,1.0,14.251853357504688,0.0853839058178516,3.822372772423252e-06,-0.0726794249266123,-0.0164479490115255,0.0057683721451347,0.2725527437919527,17.418265711637897,29.06530608957681,1.8130027056751037
16.28,31.220839012476244,131.0121140657043,63.61403848815584,-0.1958764509176521,0.1979820535167547,1.2755290293352983,-0.0604921302456166,-1.2786649139639363,0.0,29.036986393529386,12.461602636176982,-85.08812515258941,-32.9913159901313,117.62609346351594,513.2848823451686,15.288,1.0,14.24111699772998,0.0853905352490216,3.805629893411005e-06,-0.0723552184640056,-0.0161533180882839,0.0057432650348669,0.2785037249918915,17.41975108212389,29.068085279885764,1.8071019796074326
16.29,31.2208385617334,131.01211286195175,63.3248371688801,-0.2013869062886748,0.200585564211335,1.269549776660024,-0.0678947952612729,-1.2756610698146824,0.0,29.039325323142965,12.467013535660806,-85.1278013183542,-33.16528012005787,117.80069509755648,513.381849560666,15.288,1.0,14.230320872410788,0.0853971345088259,3.78907100313258e-06,-0.0720229734007513,-0.0158549461226498,0.0057175122246562,0.2842377330780943,17.421107919338986,29.070833165529187,1.8010212390979257
16.3,31.220838111374302,131.0121116573888,63.035597383197135,-0.2066554305621167,0.2030603078991605,1.2634829912102323,-0.0753982302237549,-1.2724673327701768,0.0,29.04165271051861,12.472381891694166,-85.16717655880286,-33.34255052893697,117.97860462689592,513.4784220883357,15.288,1.0,14.21944291973658,0.0854036997466782,3.772697353432599e-06,-0.0716830999137919,-0.0155530088297574,0.0056911458425935,0.2897236214415017,17.42234162100976,29.07354928232261,1.794783350481522
16.31,31.220837661398765,131.0121104520209,62.74631935668126,-0.2118338133053128,0.2053777671198685,1.2573281027023768,-0.0829885052125532,-1.2690441668373396,0.0,29.043973819625204,12.477707624948748,-85.20624469728915,-33.52316839416932,118.15986315297276,513.5747859487642,15.288,1.0,14.208563527981962,0.0854102464429856,3.7565101144856006e-06,-0.0713358042420556,-0.0152477204938871,0.0056641831260129,0.2950481308123059,17.423422344778203,29.07623441475999,1.7883607430343718
16.32,31.22083721180664,131.01210924585342,62.45700330695509,-0.2168996827276233,0.2075395133797279,1.2510871342758063,-0.0906599769662204,-1.265400935380936,0.0,29.04628802879704,12.482990780731251,-85.24499967714205,-33.70717345455944,118.34451033539496,513.6709190731552,15.288,1.0,14.19767341201838,0.0854167727699968,3.740510335962401e-06,-0.0709812217827215,-0.0149393109397835,0.0056366345326836,0.3001964627109974,17.42435166420708,29.078888188035727,1.7817625476580523
16.33,31.22083676259773,131.01210803889182,62.167649454624005,-0.2216130426042759,0.209584663397861,1.2447693285605037,-0.0984188309591711,-1.2616165774187376,0.0,29.04858769331105,12.488230947469436,-85.2834355832585,-33.89460411173563,118.53258449415364,513.7665509576183,15.288,1.0,14.186650592818015,0.085423256247257,3.724698956383765e-06,-0.0706196978693287,-0.0146279772178755,0.0056085258450866,0.3050210693269308,17.425169861755105,29.081509101835007,1.7750530516100373
16.34,31.220836313771866,131.0121068311416,61.87825802228191,-0.2262252814983735,0.2114680412743003,1.2383739923131172,-0.1062465399458136,-1.2576262441746795,0.0,29.050881204180527,12.493427813667564,-85.32154673230492,-34.08549835227833,118.72412353525446,513.861978273947,15.288,1.0,14.175626341122312,0.0854297215507871,3.709076838170912e-06,-0.0702515694638136,-0.0143139207852256,0.0055798853039487,0.3096714034031936,17.425830022703117,29.084098451012423,1.7681861446479261
16.35,31.220835865328823,131.01210562260815,61.58882922755309,-0.2307325518445351,0.2131884908816125,1.2319029298257869,-0.1141363876037381,-1.2534344597468188,0.0,29.05316852783936,12.498581415930504,-85.35932759575088,-34.27989277197234,118.919163971911,513.9571997557956,15.288,1.0,14.164600665193086,0.0854361685822596,3.6936447288073695e-06,-0.0698769874608602,-0.0139973777149399,0.005550724738873,0.3141442303142074,17.426330888105362,29.086656020407933,1.7611671948935987
16.36,31.220835417268407,131.01210441329707,61.2993632850801,-0.2349203398004339,0.2147812005906647,1.2253634542725087,-0.1220926662449573,-1.24911043675713,0.0,29.055443002872288,12.50369155081298,-85.3967727821949,-34.47782223379253,119.11774058179624,514.0519796150743,15.288,1.0,14.153464681107623,0.0854425777530086,3.678403253158588e-06,-0.0694962104124144,-0.0136785681648268,0.0055210632786665,0.3183053120423508,17.42670843688112,29.089180675952107,1.754052193474597
16.37,31.2208349695904,131.01210320321383,61.009860417458654,-0.2389323634860198,0.2162199665054314,1.218758518909116,-0.1301025656635619,-1.2446238925606423,0.0,29.057709378806468,12.50875768831341,-85.43387712936429,-34.679320847256015,119.31988738996527,514.1464857740472,15.288,1.0,14.14229371842879,0.0854489630303713,3.663352952853592e-06,-0.0691096807967922,-0.0133576830984985,0.0054909368592159,0.3222413338365996,17.426935537576,29.09167305110912,1.7468221543530378
16.38,31.22083452229453,131.012101992364,60.72032084330879,-0.2428304262112483,0.2174928192474496,1.2120890187252125,-0.1381560634418079,-1.2399611333792189,0.0,29.05996968979875,12.513779835609952,-85.47063567327773,-34.88442151793336,119.5256372171474,514.2407901247309,15.288,1.0,14.131121338443249,0.0854553303965398,3.648494265888529e-06,-0.0687175791677535,-0.0130349604026716,0.0054603600892577,0.3259899677795986,17.426999821657883,29.09413329991049,1.7394684531405167
16.39,31.22083407538059,131.01210078075317,60.43074477329847,-0.2464674428065916,0.2186238255268081,1.2053601761623844,-0.1462537130184252,-1.2351705191282203,0.0,29.06221950882,12.518757909839705,-85.50704359320254,-35.093155156435344,119.73502088655916,514.3347358935673,15.288,1.0,14.1198732707631,0.0854616668335688,3.6338275024827256e-06,-0.0683201180968586,-0.012710634323895,0.0054293489128827,0.3294575581738561,17.42692570383696,29.096560775696023,1.7320304599438683
16.4,31.220833628848307,131.0120995683869,60.14113242903104,-0.2498497823103992,0.2196108487104005,1.198578002138534,-0.154389629627583,-1.230263064863482,0.0,29.064459221117648,12.523691306445285,-85.54309628407097,-35.30555145799424,119.94806800629352,514.4283365917272,15.288,1.0,14.108553722859009,0.085467973474834,3.619352877705091e-06,-0.067917774857677,-0.0123848954096791,0.0053979412328561,0.3326462578907937,17.426710766316543,29.098955528099022,1.7245209751447588
16.41,31.220833182697408,131.01209835527092,59.85148402018131,-0.2531107366446622,0.2204301160305703,1.191742792086828,-0.1625503624497099,-1.225205789570432,0.0,29.066692989301647,12.528579951315988,-85.578789376876,-35.521639087168545,120.16480715482582,514.5217394656968,15.288,1.0,14.0972327645922,0.0854742625615072,3.605070514168808e-06,-0.0675107828359911,-0.0120579773466345,0.0053661562787218,0.3356399335262228,17.426330680854626,29.101317985543893,1.7169166344410396
16.42,31.22083273692761,131.01209714141086,59.56179976835407,-0.2561581481489623,0.2210967305642244,1.18485837827614,-0.170733541142498,-1.2200306045319995,0.0,29.06891812756317,12.533423822468633,-85.61411865876715,-35.74144456005207,120.38526476010706,514.6148493451105,15.288,1.0,14.085864226457817,0.0854805261960296,3.5909804060630738e-06,-0.0670993356159468,-0.0117301217880859,0.0053340088492531,0.3383791297219698,17.425800649120042,29.10364783459423,1.709243690828472
16.43,31.220832291538663,131.01209592681235,59.27207988421927,-0.2588861438682813,0.2216283036847806,1.1779326018838407,-0.1789388060231185,-1.2147813097952629,0.0,29.07113165517032,12.538222328247794,-85.64908012040355,-35.964992740396234,120.60946559752584,514.7075605770303,15.288,1.0,14.074394195369909,0.0854867556136884,3.5770824417195445e-06,-0.0666839023983073,-0.011401524138336,0.0053015356206651,0.3407943752579378,17.425138286079378,29.10594486088872,1.7015398736173386
16.44,31.22083184653024,131.01209471148124,58.98232457745369,-0.2614869621330869,0.2219914221324412,1.170965604495186,-0.1871500076519223,-1.20940954136603,0.0,29.0733393579436,12.542975290319488,-85.68367001431223,-36.192307544714566,120.83743349730716,514.8000779225478,15.288,1.0,14.062922761099376,0.0854929678287848,3.5633764248104022e-06,-0.0662647782283457,-0.0110724103052594,0.0052687610403542,0.3430091554514937,17.42430964876494,29.108209601746957,1.6937700584855317
16.45,31.22083140190201,131.0120934954232,58.692534065687006,-0.2639105211021101,0.2221944381083989,1.1639603437555208,-0.1953626295567075,-1.2039349469627143,0.0,29.07553982263037,12.547682711264711,-85.71788476561898,-36.42341067430544,121.0691900730816,514.8923512543467,15.288,1.0,14.051425187252178,0.0854991586858965,3.549862033123102e-06,-0.0658421530927583,-0.0107430246385915,0.0052356998890193,0.3449909887563488,17.423323074930888,29.11044195586908,1.6859506503397113
16.46,31.22083095765369,131.01209227864396,58.40270855959119,-0.2659644953458973,0.2222702748532811,1.1569256395919194,-0.2035805152180097,-1.1984260461418952,0.0,29.077727651853195,12.552344052179446,-85.75172099624707,-36.658321833852405,121.30475494143832,514.9841893023814,15.288,1.0,14.03980275108958,0.0855053123140202,3.5365388314302206e-06,-0.0654164687344813,-0.0104135686371832,0.0052023862691617,0.3466133768598576,17.422211529792186,29.11264169741033,1.6781379412291761
16.47,31.220830513784925,131.01209106114945,58.11284827182665,-0.2678871829107282,0.2221780951750945,1.1498617342905233,-0.211785505639923,-1.1928227599138788,0.0,29.07990977387188,12.556959032034111,-85.78517560445603,-36.897059776997246,121.54414677063036,515.0758373516553,15.288,1.0,14.028178919254234,0.0855114490867414,3.523406304183115e-06,-0.0649880785566871,-0.0100842589202982,0.005168849488056,0.3480320230137916,17.42093379382381,29.11480933998793,1.6702877730958012
16.48,31.22083007029539,131.01208984294544,57.82295341207237,-0.269657385853365,0.2219217661814914,1.1427710768939925,-0.2199716893030932,-1.1871365041070097,0.0,29.08208560526319,12.561527658680175,-85.8182456778035,-37.13964103575008,121.7873820066424,515.1672746612285,15.288,1.0,14.01654356306818,0.0855175672888284,3.510463814312998e-06,-0.0645571751949932,-0.0097553393879432,0.0051351047182147,0.3492334640622972,17.41949369229104,29.11694490761746,1.6624098043694653
16.49,31.22082962718473,131.01208862403783,57.533024191001765,-0.2710227765973317,0.2215449735833336,1.1356629195597103,-0.2281458464482988,-1.181452770155694,0.0,29.08424822943336,12.56604945230942,-85.85092849890982,-37.386079907827785,122.03447486077933,515.2582560836709,15.288,1.0,14.004766775747404,0.0855236465820851,3.497710608299245e-06,-0.0641241721545848,-0.0094270156900612,0.0051011836011764,0.350050217368399,17.417934847731313,29.11904834578792,1.6545728881566564
16.5,31.220829184452576,131.01208740443255,57.243060820283,-0.2722544949402524,0.221001724290177,1.1285377041307822,-0.2362884676021662,-1.1757032605916415,0.0,29.086405262353857,12.570524046009188,-85.88322163387566,-37.63638970035013,122.2854385568622,515.3490513443321,15.288,1.0,13.992988600276812,0.0855297093621455,3.485145854770553e-06,-0.0636894682378017,-0.0090994953072407,0.0050671191869072,0.350662094550077,17.41621109924473,29.121120045945357,1.646726372695954
16.51,31.22082874209856,131.01208618413543,56.95306350860236,-0.2733466977741891,0.2202937186845937,1.1213976331824411,-0.2443929854722382,-1.1698951260568553,0.0,29.088556534861898,12.57495144755298,-85.9151228519606,-37.89058152291392,122.54028412123832,515.4396543785048,15.288,1.0,13.981206530426062,0.0855357551319425,3.4727686057160634e-06,-0.063253259011465,-0.0087730195781248,0.0050329269844871,0.3510660500399233,17.414324120006604,29.123160106017604,1.6388761969797474
16.52,31.220828300122303,131.0120849631526,56.663032461664585,-0.2740141623351337,0.2194707429383761,1.114252058191023,-0.2524678753314579,-1.164123224288294,0.0,29.090694454242303,12.579331216050512,-85.94663011884413,-38.14866411315728,122.79902020812644,515.5297960068501,15.288,1.0,13.9692734212694,0.0855417615653083,3.460577796356513e-06,-0.0628159412487735,-0.0084477942776835,0.0049986372458911,0.3510709343412335,17.412323472656787,29.125168753622035,1.6310979610632481
16.53,31.22082785852343,131.01208374148996,56.372967887163085,-0.2745473173799096,0.2184839682901089,1.1071016099009117,-0.2604929214157772,-1.1583144547012991,0.0,29.092826896554968,12.58366293020838,-85.97774168746628,-38.410645203250425,123.06165446972958,515.6197552555377,15.288,1.0,13.957338931866392,0.0855477518224568,3.448572286397766e-06,-0.0623779397269683,-0.0081240190262576,0.0049642851404964,0.3508719261082007,17.410160394992033,29.12714619486745,1.6233369683226229
16.54,31.22082741730152,131.01208251915352,56.082869993785806,-0.2749418119665357,0.2173352988737256,1.0999484468794023,-0.2684616426829066,-1.1524756918296963,0.0,29.094953719758344,12.587946600378505,-86.00845602261094,-38.676530356048886,123.32819238952884,515.7095270213363,15.288,1.0,13.94540102884672,0.085553725486069,3.436750823284228e-06,-0.0619394503933091,-0.0078019310030937,0.0049298862422454,0.3504672160792794,17.407836784986426,29.129092586805776,1.6155984834242545
16.55,31.22082697645616,131.0120812961494,55.79273899022144,-0.2749072950481131,0.2160758460760661,1.0928018114915885,-0.2763829615701774,-1.1467035203213531,0.0,29.097067441501764,12.592181783503696,-86.03877178856672,-38.94632272340625,123.59863704017616,515.7988459583507,15.288,1.0,13.933309602454488,0.0855596605547168,3.425112040037379e-06,-0.0615008708639979,-0.0074817310788689,0.0048954709499914,0.3496604550862051,17.405403386956397,29.1310084755814,1.6079590492804794
16.56,31.220826535986948,131.01208007248363,55.50257508118274,-0.2747395862507968,0.214656319820687,1.0856624482554171,-0.2842366005649394,-1.1409234619820456,0.0,29.099175798338408,12.596368050774007,-86.06868793936236,-39.2200245020444,123.87299054299902,515.887986234318,15.288,1.0,13.921216803729308,0.0855655797781623,3.413654497349752e-06,-0.061062629140775,-0.0071636128986253,0.0048610746723958,0.348652868535259,17.40281119236315,29.132893855330497,1.6003623785736014
16.57,31.220826095893464,131.01207884816247,55.21237846939473,-0.2744216488537941,0.213081247592151,1.0785326534320767,-0.2920169220058205,-1.1351462012581888,0.0,29.1012783183058,12.600505414914725,-86.0982036431045,-39.49763573508,124.15125286666644,515.9769310470332,15.288,1.0,13.909113756644013,0.0855714817689615,3.4023766469678114e-06,-0.060624918984591,-0.0068478079307332,0.0048267127840579,0.3474341840540673,17.40006472313642,29.134748965254406,1.5928162058090336
16.58,31.22082565617525,131.01207762319197,54.92214936454167,-0.2736864022130706,0.2113981822911537,1.0714213982208742,-0.2997320151943717,-1.129462226729322,0.0,29.103368356125607,12.604593388579282,-86.12731827198371,-39.779154128358506,124.43342164321416,516.0654446553341,15.288,1.0,13.89686199229536,0.0855773469872872,3.391276831201817e-06,-0.0601881569112124,-0.0065345070796002,0.004792417388036,0.3458223508372273,17.39721109265126,29.13657462960881,1.5853920698383763
16.59,31.2208252168319,131.01207639757834,54.63188796636764,-0.2728208360770546,0.2095597973025997,1.0643294401062529,-0.3073621979120042,-1.1237991915419057,0.0,29.105453139153493,12.608631583441683,-86.1560314888612,-40.06457655640728,124.71949367753244,516.1537832567672,15.288,1.0,13.88460886381812,0.0855831966853861,3.3803533240798303e-06,-0.0597527508978793,-0.0062239000378437,0.0047582222201085,0.3440148039609967,17.394203421060357,29.13837064174647,1.5780346322854986
16.6,31.22082477786295,131.0120751713278,54.34159447859333,-0.2717807335031466,0.2075757125846061,1.0572594033269895,-0.3149034580548285,-1.1181758333969942,0.0,29.10753153962751,12.612620008011223,-86.18434316639058,-40.35389774035503,125.00946362222416,516.2419067837174,15.288,1.0,13.872331166783445,0.085589027547482,3.3696042928790087e-06,-0.059318892039064,-0.0059162107130098,0.0047241423660195,0.3419826317124956,17.39105128545388,29.14013738498669,1.5707574059068745
16.61,31.220824339267928,131.01207394444663,54.05126910494005,-0.2703512998872055,0.2054849328996117,1.0502198142942047,-0.3223617189441532,-1.1126684243927072,0.0,29.10959841358744,12.616558102298548,-86.21225338784124,-40.647110277963904,125.3033240077748,516.3296326786124,15.288,1.0,13.859917018105875,0.0855948244484813,3.359027803372478e-06,-0.0588870301320999,-0.0056116156734961,0.0046902128807304,0.3395785176276079,17.387793284974833,29.141875842175345,1.5636207208966415
16.62,31.220823901046376,131.01207271694113,53.760912047141616,-0.2687961648871736,0.2032445682350277,1.0432113457905627,-0.3297185724051649,-1.107210397494908,0.0,29.11166014091303,12.620445556996332,-86.23976252477392,-40.944206111914106,125.60106671407392,516.4171871593447,15.288,1.0,13.847501513945057,0.0856006061484518,3.348621857247848e-06,-0.0584575314896992,-0.005310302474533,0.004656464050558,0.3369858004745211,17.384387071077164,29.143585656080965,1.5565728743929366
16.63,31.22082346319785,131.0120714888176,53.47052350693221,-0.2670291247950026,0.200871849136953,1.0362371988799843,-0.3369724562497399,-1.1018330467680884,0.0,29.11371464454676,12.624282358317078,-86.26687114857997,-41.24517502710802,125.90268146435052,516.5044964651395,15.288,1.0,13.835039462376216,0.0856063665403265,3.338384350903366e-06,-0.0580305897666377,-0.0050124847093315,0.0046229110458443,0.3341463169403462,17.38084974851539,29.145267456187973,1.549636741808824
16.64,31.220823025721835,131.0120702600824,53.18010368405817,-0.2649172908381117,0.1983921387885307,1.0293051701262668,-0.344125707290116,-1.096589808055404,0.0,29.11575888104109,12.62806787337124,-86.2935800510613,-41.55000508468496,126.20815626014164,516.591452513818,15.288,1.0,13.822460857600708,0.085612096675538,3.3283130907857525e-06,-0.0576066915478352,-0.0047183221779262,0.0045895922381761,0.3309687768304158,17.377206430608933,29.146922183055963,1.5428547704815165
16.65,31.220822588617875,131.0120690307419,52.88965277826692,-0.2626860955841086,0.1957695050636625,1.022415803307213,-0.3511619090895517,-1.0914237850970148,0.0,29.117798077137515,12.631801893897896,-86.3198903027301,-41.85868385014886,126.51747861194193,516.6782406805393,15.288,1.0,13.809880905651388,0.0856178119232511,3.3184058218590592e-06,-0.0571861450848099,-0.0044280012978596,0.0045565331127501,0.3276116838460308,17.37342174012926,29.14854941924736,1.5361818381699632
16.66,31.22082215188547,131.01206780080258,52.599170989305854,-0.2601922355681514,0.1930313554814072,1.0155732330802687,-0.3580828330736353,-1.086383693730194,0.0,29.11982894658951,12.635484350715902,-86.34580316104272,-42.17119676945661,126.83063391177484,516.7647442676938,15.288,1.0,13.797224593275091,0.0856235026209705,3.3086601858449663e-06,-0.0567691611371711,-0.0041417210868464,0.0045237500487739,0.3239766156816627,17.369522832593486,29.15015018364448,1.5296541560411656
16.67,31.22082171552412,131.01206657027086,52.308658517917344,-0.2574149529454832,0.1901842142019621,1.0087840303394255,-0.3648856853936264,-1.0814908075467564,0.0,29.12185107845733,12.639114568798728,-86.3713201171581,-42.48752818038292,127.1476064466088,516.85094859345,15.288,1.0,13.78447943383095,0.0856291675608085,3.299073749834104e-06,-0.0563562485265226,-0.0038596253226698,0.0044912836439016,0.320050386612758,17.36551625516308,29.151725090106783,1.5232889253458015
16.68,31.22082127953332,131.01206533915317,52.01811556086749,-0.2545263306436726,0.1872016781716192,1.0020486692505104,-0.3715568158786705,-1.076702141166459,0.0,29.12386827416984,12.642692450803828,-86.39644292020827,-42.80766197825204,127.4683800652924,516.9369885063609,15.288,1.0,13.771732936162564,0.0856348179207946,3.2896440185802943e-06,-0.0559476499119145,-0.0035818988633924,0.0044591539441002,0.3159555202486033,17.361376091438398,29.15327379269588,1.5170509232603409
16.69,31.22082084391258,131.01206410745613,51.72754231293525,-0.2513105530627547,0.1841239456112835,0.9953727018680856,-0.3781022794318247,-1.072089101956364,0.0,29.125875813253312,12.64621781520382,-86.42117349479787,-43.13158010699223,127.7929366664424,517.0226963575722,15.288,1.0,13.758872250699133,0.0856404398213844,3.280368398379669e-06,-0.0555436185074003,-0.0033087201406839,0.0044273805314478,0.3115419779419461,17.35714213050858,29.154797885217537,1.5109941071590312
16.7,31.22082040866139,131.0120628751862,51.43693897287623,-0.2478898159570384,0.1809334015180043,0.98876072826107,-0.3845124688930433,-1.0676306849949324,0.0,29.12787637971613,12.649690018398417,-86.44551401310785,-43.45926420099046,128.1212578434509,517.1081673374918,15.288,1.0,13.745958411853596,0.0856460411549574,3.271244238590929e-06,-0.0551446498400574,-0.0030402213470887,0.0043960034501781,0.3068974623176029,17.352797145325397,29.156297284729348,1.5051022875633182
16.71,31.22081997377923,131.01206164234995,51.146305734475895,-0.244367390310038,0.1776157923004609,0.9822133353278224,-0.3907773386174876,-1.063302447422446,0.0,29.129872112237656,12.653109062864408,-86.46946687240028,-43.79069534737994,128.45332464610047,517.1934773093265,15.288,1.0,13.733043243684817,0.085651628210337,3.2622688213533173e-06,-0.0547509238014081,-0.0027765836952984,0.0043650375016311,0.3020970040144553,17.348327229062157,29.15777189096466,1.4993538805656705
16.72,31.220819539265584,131.0120604089541,50.855642796491,-0.240439255524509,0.1742267650191044,0.9757381697029012,-0.3969082662243021,-1.0592042999728195,0.0,29.131856667370247,12.6564745658449,-86.49303464110199,-44.125853117574565,128.7891166100837,517.2784009407386,15.288,1.0,13.71996786349332,0.0856571823360365,3.253439340934683e-06,-0.0543627771453322,-0.0025179564393465,0.0043345087281138,0.2969273026517633,17.343787453880854,29.159224101446156,1.493825591122759
16.73,31.22081910511993,131.01205917500522,50.564950349725805,-0.2364019456974335,0.1707191687423548,0.9693367333588468,-0.4028869626704784,-1.0552617780300737,0.0,29.13383621402967,12.659786051550505,-86.5162201412679,-44.464717587824126,129.12861378123472,517.3631572059552,15.288,1.0,13.706883193466345,0.0856627216711333,3.244752950354801e-06,-0.0539806257543364,-0.0022644700091853,0.0043044513667394,0.291600324277444,17.339131468848564,29.160652678667216,1.4884586079229198
16.74,31.220818671341743,131.01205794051,50.274228588961726,-0.2321885202902405,0.1671082391889976,0.9630112307484568,-0.4087122766229166,-1.051499659784514,0.0,29.135809321021178,12.663043550604437,-86.53902637831497,-44.80726805469032,129.47179542834908,517.4476952098132,15.288,1.0,13.69375295384038,0.085668242007802,3.236206728162232e-06,-0.0536046155743627,-0.0020162955582454,0.0042748769988938,0.2860708298538367,17.3343744846984,29.16205858463581,1.4832693248823337
16.75,31.2208182379305,131.0120567054751,49.98347770898047,-0.2276477182094601,0.1634237558518193,0.9567688900164792,-0.4143889495363078,-1.0479761984420957,0.0,29.13777298824609,12.666246444427948,-86.56145653852961,-45.15348319570322,129.81864020397683,517.5319083054383,15.288,1.0,13.68049659338432,0.0856737345252285,3.227797685072877e-06,-0.0532351928623471,-0.0017735472788104,0.0042458209386749,0.2802332368685221,17.329546105168696,29.163443496979227,1.4783027507592337
16.76,31.22081780488568,131.01205546990732,49.69269789859971,-0.2230254171518563,0.1596275583942336,0.950609974757778,-0.4199010369083359,-1.044627704161956,0.0,29.139732067137142,12.669394540425907,-86.58351404491388,-45.50334265367734,130.1691277314008,517.6159687429232,15.288,1.0,13.667238912992456,0.0856792134884771,3.219522796317736e-06,-0.0528726263936076,-0.0015363639770608,0.0042173055047474,0.2742647724388797,17.32460882310848,29.16480627293777,1.4735071242475748
16.77,31.22081737220673,131.0120542338134,49.40188935359635,-0.2181223679908424,0.1557578374455066,0.9445387633951664,-0.425254806726543,-1.0415193254948254,0.0,29.141682652192493,12.672487730009484,-86.60520246692985,-45.85682521365914,130.52323677804276,517.6997377053747,15.288,1.0,13.653874917340854,0.0856846674146007,3.211378960112111e-06,-0.052517107174057,-0.0013048918781786,0.0041893455414706,0.268025659484546,17.319600581309953,29.166149005950263,1.4689307783484202
16.78,31.220816939893144,131.0120529972001,49.111052262789066,-0.213018933717984,0.1518049730379689,0.9385601736874452,-0.4304439995305434,-1.038641923393843,0.0,29.14362631316205,12.675525356990496,-86.62652557431737,-46.2139103653216,130.88094682044672,517.7832708769447,15.288,1.0,13.640443330455524,0.0856901009195103,3.2033630338367328e-06,-0.052169104801142,-0.0010792235379387,0.004161978920888,0.2615754380303119,17.314512079521073,29.16747175466725,1.4645662434302245
16.79,31.220816507944384,131.01205176007423,48.82018681201482,-0.2078458505671089,0.1477508065003968,0.9326742332164724,-0.4354584180129391,-1.0359622673423856,0.0,29.14556544872195,12.678507435994876,-86.6474873267206,-46.57457840827953,131.24223814949636,517.8666534202808,15.288,1.0,13.62700947559821,0.0856955210563146,3.1954718318486425e-06,-0.0518287653856866,-0.0008595006939,0.004135217830258,0.2550100050214522,17.30932553072934,29.16877406541265,1.460384565270889
16.8,31.22081607635992,131.01205052244276,48.52929319605784,-0.202275964843115,0.1436556896756094,0.9268882162251474,-0.4403119676640964,-1.0335869491051215,0.0,29.147494017019703,12.681433555868844,-86.6680918150914,-46.93880930255944,131.60709071865128,517.9496705543784,15.288,1.0,13.613401736813664,0.0857009100607735,3.187702102421606e-06,-0.051496406313703,-0.0006458295147357,0.0041090869284757,0.2480976368138375,17.304100927970072,29.170059376343858,1.4564677736241531
16.81,31.220815645139204,131.01204928431247,48.238371600756174,-0.1966488416273019,0.1394658585151462,0.92120276116929,-0.4449853306903263,-1.0314272204963022,0.0,29.149418238875853,12.684303309813236,-86.68834333675053,-47.30658492720942,131.9754864061873,518.0325432733537,15.288,1.0,13.599792688336583,0.0857062862240727,3.1800505747209927e-06,-0.0511723803651227,-0.0004383037225235,0.0040836154471693,0.2410838365162537,17.298785206684226,29.171325463069238,1.4527451885641305
16.82,31.220815214281707,131.01204804569025,47.94742221493046,-0.1908199014405464,0.1352105472330776,0.9156204494417886,-0.4494826184775151,-1.0295301776843055,0.0,29.151335457228864,12.68711671009858,-86.70824631802307,-47.6778874691099,132.34740740097536,518.1151770760694,15.288,1.0,13.58610524651278,0.0857116417341413,3.1725139220355525e-06,-0.0508568032835154,-0.0002370510783963,0.0040588124521,0.2338676105739228,17.29340755104615,29.17257426060953,1.4492507783375739
16.83,31.22081478378692,131.0120468065831,47.65644522541359,-0.1847533847875014,0.1309004217173723,0.91014705640194,-0.453804242386794,-1.0279201416809796,0.0,29.15324506658652,12.689873101818458,-86.7278053311937,-48.05270021276701,132.7228369933688,518.1975503588596,15.288,1.0,13.572317773085018,0.0857169748110841,3.1650887806648886e-06,-0.0505501125720115,-4.21376921151492e-05,0.0040347129863383,0.2264258691209987,17.28797877558578,29.17380683886011,1.4460033790966098
16.84,31.2208143536543,131.01204556699793,47.36544081705095,-0.1786455747952919,0.1265064789528198,0.9047822055436756,-0.4579377293137741,-1.0265449499431556,0.0,29.155150423180395,12.69257244398355,-86.74702511620018,-48.431008553692976,133.1017605899656,518.279782362743,15.288,1.0,13.558528999786336,0.0857222953233238,3.157771766960205e-06,-0.0502524629589627,0.0001463286730884,0.0040113300799985,0.2189019843436471,17.282470241907273,29.175021998280005,1.4429595758895428
16.85,31.220813923883306,131.01204432694175,47.074409178664766,-0.1721879213871271,0.1220862292012568,0.8995317339163575,-0.4618966898030899,-1.025503747673418,0.0,29.15704628150137,12.695214435451902,-86.76591050469699,-48.81279830555823,133.48416401771917,518.3616865251776,15.288,1.0,13.544576602350316,0.0857275878483057,3.150559443644312e-06,-0.0499640953176312,0.0003282618016874,0.0039886824564738,0.2110774330911572,17.27693937874741,29.17622352702766,1.4401957606054274
16.86,31.22081349447344,131.01204308642164,46.783350488142446,-0.1656703466926029,0.1175947590950684,0.8943971500207535,-0.4656653416971668,-1.0247226638496203,0.0,29.158937514371537,12.697798599765475,-86.78446648887227,-49.19805804780256,133.87003587508636,518.4434360206627,15.288,1.0,13.530607101992212,0.0857328667135094,3.143448367040483e-06,-0.0496853677473672,0.0005036024334978,0.0039667995972963,0.2031628721014536,17.271341673759906,29.1774092429668,1.4376532997319789
16.87,31.220813065424142,131.01204184544457,46.49226493629551,-0.1589809136052265,0.1130560245539073,0.8893801191913485,-0.4692469929782716,-1.0242382223488786,0.0,29.160822227930847,12.700324982749905,-86.80269815654285,-49.5867777334388,134.2593661372995,518.5249634435229,15.288,1.0,13.516559917262205,0.0857381263509542,3.136435056384627e-06,-0.0494163567105442,0.0006722501185578,0.0039456875757602,0.1950809134076866,17.265701177994522,29.178581015215947,1.4353583778807153
16.88,31.22081263673492,131.0120406040176,46.201152703000496,-0.1520728304290432,0.1084828758135415,0.8844860645869622,-0.4726434884210425,-1.0240771784057972,0.0,29.16269969214392,12.702792944203024,-86.82061069570294,-49.97894923603177,134.65214670396333,518.606242756763,15.288,1.0,13.502407357570869,0.0857433646145691,3.1295160071550447e-06,-0.0491574654562499,0.0008341673735287,0.0039253787236753,0.1868011040236839,17.260030928226076,29.17974013224734,1.4333323176873265
16.89,31.220812208405263,131.01203936214787,45.91001397012303,-0.1451533441495213,0.103844715770087,0.8797142153772353,-0.4758426663943107,-1.024183185194007,0.0,29.16457313810083,12.70520246491302,-86.83820941648388,-50.37456750215663,135.04837255301936,518.6873888097273,15.288,1.0,13.488253508756587,0.0857485910046694,3.122687710349647e-06,-0.0489088122660263,0.000989275105111,0.0039058831585322,0.1784746347254584,17.25430049704628,29.180885018979183,1.4315287425448968
16.9,31.22081178043464,131.01203811984243,45.61884892151701,-0.1378842444557351,0.0992043774739649,0.8750703393341172,-0.4788606582545202,-1.0246640485780214,0.0,29.166437340414376,12.707553205231775,-86.85549967825288,-50.77362878973023,135.4480399760855,518.7682156723465,15.288,1.0,13.473920301296117,0.0857537901581064,3.1159466196237177e-06,-0.0486706276372078,0.0011375206204548,0.0038872188271207,0.1698633403074917,17.248572960877784,29.18202031980216,1.4300321818947226
16.91,31.220811352822547,131.0120368771086,45.32765773507247,-0.1306077113859096,0.0945082456073102,0.8705548808935515,-0.4816797935744854,-1.025428742014306,0.0,29.168297525622734,12.709844767953898,-86.87248695321266,-51.17613313751272,135.85114905147094,518.848909186668,15.288,1.0,13.45958103181103,0.0857589774420878,3.109289198362015e-06,-0.0484432065998135,0.0012788695305558,0.0038694102363959,0.1612146621444091,17.242794776568473,29.18314283939609,1.4287705656033745
16.92,31.2208109255685,131.01203563395333,45.03644059464439,-0.1231373732791963,0.0897932289094592,0.8661699079576642,-0.484308140636632,-1.026535441375556,0.0,29.17015087410352,12.712077163226766,-86.88917675515938,-51.58208262240776,136.2577018985526,518.9293689845441,15.288,1.0,13.445136288285786,0.0857641445668379,3.1027118848999177e-06,-0.0482266096040819,0.0014132546342946,0.0038524620865812,0.1523995546012309,17.23700311012179,29.184255555744024,1.4277883936138462
16.93,31.220810498672,131.0120343903839,44.74519767712977,-0.1155254078408174,0.0850554264438613,0.8619195790980487,-0.486743491420945,-1.027980995642122,0.0,29.171998173911568,12.714249766227228,-86.90557465975263,-51.991482501761446,136.66770382154297,519.0096230326027,15.288,1.0,13.43060920548684,0.0857692938497006,3.09621111638954e-06,-0.0480212105977885,0.0015406697276261,0.0038364046050033,0.1434591775431473,17.231194208956822,29.185358644147616,1.427084270347963
16.94,31.22081007213254,131.01203314640753,44.4539291564434,-0.1078664344591317,0.0802836991942453,0.8578031938121627,-0.4889800525928406,-1.0297400333680096,0.0,29.173840740151217,12.716362652087764,-86.9216862990939,-52.40434159338688,137.08116368979907,519.0897180632442,15.288,1.0,13.416045490104576,0.0857744291575787,3.089783333165833e-06,-0.0478270466719555,0.0016610583850279,0.0038212411821926,0.1344642421780389,17.22535696709094,29.186451670004075,1.4266367258236392
16.95,31.22080964594964,131.01203190203148,44.16263521743585,-0.0999414840293864,0.0755206088564165,0.853826102566507,-0.4910293392943264,-1.031887086246244,0.0,29.17567554012164,12.71841529996088,-86.93751731259121,-52.82067111711114,137.49809277743145,519.1695460910785,15.288,1.0,13.40132817059478,0.0857795415743219,3.0834249599233748e-06,-0.0476444085145039,0.0017744150081093,0.0038069949022372,0.125266343474012,17.219534433277193,29.187538286185596,1.4265061458800299
16.96,31.220809220122828,131.01203065726298,43.87131603402312,-0.0920521461898784,0.0707196279944495,0.8499873913304258,-0.4928760840900833,-1.0343388683150074,0.0,29.17750669431601,12.720407562931678,-86.95307339604534,-53.24048696612346,137.91850703769444,519.2492536915961,15.288,1.0,13.38660957463378,0.0857846432149596,3.077132445952139e-06,-0.0474734426599441,0.0018807168072003,0.0037936782729982,0.1160812607570518,17.21367973728555,29.188615304684,1.4266261928745902
16.97,31.22080879465164,131.01202941210929,43.579971779127376,-0.0838922262430809,0.0659382768554372,0.8462906872658784,-0.4945357761370896,-1.0371905938358683,0.0,29.17933011482384,12.72233925953982,-86.9683602225872,-53.66380745853439,138.3424248510724,519.3286953096722,15.288,1.0,13.37172788149608,0.0857897220609619,3.0709022252391085e-06,-0.047314261914097,0.0019799427152717,0.0037813000387381,0.1067040714860573,17.20785114257286,29.189687672845498,1.4270731898448894
16.98,31.22080836953561,131.0120281665777,43.288602630641904,-0.0757276829727299,0.0611361510532652,0.8427372939290145,-0.4959960652805175,-1.040373483849972,0.0,29.181149307422608,12.724209915888784,-86.98338349061228,-54.090655638691786,138.76986932964377,519.4079956645804,15.288,1.0,13.356816595625912,0.0857947884199706,3.064730759060336e-06,-0.0471671503862455,0.0020721084821467,0.0037698836254856,0.0973257867030771,17.202007828349767,29.190752549751203,1.4277938328941897
16.99,31.2208079447743,131.0120269206756,42.997208762484014,-0.0674150089832735,0.0563429360607868,0.8393279465115677,-0.4972640952317585,-1.0439314253650287,0.0,29.182962422982943,12.726019588944398,-86.99814887042386,-54.52105789760625,139.2008669353262,519.4870888750073,15.288,1.0,13.341798102658826,0.0857998368557108,3.058614510471253e-06,-0.0470321054063855,0.0021571883121497,0.0037594288478189,0.0878595948935273,17.196179955416017,29.191812749257053,1.4288232231688582
17.0,31.220807520367245,131.01202567441027,42.70579034459488,-0.0589994604121037,0.0515560085958446,0.8360661761786311,-0.49833927169313,-1.047861806002503,0.0,29.18477006076617,12.727767678219015,-87.01266200953192,-54.95504473965848,139.6354482474494,519.5659962117035,15.288,1.0,13.326691640846164,0.0858048691303847,3.0525499607954613e-06,-0.046909444197129,0.002235218662614,0.0037499614088524,0.0783514991028264,17.190364931697236,29.19286845856597,1.4301618947309511
17.01,31.220807096314044,131.0120244277891,42.4143475548692,-0.0505481584891894,0.0467689999487937,0.8329508565585256,-0.4992184459393883,-1.0521458134989945,0.0,29.186573025176727,12.72945428164699,-87.02692852740535,-55.39265120952384,140.07364839004867,519.644746257979,15.288,1.0,13.31152840532339,0.0858098876093031,3.0465336157302e-06,-0.046799146367102,0.0023061857473488,0.0037414800537863,0.0688654856582746,17.18455628633787,29.193919481693644,1.4317950269054507
17.02,31.22080667261424,131.01202318081943,42.12288056324928,-0.0419063843492863,0.042013499227661,0.8299862862581057,-0.4999113031452999,-1.0568383793251668,0.0,29.188369525653943,12.731078852936308,-87.04095397426086,-55.83391583420518,140.5155059722625,519.7232751965204,15.288,1.0,13.296224249689178,0.0858148870284508,3.0405619903237484e-06,-0.0467014745679018,0.0023701317178101,0.0037340058239799,0.0593403644351637,17.178786278895426,29.194968990088796,1.433769823369009
17.03,31.220806249267422,131.01202193350872,41.83138953868352,-0.0333308188131446,0.0372506760893769,0.8271707425220582,-0.5004058241673907,-1.0618663198656095,0.0,29.19016251887425,12.732641374098602,-87.05474386333374,-56.27888258728261,140.96106505504665,519.8016882596045,15.288,1.0,13.280908164351787,0.0858198760808857,3.0346316421205776e-06,-0.0466164648260352,0.0024270674458519,0.0037275422538755,0.0499855598694611,17.173015217229096,29.196013840979216,1.4360283797369993
17.04,31.220805826273203,131.01202068586434,41.53987465707986,-0.0244880983721975,0.0325426612943271,0.8245081989443734,-0.5007205921446742,-1.0673340519367287,0.0,29.191948310396167,12.73414148911516,-87.06830360348766,-56.72759868349083,141.41037294261778,519.8798538173263,15.288,1.0,13.26540376440089,0.0858248439051505,3.0287391363351167e-06,-0.046544263493272,0.0024770301533888,0.0037221008499014,0.0407270389447808,17.167306706071454,29.197060099403853,1.438658006597775
17.05,31.2208054036312,131.01201943789377,41.2483360774466,-0.0157477338563209,0.0278312795616396,0.821997463405572,-0.5008387742116682,-1.0731377542371354,0.0,29.19373096447761,12.735578967766273,-87.08163854331299,-57.18011712369852,141.86348273064658,519.9579165675966,15.288,1.0,13.249898103489675,0.0858298024505603,3.0228810897012728e-06,-0.046485000447486,0.0025200616892775,0.0037176927948371,0.0319776675884408,17.161601064486195,29.198102691476237,1.441576896030234
17.06,31.220804981341008,131.01201818960436,40.95677397569239,-0.0067848320228303,0.0231771636708177,0.8196407701741422,-0.5007783665890312,-1.079375920501619,0.0,29.195507061407767,12.736953683342042,-87.09475390419254,-57.636494397947295,142.320451006114,520.0357546477785,15.288,1.0,13.234219327042808,0.0858347416634275,3.017054133793925e-06,-0.0464387021596931,0.0025561936211489,0.0037143200487169,0.0241498417931998,17.155960531864388,29.19914772166444,1.4448675864361953
17.07,31.22080455940227,131.0120169410037,40.665188519773466,0.0021150689756186,0.0185364561959904,0.8174385431720405,-0.5005275605061161,-1.085971619670417,0.0,29.19727958788351,12.738265210698968,-87.10765481304301,-58.09679262306008,142.78133998756633,520.1134743968398,15.288,1.0,13.218510840395304,0.0858396703249559,3.011254952904785e-06,-0.0464055699818938,0.0025854948107798,0.0037119993761754,0.0186567340419576,17.150339913781597,29.200191287563165,1.4484709073429884
17.08,31.220804137814632,131.01201569209923,40.373579872676025,0.0111627426288506,0.013950196674376,0.8153911330882166,-0.5000986161941309,-1.092987364990797,0.0,29.19904646446299,12.739513575273808,-87.12034625296577,-58.561077934170925,143.24621591442826,520.1910016816959,15.288,1.0,13.202659875562052,0.0858445823218906,3.0054802586711927e-06,-0.0463855517969478,0.0026079980757791,0.0037107266248641,0.0178665835428684,17.14478143688065,29.20123775621076,1.4524402589668521
17.09,31.22080371657777,131.01201444289845,40.08194820136304,0.0201959634503196,0.0093955596244351,0.8135001709863778,-0.4994865081422139,-1.1003834348321848,0.0,29.20080931437383,12.740698253450912,-87.13283307480526,-59.029421706115166,143.7151502698416,520.2683942833485,15.288,1.0,13.186745947157675,0.0858494824267926,2.999726813462384e-06,-0.046378874511072,0.002623791249339,0.0037105204339807,0.0222745028255624,17.13926142810216,29.20228516542184,1.4567474055799945
17.1,31.22080329569132,131.0120131934088,39.79029367379205,0.0293136463077655,0.0048943635892664,0.8117647146368344,-0.498698055276665,-1.1081881287494693,0.0,29.202567246039223,12.741819340456292,-87.14511996922622,-59.50189989262402,144.18821911890748,520.3456203830588,15.288,1.0,13.170714141211116,0.0858543680187411,2.9939914206245414e-06,-0.0463854461521019,0.0026329148173822,0.0037113736145105,0.0297194322420345,17.133802345236067,29.20333605087309,1.4614180206112826
17.11,31.220802875155,131.012011943638,39.49861644996814,0.0384537235008626,0.0004408352109393,0.8101869615655212,-0.497733680008608,-1.116391176646374,0.0,29.20432088189964,12.74287628239196,-87.1572114575403,-59.978593252744254,144.6655033353003,520.4227021113201,15.288,1.0,13.154592120946203,0.085859240927973,2.98827093219132e-06,-0.0464054872428134,0.0026354698870742,0.0037133041717263,0.0384562502933727,17.12839807384231,29.204390128132648,1.4664484267097695
17.12,31.220802454968503,131.0120106935934,39.2069166958616,0.047626751422165,-0.0039584213509383,0.8087651873671454,-0.4965960517389416,-1.124994266037508,0.0,29.206070174424205,12.743869193540524,-87.1691118815951,-60.459587555386335,145.147088805986,520.4996377260916,15.288,1.0,13.13837064388542,0.0858641010150339,2.9825622532888147e-06,-0.0464388891213943,0.0026315083200345,0.0037163036878368,0.047790967208813,17.12305531433835,29.205448387052904,1.471842676890771
17.13,31.22080203513156,131.01200944328264,38.91519457346661,0.0568470472002209,-0.0082962119133046,0.8075017644821195,-0.495289757746522,-1.1340091344369436,0.0,29.20781507044283,12.74479752272839,-87.18082537964723,-60.94497300167422,145.63306585279207,520.5764252840646,15.288,1.0,13.12203784781354,0.0858689481238871,2.9768623374588046e-06,-0.0464858513768641,0.0026211417278975,0.0037203884104921,0.0574492287633804,17.11778139499116,29.20651190452741,1.47761556595644
17.14,31.22080161564388,131.01200819271327,38.62345024577181,0.0660609169790967,-0.0125770362314108,0.8063944973302575,-0.4938145725599167,-1.143418249213786,0.0,29.209556061124264,12.745661380369803,-87.1923558878281,-61.434845055342976,146.12353006376892,520.6530822466746,15.288,1.0,13.105617689248,0.0858737836988121,2.971168201208281e-06,-0.0465462581319971,0.0026044346663882,0.0037255494115882,0.0672475019785584,17.11257142498563,29.207580464908705,1.4837554414498946
17.15,31.22080119650523,131.0120069418929,38.33168387178999,0.075334691174136,-0.016784918626119,0.8054456946992538,-0.4921779830067951,-1.1532480232226767,0.0,29.21129270340943,12.746460230462707,-87.20370710713357,-61.92930330518935,146.61858115421978,520.7295927739307,15.288,1.0,13.089071398893037,0.0858786064375217,2.9654769110457665e-06,-0.0466202836835511,0.002581508180144,0.003731800867367,0.077181921624119,17.107441905744107,29.2086561345948,1.4902895480856102
17.16,31.22080077771536,131.01200569082917,38.03989561451076,0.0845751261124695,-0.0209312510200347,0.8046528826633841,-0.4903781157718738,-1.1634690581036855,0.0,29.213025762223285,12.747194171993396,-87.2148825109831,-62.42845267793549,147.11832418100417,520.8059840919314,15.288,1.0,13.072443364876111,0.0858834185890996,2.959785604195957e-06,-0.0467078068425149,0.0025524394968235,0.0037391334575723,0.0871267404878133,17.10238067694808,29.209737889074667,1.4971964490911487
17.17,31.220800359274065,131.01200443952965,37.748085628971126,0.0938756059867118,-0.0249955619648232,0.8040181539320904,-0.4884240852978659,-1.1741150787141343,0.0,29.21475464899554,12.747862686265313,-87.22588530832277,-62.93240197032433,147.62286807286907,520.882235172551,15.288,1.0,13.055680826653688,0.0858882184234652,2.95409147110183e-06,-0.0468089774049607,0.0025173588593196,0.0037475593801232,0.097146317266016,17.09740898853214,29.21082835542803,1.504509719814173
17.18,31.22079994118113,131.01200318800196,37.45625407517924,0.1031286320749086,-0.0289918220255423,0.8035388603293728,-0.4863136209197864,-1.185152202544938,0.0,29.216480179675685,12.748465864133069,-87.23671845276209,-63.44126521033642,148.1323269932938,520.9583750680847,15.288,1.0,13.038835536069667,0.0858930083396876,2.948391778616181e-06,-0.0469236654222924,0.0024763551855297,0.003757068617719,0.1071262787076261,17.092511891546724,29.21192615511554,1.5122041466510594
17.19,31.220799523436387,131.0120019362537,37.16440111314346,0.1124290806637767,-0.0328994518638805,0.8032168205473965,-0.4840561885747661,-1.1966140858092198,0.0,29.218201821494645,12.749003194769491,-87.2473846058795,-63.95516007630485,148.64681875776716,521.0343847388781,15.288,1.0,13.021853961156788,0.0858977867717436,2.942683851408023e-06,-0.0470520027494126,0.0024295686257688,0.0037676719396041,0.1171438036022573,17.08771079937215,29.21303398796449,1.5203134298113772
17.2,31.220799106039664,131.01200068429264,36.87252689690826,0.1216810878729048,-0.036730585115868,0.803049258875242,-0.4816503862203672,-1.2084698406104346,0.0,29.219920262770103,12.749474770164609,-87.2578861447273,-64.47420921133725,149.1664661497936,521.1102886929621,15.288,1.0,13.004781843103036,0.085902555743452,2.936965094659835e-06,-0.0471938442800786,0.0023770982593358,0.0037793580955985,0.1271039771232292,17.082992617153717,29.214150636347192,1.5288147573827622
17.21,31.220798688990808,131.01199943212634,36.58063158350047,0.1309548713599078,-0.0404690223797381,0.8030376851737522,-0.4791047247043415,-1.2207455025426872,0.0,29.22163518275464,12.749880077421151,-87.26822512807793,-64.99853870257965,149.69139539845406,521.186075452146,15.288,1.0,12.987578406519685,0.0859073143121047,2.9312329770236624e-06,-0.047349310810231,0.0023190948668823,0.003792136996606,0.137065375837342,17.078374176423196,29.215278324112887,1.5377354918910595
17.22,31.220798272289706,131.01199817976254,36.28871532895335,0.1401926739639419,-0.0441205448597497,0.8031792605237131,-0.4764199799961875,-1.2334209173409822,0.0,29.22334700959349,12.750219213213194,-87.27840330002286,-65.52827917488544,150.22173727341973,521.2617602504993,15.288,1.0,12.970269696192924,0.0859120637366345,2.9254850503137604e-06,-0.0475182384764033,0.0022556665984799,0.0038059958532148,0.1469714408562202,17.07384904055046,29.21641657129823,1.5470617573998966
17.23,31.22079785593624,131.01199692720888,35.99677828532408,0.1494133237729196,-0.0476779194009368,0.8034750956507605,-0.4736023411896537,-1.2465066031132834,0.0,29.225055743660032,12.750491664449376,-87.28842206138602,-66.0635645061444,150.75762579891332,521.3373430658995,15.288,1.0,12.952841537135612,0.0859168040183741,2.919718936554356e-06,-0.0477007381613368,0.0021869745666912,0.0038209438234885,0.1568359657935785,17.06942455378502,29.21756651445793,1.5568076690832227
17.24,31.220797439930315,131.01199567447307,35.70482061063518,0.1586242306488674,-0.0511359581092707,0.8039224010465749,-0.4706561275388101,-1.260001211124234,0.0,29.22676146846369,12.750697525377124,-87.29828246720022,-66.60453248618849,151.2991989134905,521.4128268424214,15.288,1.0,12.93528627264571,0.0859215354030647,2.9139323417428763e-06,-0.0478966288700077,0.0021131357569861,0.0038369666966955,0.166662911531038,17.065105905681804,29.21872905201353,1.566975261237029
17.25,31.22079702427188,131.01199442156286,35.41284245296804,0.1677655083581479,-0.0545010812412114,0.8045217601155562,-0.4675837849867843,-1.2738915309992642,0.0,29.22846456555179,12.750836293925891,-87.30798520559098,-67.15132399422689,151.84659764668947,521.4882251605386,15.288,1.0,12.917630492807106,0.0859262590126149,2.908123050108941e-06,-0.0481060082018104,0.0020343205047748,0.0038540726158772,0.1763962164067261,17.06088588430826,29.21990355702082,1.5775580785611822
17.26,31.22079660896088,131.01199316848596,35.12084396537517,0.1769373765662744,-0.0577524148658151,0.8052706245895564,-0.4643946095293643,-1.2882034959778368,0.0,29.230164739491464,12.750908039066632,-87.31753058744177,-67.70408299800705,152.3999661183669,521.5635274460577,15.288,1.0,12.899818512008624,0.0859309739787335,2.902288929018664e-06,-0.0483286873757137,0.0019506556795604,0.0038722466916964,0.1861240609026406,17.05678643669703,29.22109301291414,1.588581562034605
17.27,31.22079619399728,131.01199191525004,34.828825302897975,0.1859733306997787,-0.0609148182313501,0.8061688046431215,-0.4610857975045248,-1.302891464330228,0.0,29.23186276181726,12.750912302990288,-87.32691853413486,-68.26295639990427,152.95945138480215,521.6387612011266,15.288,1.0,12.881932176385275,0.085935682569803,2.8964279331359152e-06,-0.0485647365831198,0.0018623178544084,0.0038914949218044,0.1956953800685934,17.052780564830776,29.222294286347317,1.6000107568590496
17.28,31.22079577938107,131.01199066186288,34.536786609642526,0.1950946197801194,-0.0639469150097599,0.8072143356126475,-0.457673151186391,-1.3180176950477387,0.0,29.233557976170594,12.7508490793565,-87.33614855875965,-68.82809318715273,153.52520258821633,521.7139029720471,15.288,1.0,12.863853112497052,0.0859403828564735,2.890538098191033e-06,-0.0488139819443642,0.0017694470794399,0.0039118035571268,0.2053073374291935,17.048912266680745,29.22351322033524,1.611902708414625
17.29,31.220795365112284,131.01198940833228,34.244728041645,0.2040026339382992,-0.0668963748597493,0.8084058378053763,-0.454147152837636,-1.3334956622274157,0.0,29.235251491030297,12.75071802008663,-87.34521976266133,-69.39964506558343,154.0973715914398,521.7889922942137,15.288,1.0,12.845731700030552,0.0859450780976517,2.884617556400949e-06,-0.0490764363510566,0.0016722204485147,0.0039331740474576,0.2146908957374292,17.045129919964896,29.22474343542717,1.624186047288819
17.3,31.220794951190936,131.01198815466594,33.9526497420183,0.2130594730872522,-0.069697938604808,0.8097424254917264,-0.4505312945164881,-1.3494309776384574,0.0,29.236942386963364,12.750518960871892,-87.35413080954787,-69.977764723575,154.67611124025285,521.8639963226066,15.288,1.0,12.82737652689464,0.0859497655906103,2.878664519016008e-06,-0.049351979521548,0.0015707971953469,0.0039555968974419,0.2241698448206284,17.041503374410237,29.225994263068923,1.63695607955443
17.31,31.22079453761711,131.01198690087168,33.660551864811126,0.221905653898018,-0.0724099100035818,0.8112213302944457,-0.4468127514834267,-1.3657162538627237,0.0,29.23863179025559,12.750251736829888,-87.36287992837491,-70.56260714084975,155.26157667388645,521.9389552372138,15.288,1.0,12.808969724460482,0.085954448646572,2.8726773011634326e-06,-0.0496405295088121,0.0014653478777998,0.0039790659563675,0.2334208390056482,17.03796938173241,29.227257671217604,1.650121985696122
17.32,31.22079412439087,131.01198564695727,33.36843455512534,0.2307965469084793,-0.0749855140634053,0.8128423561364284,-0.4430102842875839,-1.3824279755460729,0.0,29.24031923700696,12.749915976358167,-87.3714648850499,-71.15432731274728,155.85392304718496,522.01385245408,15.288,1.0,12.790374958532208,0.0859591259019736,2.8666542982254184e-06,-0.0499420532935622,0.0013560560242827,0.0040035787790201,0.2426722954370365,17.034578024389333,29.228540543364044,1.6637541631762787
17.33,31.220793711512343,131.01198439293051,33.07629795706922,0.2395712283733447,-0.0774493131954333,0.8146020487476643,-0.439120872798463,-1.399514638585024,0.0,29.24200523441856,12.74951168787431,-87.3798829851829,-71.75308158026705,156.45330686242016,522.0887060598361,15.288,1.0,12.77167180459902,0.0859637988480508,2.860594011159877e-06,-0.0502563657844621,0.0012430835726779,0.0040291208593675,0.2517791385746421,17.031302330194872,29.22983952845544,1.6778095429353554
17.34,31.22079329898163,131.01198313879925,32.78414221972205,0.2482716503483064,-0.0797912786857534,0.8165001990243475,-0.4351529310949402,-1.4169909013334632,0.0,29.243689849797224,12.7490383927379,-87.38813105116861,-72.35902569253427,157.05988403009073,522.163518438464,15.288,1.0,12.752834356552212,0.0859684676828449,2.854495028556541e-06,-0.0505834864318874,0.001126631715534,0.0040556940265225,0.2607784896677358,17.02815271591537,29.231156269101493,1.692304305646339
17.35,31.22079288679889,131.01198188457127,32.491967484210285,0.2569659562322003,-0.081997020674059,0.8185334645649797,-0.4311150995774724,-1.4348721117082248,0.0,29.245373192508964,12.748496118244908,-87.39620541777737,-72.97231516258945,157.67381022550873,522.2382934766536,15.288,1.0,12.733823671015786,0.0859731327280412,2.848356039407975e-06,-0.0509231915824488,0.0010068641311374,0.0040832806226861,0.2697312903285597,17.02514440575816,29.232493135017275,1.7072537124441882
17.36,31.22079247496432,131.01198063025444,32.199773897625704,0.2654518833533093,-0.0840985342635745,0.8207006855342244,-0.4270034723654352,-1.453099687001662,0.0,29.247055608956494,12.747884445963876,-87.40410192012321,-73.59310457266528,158.29524019379193,522.3130435288056,15.288,1.0,12.714740411955948,0.0859777950021381,2.8421758325359814e-06,-0.0512754766013328,0.0008839858745395,0.0041118805809386,0.2784550506576847,17.022242138129812,29.23384544682888,1.7226085687157173
17.37,31.220792063478097,131.0119793758566,31.907561608054632,0.2740577398468831,-0.0860371641811487,0.82299979413899,-0.4228403923024292,-1.471767887458436,0.0,29.24873709527161,12.74720322355275,-87.41181588036534,-74.22154637609229,158.92432655101695,522.3877684416924,15.288,1.0,12.695410792501368,0.0859824544939314,2.835953289662482e-06,-0.051640174801874,0.0007581779946513,0.0041414807894299,0.287245508122443,17.019509411891573,29.23522241420429,1.7384543057179154
17.38,31.22079165234048,131.0119781213856,31.61533075066001,0.2824542066840878,-0.0878668929171631,0.8254278912940579,-0.4186151141312633,-1.4907770443945847,0.0,29.250417985701088,12.746452265088212,-87.41934210475749,-74.8577914944882,159.56122038253264,522.462480141059,15.288,1.0,12.676001575392808,0.0859871121861616,2.8296874024313795e-06,-0.0520171680054088,0.0006296333769067,0.0041720720704072,0.2958055226015936,17.016886919292446,29.236615891846995,1.754703967511084
17.39,31.220791241551687,131.01197686684927,31.32308147253472,0.2908158785770815,-0.089555616268063,0.8279840411806083,-0.4143429398486637,-1.5101792197830632,0.0,29.25209843699896,12.745631153092775,-87.42667486742428,-75.50198718535601,160.20606910892317,522.5371842153163,15.288,1.0,12.656418371649051,0.0859917685397893,2.8233772542661664e-06,-0.0524064086167863,0.0004985603329635,0.0042036508803241,0.3042926465819691,17.014409281733677,29.23803107941917,1.7714059162475397
17.4,31.220790831112,131.01197561225564,31.03081391381303,0.2991189200057762,-0.0911053078778635,0.8306645453647817,-0.410028264600392,-1.529962252606503,0.0,29.253778681838977,12.744739877034531,-87.4338079083461,-76.15427760944276,160.8590170545293,522.6118889673064,15.288,1.0,12.63666998814154,0.085996424238949,2.8170220376614943e-06,-0.0528076685684189,0.0003651394576807,0.0042361992085357,0.3126855129726937,17.012073942237226,29.239467899572883,1.7885500437779351
17.41,31.220790421021725,131.0119743576125,30.73852821462982,0.3072177788515054,-0.0925388966087827,0.8334680920995259,-0.4056703594328834,-1.5500835883360675,0.0,29.25545878539096,12.743778000099748,-87.44073442302478,-76.81480245991689,161.52020407584732,522.6865967177608,15.288,1.0,12.61682789648024,0.0860010794753538,2.81062104676658e-06,-0.0532209185891255,0.0002295883280798,0.0042697149633888,0.3208521917650621,17.009855296422838,29.240922815822785,1.8060998399588124
17.42,31.220790011281185,131.0119731029278,30.4462245161142,0.3154149994107675,-0.0938027762889483,0.8363920961535675,-0.4012906143099544,-1.5706295467698037,0.0,29.25713931019569,12.742745331761729,-87.44744705593938,-77.48369596749745,162.1897645663124,522.7613275616169,15.288,1.0,12.596731738939068,0.0860057359028195,2.804173675396204e-06,-0.0536459821227626,9.210209814582024e-05,0.0043041843087581,0.3290676128201741,17.007811813468244,29.242404811134094,1.8241335117879223
17.43,31.220789601890743,131.01197184820947,30.15390295840173,0.3234179818527623,-0.0949452990098486,0.8394335145072487,-0.396880364664665,-1.591510402344661,0.0,29.258820124359712,12.741641682457448,-87.45393789764663,-78.16108705316157,162.86782760983735,522.8360767830251,15.288,1.0,12.576529480205233,0.0860103931337439,2.7976794298908213e-06,-0.0540827124844154,-4.711638611693927e-05,0.004339595700254,0.3370663214365421,17.005889938493688,29.243906158492244,1.8425710325264568
17.44,31.220789192850766,131.01197059346546,29.861563679639893,0.331315627626579,-0.0959496779911172,0.8425910052527421,-0.3924508684751254,-1.6127525329030887,0.0,29.260501551493448,12.740466600446062,-87.46019847747905,-78.84709731337549,163.55451496474907,522.9108559445732,15.288,1.0,12.556171245761368,0.0860150521195513,2.7911379148652183e-06,-0.0545310560253938,-0.0001878459773694,0.0043759451229012,0.3449293887190929,17.004107698225546,29.245429818363448,1.8614370842671624
17.45,31.220788784161684,131.01196933870375,29.56920681797678,0.3392184921874348,-0.0967955555363717,0.8458609107202917,-0.3880136589247247,-1.6343836159955147,0.0,29.262184101891105,12.73922000140193,-87.46621976227158,-79.54184091691992,164.24994096126292,522.9856832862905,15.288,1.0,12.535596332466968,0.0860197143604233,2.784548843682686e-06,-0.0549907831707479,-0.0003298934406919,0.004413214471398,0.3527583529008066,17.00248717144968,29.24697949881496,1.880756519071857
17.46,31.220788375823894,131.01196808393237,29.27683251255464,0.3469285593035278,-0.0975155060747737,0.8492410990597244,-0.3835653118797204,-1.6563436236760132,0.0,29.263867546862688,12.737901529651577,-87.47199215379133,-80.24542370115033,164.95421159761895,523.0605506371135,15.288,1.0,12.51490368023114,0.0860243791842001,2.77791203884598e-06,-0.0554618039071109,-0.0004730396779774,0.0044513967258097,0.3603728388353928,17.000991985889822,29.24854985438301,1.900475464851294
17.47,31.22078796783789,131.01196682915915,28.98444089655167,0.3545950064852911,-0.0980828353503478,0.8527295457133943,-0.3791200570285188,-1.678675475933176,0.0,29.265552526830884,12.736510786954128,-87.4775054878199,-80.95794152916886,165.6674228964476,523.1354808948836,15.288,1.0,12.494012341248984,0.0860290484735732,2.7712274237331365e-06,-0.0559440180657557,-0.0006170655434062,0.0044904841809637,0.3679099596235628,16.9996512523406,29.250145718606817,1.9206329814083047
17.48,31.22078756020414,131.01196557439232,28.6920321120933,0.3622066267267484,-0.0984984276812464,0.856322498522655,-0.3746833781152782,-1.701370761862508,0.0,29.26723931786488,12.73504766365964,-87.4827490352788,-81.67948020542974,166.38966082111972,523.2104839380828,15.288,1.0,12.472924787430076,0.0860337230401609,2.764495034069545e-06,-0.0564372017814554,-0.0007617714693686,0.0045304591465471,0.3753604287310103,16.998463643686886,29.25176722864619,1.9412208335561851
17.49,31.22078715292317,131.01196431963984,28.399606287387574,0.3696353997323512,-0.09878329262926,0.8600180080547845,-0.3702555525886613,-1.724390461740266,0.0,29.26892772413792,12.733511743674228,-87.48771150403921,-82.4101140673,167.12099986678172,523.2855527752562,15.288,1.0,12.45170376605082,0.086038402308389,2.7577150128578145e-06,-0.0569412737941857,-0.0009069321105039,0.0045713153027445,0.3826072820262951,16.997405477841912,29.253410888504146,1.9622035095631802
17.5,31.22078674599552,131.0119630649097,28.10716356555505,0.3770362594634446,-0.0989101620172137,0.8638136691686991,-0.3658510975665277,-1.7477786522525929,0.0,29.270618604682888,12.7319026333788,-87.49238104353715,-83.14990463776503,167.86150171262705,523.3607181342555,15.288,1.0,12.430265453140883,0.0860430888035309,2.750887606644162e-06,-0.057456115703756,-0.0010523272978776,0.0046130435110752,0.3897940736913602,16.99650665543654,29.25508184048191,1.9836207545554703
17.51,31.220786339421768,131.01196181021015,27.81470407579848,0.3843708832929411,-0.0988849731335444,0.8677058117159457,-0.3614742328394001,-1.771519110584841,0.0,29.272312139467047,12.730220175346195,-87.4967452492379,-83.89890034272949,168.61121493980409,523.4359864680996,15.288,1.0,12.408626445853296,0.0860477830546676,2.7440131749772355e-06,-0.0579815141530165,-0.0011977521331997,0.0046556269025058,0.3968867182797015,16.995760259596462,29.25677933192077,2.005456794812535
17.52,31.220785933202496,131.01196055554917,27.52222795328596,0.3915344648616074,-0.0987251782198455,0.8716923959071218,-0.3571264283730939,-1.795579465511848,0.0,29.27400812610039,12.728463933272277,-87.50079117033161,-84.65713502111247,169.37017354096807,523.5113505564286,15.288,1.0,12.38683757081791,0.0860524844669163,2.737092184784388e-06,-0.0585173810669142,-0.0013429795157973,0.0046990586026516,0.4037892349647703,16.995146516140906,29.25850041904314,2.0276815666895613
17.53,31.22078552733836,131.01195930093493,27.229735333185943,0.398637596754787,-0.0984115100393285,0.8757709754286666,-0.3528200085446233,-1.8199907576452536,0.0,29.275707387463207,12.726633476827676,-87.50450531992719,-85.42462665638483,170.1383956515004,523.5868398500904,15.288,1.0,12.364838055073813,0.0860571954592202,2.7301252078622626e-06,-0.0590636045574287,-0.0014877858532967,0.0047433299876917,0.4106051662868217,16.994686546928182,29.260248951215623,2.0503226862488866
17.54,31.22078512183,131.01195804637558,26.937226346690576,0.4057139519892614,-0.0979380009758087,0.8799378712008553,-0.3485629033587166,-1.8447583350590104,0.0,29.27741046961082,12.72472859592149,-87.5078736845807,-86.20137687185449,170.9158830452063,523.6624739069377,15.288,1.0,12.342607243683366,0.0860619176367632,2.7231129275872583e-06,-0.0596199775946816,-0.0016319634675814,0.0047884247495232,0.4173673472588975,16.994386722813157,29.26202641188382,2.0733837246252906
17.55,31.220784716678114,131.01195679187933,26.64470112698076,0.4126329228978499,-0.0973269333213515,0.8841908559628973,-0.3443551887258798,-1.869841660522804,0.0,29.279116965272017,12.722748858645415,-87.51088173771683,-86.98736969202285,171.7026198953741,523.7382381862373,15.288,1.0,12.320209467826691,0.0860666498023748,2.7160561361506247e-06,-0.0601863975478867,-0.0017752866633451,0.0048343348065043,0.4239555368684598,16.994221867023327,29.26382889368837,2.0968266025586177
17.56,31.220784311883424,131.01195553745438,26.352159805249286,0.4194083925858094,-0.0965760022158513,0.8885276883747784,-0.3402043272632812,-1.8952434395880933,0.0,29.280827226595505,12.720693785515104,-87.51351445635274,-87.78257023305945,172.49857146487926,523.8141453129933,15.288,1.0,12.29763415142583,0.0860713929912307,2.708955731022496e-06,-0.060762769746752,-0.001917528429577,0.0048810528382755,0.4303837327153454,16.994194232819325,29.2656571108252,2.12065276096748
17.57,31.220783907446656,131.011954283109,26.059602514677792,0.4262496260415508,-0.0956496043372691,0.8929447607900735,-0.3361273063715248,-1.9210221553695648,0.0,29.28254298201512,12.718563052453057,-87.5157563373955,-88.58692399747405,173.30368340103524,523.8902571628481,15.288,1.0,12.274769593063883,0.0860761522840825,2.7018127184392458e-06,-0.0613489166574994,-0.0020584761792265,0.0049285650993792,0.4368494268359537,16.994343399208585,29.26751838427856,2.1449144582784054
17.58,31.220783503368622,131.0119530288514,25.76702938248328,0.4329489525440476,-0.0945836218036759,0.897439522019665,-0.3321200545673912,-1.9471133115233537,0.0,29.284263247402084,12.716356276929352,-87.51759141598684,-89.40035607041946,174.11788093195128,523.9665385642064,15.288,1.0,12.25172025196813,0.0860809247880543,2.694628214906485e-06,-0.0619447034914463,-0.0021979104639703,0.0049768608246773,0.4431598884728659,16.99462895640244,29.269406093579605,2.169551030568346
17.59,31.220783099650127,131.01195177468995,25.47444054184794,0.4395140305198513,-0.0933772247627111,0.9020096900099164,-0.3281896586647929,-1.9735178039247383,0.0,29.285988384005904,12.714072956040862,-87.5190032893381,-90.22276985417552,174.94106760059748,524.0430024815129,15.288,1.0,12.228478859964822,0.0860857115650303,2.687403442647565e-06,-0.0625500384150319,-0.0023356051398337,0.00502593292197,0.4493236229059265,16.995051560080473,29.27132073033256,2.194562019022069
17.6,31.220782696291984,131.011950520633,25.18183612297201,0.4460024985074343,-0.0920211650666474,0.9066526890101833,-0.324345655981612,-2.0002510495052728,0.0,29.287719173716283,12.711712587290664,-87.51997514088522,-91.05404625188416,175.77312444849696,524.1196769393649,15.288,1.0,12.205012262100084,0.0860905149133347,2.680139729875255e-06,-0.0631648170911542,-0.002471337054424,0.0050757733678196,0.4553964783133581,16.995621341010718,29.273264529123093,2.2199602393039575
17.61,31.220782293295088,131.0119492666889,24.889216250091,0.4525114048134951,-0.090499583658206,0.9113650406792076,-0.3205992554924733,-2.027338466316543,0.0,29.28945682568231,12.709274801122447,-87.5204897649224,-91.8940431011654,176.61390944947456,524.1966052654196,15.288,1.0,12.181267016942751,0.0860953383871795,2.672838513248152e-06,-0.06378887567249,-0.0026048942868561,0.0051263694342829,0.4614721831695731,16.996355911015513,29.275241190234663,2.245767436089778
17.62,31.220781890660326,131.0119480128661,24.596581060364745,0.4589040626965265,-0.08883675612682,0.91614450684886,-0.3169500064125417,-2.054737568702502,0.0,29.29120064997341,12.706759104165174,-87.52052959515694,-92.74259441286672,177.46325674828512,524.2737628205944,15.288,1.0,12.157310820520236,0.0861001799584697,2.6655013366764057e-06,-0.0644221114030771,-0.0027360557150057,0.0051777129724552,0.4674235116470746,16.997227805991017,29.277246210543726,2.2719428998616404
17.63,31.22078148838865,131.01194675917304,24.303930676041315,0.4651892076264469,-0.0870322034363446,0.9209887576960724,-0.3134049088212097,-2.0824497215271967,0.0,29.292951091001672,12.704164945916691,-87.52007673677373,-93.59950958636092,178.32097587568967,524.3511655675676,15.288,1.0,12.133135922846735,0.0861050409334716,2.6581298489651583e-06,-0.0650644390054765,-0.002864598672105,0.0052297974341477,0.4732604324132903,16.99823735955141,29.279280109711912,2.298486408783938
17.64,31.220781086481,131.01194550561823,24.011265228316283,0.4713758838517928,-0.0850855247333454,0.9258954339763786,-0.3099709247741807,-2.1104763916626847,0.0,29.294708617661843,12.701491759632765,-87.51911299909695,-94.46457292385624,179.1868512627349,524.4288303511655,15.288,1.0,12.10873442567576,0.0861099226904025,2.6507258037732263e-06,-0.0657157738564738,-0.0029903020189904,0.0052826163299042,0.4789933267386564,16.999384836414816,29.28134341960275,2.325397800082647
17.65,31.220780684938383,131.01194425221018,23.718584844409108,0.4776144962656962,-0.0829722544150032,0.9308612665834634,-0.3066619927228115,-2.138860187003762,0.0,29.296475131077727,12.6987390376709,-87.51761992926019,-95.3375433303655,180.06064194076131,524.5068253059934,15.288,1.0,12.084025168935518,0.0861148308173914,2.643291060468575e-06,-0.0663759963819395,-0.0031129524271028,0.0053361606233548,0.4847678233792547,17.000697647189586,29.28344188438698,2.35271485202858
17.66,31.22078028376184,131.01194299895755,23.42588965054528,0.4837825616825625,-0.0807147601370093,0.9358840092768472,-0.3034781682608558,-2.167562941050724,0.0,29.298249949142107,12.695906249010315,-87.5155788482787,-96.21815405902024,180.94208128669072,524.5851260853801,15.288,1.0,12.059068566763427,0.0861197633093033,2.6358275838088936e-06,-0.0670450087633876,-0.0032323348685905,0.0053904225636785,0.4904694533472208,17.00215046337876,29.285571308461527,2.3804005925153717
17.67,31.22077988295245,131.01194174586897,23.13317977593328,0.4898732552117802,-0.0783157418893042,0.9409614667388,-0.300425493201767,-2.196581901061963,0.0,29.300033450657303,12.692992772210696,-87.51297089063236,-97.10611244474316,181.8308767565381,524.6637463290973,15.288,1.0,12.033864966173944,0.086124721279469,2.6283374418637945e-06,-0.0677227446669655,-0.0033482311401868,0.0054453971222705,0.4960937533850108,17.003740104603512,29.287731646518942,2.4084509558896454
17.68,31.220779482511286,131.0119404929531,22.840455345805115,0.4958966463864845,-0.0757751333089829,0.946091399479738,-0.2975108130169216,-2.225919460476645,0.0,29.301826201091465,12.689997970238004,-87.5097770441607,-98.00109990882368,182.7267098899493,524.7427063673128,15.288,1.0,12.008405952421771,0.0861297063898974,2.6208228055183384e-06,-0.0684091415557651,-0.0034604247852189,0.0055010796130805,0.5016524806590716,17.005466523888817,29.28992347445484,2.4368666489080106
17.69,31.22077908243948,131.0119392402187,22.54771648539325,0.501863103091574,-0.0730929403833649,0.9512716022379438,-0.2947409381787372,-2.255578285857416,0.0,29.30362879458196,12.68692118524452,-87.50597819109397,-98.90277212975911,183.6292364810232,524.8220275651745,15.288,1.0,11.98268295092501,0.0861347203868354,2.613285948037164e-06,-0.0691041432909744,-0.0035687008318798,0.0055574658738433,0.5071577817060603,17.007329609208202,29.2921473854693,2.465648654105914
17.7,31.2207786827382,131.01193798767463,22.25496332390699,0.507825106367355,-0.0702620821153944,0.956499650910953,-0.292124744736692,-2.285573626424188,0.0,29.30544235648787,12.683761734869885,-87.50155514999963,-99.81075938247784,184.53808691752727,524.9017503253212,15.288,1.0,11.956665516004623,0.0861397665779747,2.605729244709412e-06,-0.0698076940752854,-0.0036728470098588,0.0056145518758546,0.5126626274345913,17.009337277840473,29.294405617204102,2.4948096621758675
17.71,31.220778283408645,131.01193673532978,21.962195985585343,0.513817441856773,-0.0672786255914549,0.961773047879032,-0.289670085257254,-2.3159152839170605,0.0,29.30726788896277,12.680518972696492,-87.49648871818265,-100.72466706267448,185.4528667052484,524.9819106515902,15.288,1.0,11.93033242505366,0.0861448479088127,2.598155172698778e-06,-0.0705197323709829,-0.0037726549685543,0.0056723331134519,0.5182032957022062,17.01149391853899,29.296699789596275,2.5243572956695544
17.72,31.22077788445205,131.011935483193,21.669414594667543,0.5197767063417092,-0.064155563037516,0.9670900891612972,-0.2873798674609732,-2.346584716588553,0.0,29.30910520377748,12.67719216254102,-87.49075971620506,-101.6440762782927,186.37315705939767,525.062501910428,15.288,1.0,11.903713341470857,0.0861499638258519,2.5905663094358487e-06,-0.0712402299944305,-0.003867913764193,0.005730807539053,0.523720963694137,17.013784785977037,29.299027673607046,2.554272941739561
17.73,31.2207774858697,131.0119342312733,21.37661927738148,0.5257141803499711,-0.060893218748969,0.972448861473512,-0.2852607700343118,-2.377586020445002,0.0,29.310955006851817,12.673780535665896,-87.48434903182967,-102.56854468111284,187.29851573618808,525.1435495063671,15.288,1.0,11.876799137512892,0.0861551164038109,2.582965331943561e-06,-0.0719691702387688,-0.0039584137738696,0.0057899742043846,0.5292289480489912,17.01620946476092,29.30138992421871,2.584559107414106
17.74,31.22077708766286,131.0119329795798,21.08381016094948,0.53164142831314,-0.0574919817609026,0.977847507548052,-0.2833194269876201,-2.4089236499443367,0.0,29.312818037705625,12.670283297056368,-87.47723766387564,-103.49760747313158,188.22847803921024,525.2250800577006,15.288,1.0,11.84958051135462,0.0861603078161451,2.5753550160866183e-06,-0.0727065455762141,-0.0040439472570345,0.005849832913316,0.5347409105392047,17.018767480090226,29.303787219844068,2.615218690088398
17.75,31.22077668983291,131.01193172812165,20.790987366629388,0.5375702718494572,-0.0539523081270233,0.9832842800356458,-0.2815624456650433,-2.4406025500259383,0.0,29.314695070366728,12.666699615892966,-87.46940676542219,-104.43077859961636,189.16255801250088,525.3071214298659,15.288,1.0,11.822047987235903,0.0861655403377104,2.567738235949752e-06,-0.073452362336124,-0.0041243077202655,0.0059103845993104,0.5402708240454566,17.021458294525242,29.306220262876355,2.646255126280762
17.76,31.2207762923812,131.01193047690802,20.498151022638343,0.5435128051480485,-0.0502747159074446,0.98875749512032,-0.2799963855857928,-2.472628058608956,0.0,29.31658691487661,12.66302863272765,-87.4608376862208,-105.36755210954053,190.10024980099865,525.3897027898784,15.288,1.0,11.794191910357004,0.0861708163491916,2.5601179631952245e-06,-0.0742066371739458,-0.0041992906828569,0.0059716310426195,0.5458329786709089,17.024281313041296,29.30868978198218,2.6776722869533556
17.77,31.22077589530917,131.01192922594828,20.2053012502348,0.5494813714253549,-0.0464597867330095,0.994265590195671,-0.2786277786927945,-2.5050060504836105,0.0,29.31849441831788,12.659269449182972,-87.45151201430551,-106.30740366222231,191.04102915719224,525.4728546441918,15.288,1.0,11.76600244465114,0.086176138340115,2.552497266158729e-06,-0.0749694021136829,-0.0042686929720654,0.006033575277266,0.5514419490312229,17.027235880662886,29.31119653288324,2.7094746383507493
17.78,31.220775498618263,131.01192797525172,19.912438172665787,0.5554885663814452,-0.0425081626675378,0.9998070975561232,-0.2774631163814089,-2.5377428864308653,0.0,29.32041846627616,12.655421131654716,-87.4414116156158,-107.24979221219871,191.98435512603464,525.5566088920431,15.288,1.0,11.737469569791676,0.0861815089131407,2.544879309258362e-06,-0.0757407027067616,-0.0043323131921792,0.0060962214443301,0.5571125870588389,17.030321285454985,29.31374130031101,2.741667188209784
17.79,31.22077510230996,131.01192672482796,19.61956191814944,0.5615472299987051,-0.0384205449846835,1.00538066024363,-0.2765088536609592,-2.570845461809029,0.0,29.32235998418912,12.65148270788711,-87.43051867215378,-108.19416181793628,192.92967185368144,525.640998873846,15.288,1.0,11.70858307736542,0.0861869307880407,2.537267352124217e-06,-0.0765205996797173,-0.0043899515928352,0.0061595749259955,0.5628600026044095,17.033536759388657,29.316324899547865,2.7742555409783174
17.8,31.2207747063858,131.01192547468645,19.32667260794512,0.5676704269416127,-0.0341976948188296,1.0109850640852596,-0.2757714199227964,-2.604321293073986,0.0,29.324319938564336,12.647453159495996,-87.41881571792588,-109.13994358180553,193.87641052750104,525.7260594165195,15.288,1.0,11.679332568664025,0.0861924068052617,2.5296647487189634e-06,-0.0773091719732917,-0.0044414096952356,0.0062236425917178,0.5686995319923244,17.036881477119625,29.31894817754265,2.807245994459387
17.81,31.220774310847336,131.01192422483695,19.033770368283378,0.5738714493043541,-0.0298404299163528,1.016619235323423,-0.2752572167039821,-2.63817852764511,0.0,29.326299338617968,12.643331424927922,-87.40628567168878,-110.08655773186608,194.82399145792965,525.8118268930438,15.288,1.0,11.649707450410972,0.0861979399307416,2.522074946822545e-06,-0.078106516946267,-0.0044864903992736,0.006288432816388,0.5746467278314047,17.04035455922916,29.32161201505961,2.8406455514028717
17.82,31.2207739156962,131.01192297528917,18.74085532042419,0.5801638095111195,-0.0253496230001481,1.022282230081798,-0.2749726118293624,-2.672425931884999,0.0,29.3282992378316,12.63911639872922,-87.3929118669189,-111.03341579149946,195.77182624817257,525.8983392788033,15.288,1.0,11.619696931886924,0.0862035332604922,2.514501487390707e-06,-0.0789127499382783,-0.0045249981960849,0.0063539554469245,0.5807173385478487,17.043955073687908,29.32431732849208,2.8744619073156423
17.83,31.22077352093404,131.011921726053,18.44792759258693,0.5865612213281299,-0.0207262020989758,1.027973253912133,-0.2749239459228207,-2.7070729506201605,0.0,29.33032073535579,12.63480692452774,-87.37867807893062,-111.97992281401008,196.7193200288675,525.9856362031665,15.288,1.0,11.589290022037227,0.0862091900247181,2.506948003713392e-06,-0.0797280063712087,-0.0045567389418913,0.006420221973301,0.5869272755733291,17.04768203514335,29.32706507121425,2.908703516479432
17.84,31.22077312656253,131.0119204771385,18.15498730205572,0.5930775755227488,-0.0159711517262197,1.0336917046371727,-0.2751175490162086,-2.742129824931939,0.0,29.332364977365653,12.630401784413804,-87.36356854811203,-112.9254796901768,197.66587376572093,526.0737589996517,15.288,1.0,11.558475525113275,0.0862149135917899,2.4994182207623675e-06,-0.0805524458597814,-0.0045815192835356,0.0064872458615319,0.5932925746755099,17.051534403285014,29.32985623475152,2.9433797211358335
17.85,31.22077273258344,131.01191922855574,17.862034579038927,0.5997269718994099,-0.0110855043460285,1.0394371009060563,-0.2755597115632778,-2.777607442837197,0.0,29.33443315953276,12.625899719712418,-87.34756799834447,-113.8694855268444,198.61088663822787,526.1627507950983,15.288,1.0,11.527242037286328,0.0862207074755198,2.491915955072274e-06,-0.0813862467106988,-0.0045991477240155,0.0065550421130252,0.599829413035764,17.05551109230058,29.332691852592884,2.978500587188362
17.86,31.220772338998508,131.0119179803149,17.56906954479781,0.6065236656315643,-0.0060703464462838,1.0452091650545323,-0.276256717293574,-2.8135175504215337,0.0,29.3365265279886,12.621299407487134,-87.33066165318934,-114.81133997740017,199.55375837022217,526.2526565455062,15.288,1.0,11.495577944824976,0.0862265753379896,2.484445113684549e-06,-0.0822296134803295,-0.0046094334489045,0.0066236278752946,0.6065540410397323,17.05961096380273,29.335573000200363,3.0140771355580473
17.87,31.22077194580958,131.01191673242647,17.276092321588155,0.6134820812600666,-0.0009268129715988,1.0510077722092024,-0.2772148229067856,-2.849872651665854,0.0,29.33864638163269,12.6165994697129,-87.31283524601314,-115.75044562848257,200.49389161673088,526.3435231205776,15.288,1.0,11.4634714178311,0.0862325209963236,2.4770096940558847e-06,-0.0830827733055174,-0.0046121870690269,0.0066930221489949,0.6134827813203014,17.063832833026787,29.338500798191557,3.0501212313605435
17.88,31.220771553018505,131.01191548490087,16.98310303564265,0.620616785065287,0.0043439111740416,1.056832992618088,-0.2784402756998277,-2.886686129054384,0.0,29.340794073716697,12.611798464463236,-87.2940750268365,-116.68621032020395,201.4306942843152,526.4353993615198,15.288,1.0,11.43091040828483,0.0862385484273499,2.4696137834199223e-06,-0.083945980115448,-0.0046072200096788,0.0067632461296456,0.620631986551945,17.06817546705864,29.34147641368765,3.0866457148647437
17.89,31.220771160627223,131.0119142377488,16.690101811206045,0.6279424725317738,0.009740592260835,1.0626850876226264,-0.2799393127036297,-2.923972255366624,0.0,29.34297101381309,12.60689488485305,-87.27436776361837,-117.61804944799216,202.36358183307365,526.5283361530672,15.288,1.0,11.397882646749236,0.0862446617733849,2.462261558672973e-06,-0.0848195149977463,-0.00459434455295,0.0068343232398705,0.6280180125985892,17.072637586100104,29.34450106246013,3.123664412898138
17.9,31.22077076863768,131.01191299098105,16.39708876854671,0.6354739603434171,0.0152619496916595,1.0685645050503108,-0.281718160153648,-2.9617462065823696,0.0,29.34517866996004,12.601887157973202,-87.2537007391617,-118.54538818436856,203.2919794985853,526.6223865026194,15.288,1.0,11.364375636568411,0.0862508653485229,2.4549572861804405e-06,-0.0857036865528183,-0.0045733738770284,0.0069062791608625,0.63565719679041,17.077217865736067,29.34757601138323,3.161192150980201
17.91,31.220770377051902,131.01191174460857,16.104064038869108,0.6432261698824773,0.0209066565521292,1.074471874160957,-0.2837830326216128,-3.0000240719548303,0.0,29.347418570720208,12.596773643820375,-87.2320617436583,-119.46766360165192,204.2153244147792,526.7176056145502,15.288,1.0,11.330376652338083,0.0862571636447074,2.4477053215016286e-06,-0.0865988312350898,-0.0045441220926401,0.0069791418628764,0.6435658284488409,17.081914937653707,29.3507025805791,3.1992447624830644
17.92,31.22076998587192,131.0119104986425,15.811027742442263,0.6512813075284628,0.0266848481875257,1.080407373018912,-0.2861435930596287,-3.0388430846688914,0.0,29.349693798311968,12.591552629343054,-87.20943906225524,-120.3843266957257,205.1330676378909,526.8141044955129,15.288,1.0,11.295837778347783,0.0862635657202572,2.440510109308828e-06,-0.0875053160724417,-0.004506403867261,0.0070529421858928,0.6518277318352026,17.086740559083204,29.353885444311835,3.237858171810903
17.93,31.22076959509988,131.01190925309413,15.517980001523876,0.6596702961871262,0.0325978207696281,1.0863721183723087,-0.2888070048182258,-3.0782268787566256,0.0,29.352006476174424,12.586222253875068,-87.18582145745812,-121.29484429712264,206.0446760577628,526.9119597798174,15.288,1.0,11.26073748612332,0.0862700778153798,2.433376183468743e-06,-0.0884235652934255,-0.0044600299515328,0.0071277153976152,0.6604751854811627,17.09169641768901,29.35712692961083,3.2770557796150754
17.94,31.220769204737937,131.01190800797497,15.224920948313494,0.6683400229255476,0.0386324243663509,1.0923681920808934,-0.2917760818942338,-3.118174698888297,0.0,29.354356876388703,12.580780628640092,-87.16119814531129,-122.19870087804372,206.9496342051368,527.0111816631293,15.288,1.0,11.225097799249928,0.0862767007287879,2.426308168072224e-06,-0.0893540281477046,-0.0044048127658335,0.0072034983717752,0.669455586850152,17.096767666876218,29.36042524295788,3.316838103046748
17.95,31.220768814788297,131.01190676329665,14.931850703081055,0.6773059314375391,0.0447871992922355,1.0983971217861954,-0.2950571159170364,-3.158707143102517,0.0,29.356746826544384,12.575225791132096,-87.13555876982355,-123.09540013911808,207.84744583862133,527.1118362099329,15.288,1.0,11.188904859362369,0.0862834398310362,2.41931077730182e-06,-0.0902971781907628,-0.0043405665966258,0.0072803303535608,0.6787850355928381,17.10195283810647,29.363781982641505,3.357225901646826
17.96,31.22076842525325,131.01190551907115,14.638769391067743,0.68664180802711,0.0510706316665433,1.104460005367092,-0.2986594091557112,-3.199863440239661,0.0,29.35917964927008,12.569555692172552,-87.1088933720958,-123.98446646019472,208.73763539573395,527.2140432131778,15.288,1.0,11.152114194481568,0.086290304886713,2.4123888157362298e-06,-0.0912535238452784,-0.0042671058568961,0.0073582538182162,0.6885383483035817,17.107261899150718,29.36720180427069,3.3982576980439716
17.97,31.22076803613514,131.01190427531048,14.34567714149158,0.6964632685685065,0.0574983298592375,1.110558063503612,-0.3025946386168044,-3.241697739576465,0.0,29.361659918691576,12.563768086754935,-87.08119235481267,-124.86544619192432,209.61974928475908,527.3179674776134,15.288,1.0,11.114659171276704,0.086297309338571,2.4055471787655085e-06,-0.0922236493906905,-0.0041842381307293,0.0074373177376609,0.6988325833618454,17.1127130724791,29.370691733709585,3.439986477082096
17.98,31.220767647436343,131.01190303202696,14.05257407760593,0.706643411287423,0.0640443253245138,1.1166954432501988,-0.3068620710881581,-3.2841927591604616,0.0,29.36418633567265,12.557860677381104,-87.0524464383422,-125.73790885618152,210.49335708557408,527.4235629047038,15.288,1.0,11.07659913437075,0.0863044493670545,2.3987908550130623e-06,-0.0932081814744572,-0.0040917699625512,0.0075175730777945,0.7095395537615321,17.118276824349735,29.37424639267492,3.482397898427214
17.99,31.220767259159327,131.01190178923324,13.759460329623678,0.7172632206304566,0.0707182193075177,1.1228738070334772,-0.311471507153516,-3.327393820542543,0.0,29.366762785406326,12.551831129677463,-87.0226466182771,-126.60144805262304,211.35805245648191,527.5309696408633,15.288,1.0,11.037884987945525,0.0863117363898912,2.392124926885846e-06,-0.0942077500804561,-0.0039895135919399,0.0075990724351407,0.7207408223210329,17.123964511924388,29.377871174498456,3.52553679930802
18.0,31.220766871306623,131.011900546942,13.466336021793088,0.7284804488942818,0.077542731373669,1.1290948038043067,-0.3164370966254916,-3.3713727164783087,0.0,29.36939544632412,12.545676827706863,-86.99178411867602,-127.45568220604748,212.21345388188232,527.6404103048267,15.288,1.0,10.998427137520835,0.0863191885646877,2.385554570806959e-06,-0.0952230951869713,-0.0038772687360908,0.0076818779578958,0.7325956016807657,17.129802728428885,29.381575826366937,3.5694735613971127
18.01,31.220766483880805,131.01189930516637,13.173201281345143,0.740120382595235,0.0844836053102378,1.1353641264902217,-0.3217558946508856,-3.416102484205448,0.0,29.37208186215488,12.539395137887835,-86.95985033323748,-128.30025528760888,213.05920539402416,527.7517973374016,15.288,1.0,10.958308839415755,0.0863267986707591,2.379085061435257e-06,-0.0962549896453405,-0.0037548358340151,0.0077660522746893,0.7449263475683496,17.13575237818819,29.38535251103561,3.614185210812823
18.02,31.22076609688455,131.0118980639197,12.880056237499518,0.752452874769154,0.0915827102204653,1.1416821017185907,-0.3274478201640974,-3.4616907721934,0.0,29.37483162812621,12.532983299155168,-86.92683677504886,-129.13483714058685,213.894976899034,527.8654762788054,15.288,1.0,10.917381450851476,0.0863345949076758,2.372721771452742e-06,-0.0973042368130898,-0.0036220164865847,0.0078516637136829,0.75800543491658,17.141862338305256,29.38921740048162,3.659776372758824
18.03,31.22076571032057,131.01189682321555,12.586901021464524,0.7653181221874605,0.0988082970480787,1.1480554767833246,-0.3335111860274585,-3.508120144276247,0.0,29.37764281646829,12.526438281933908,-86.89273501218736,-129.95912383262475,214.7204645297012,527.9813786627105,15.288,1.0,10.875719542923324,0.0863425716078911,2.366470174778089e-06,-0.0983717698409317,-0.0034785964791228,0.0079387881232665,0.7716698303489095,17.14809643781779,29.393163579781152,3.70623367256497
18.04,31.22076532419169,131.0118955830679,12.293735759477968,0.7789336943597067,0.106193242389655,1.1544857044899073,-0.3399635067931646,-3.555486381727005,0.0,29.38052419038,12.51975706734219,-86.85753660426158,-130.77283776752938,215.5353907577432,528.0998203321872,15.288,1.0,10.833200818650708,0.0863507545251932,2.360335849774848e-06,-0.0994585092530698,-0.0033243701956158,0.0080275032868958,0.7861386710876876,17.154493437349835,29.39720497633738,3.7536510011545894
18.05,31.220764938500803,131.01189434349106,12.0005605817547,0.7931680360212076,0.1137106037252629,1.160980116527122,-0.346804955882832,-3.6037851073871954,0.0,29.38347474121093,12.512936289211364,-86.82123303419955,-131.5757276697414,216.33950437880657,528.2207659727904,15.288,1.0,10.789884191171137,0.0863591406931993,2.3543244815892603e-06,-0.1005655308361966,-0.0031591118770895,0.0081178969850238,0.8012769863047505,17.161022765123473,29.401336349350498,3.8020278284912594
18.06,31.22076455325085,131.0118931044995,11.707375620498167,0.8083100068648726,0.1214054484496029,1.1675400377152716,-0.3540572448939741,-3.6531387831147697,0.0,29.38650603525112,12.505972546436077,-86.78381563621724,-132.36756843316763,217.1325803618716,528.3446324428459,15.288,1.0,10.74560910161914,0.0863677641036673,2.348441866682029e-06,-0.1016939169012223,-0.0029826011090152,0.0082100610933522,0.8173759063382091,17.16773775516195,29.405576344228415,3.8514840309973177
18.07,31.220764168444926,131.01189186610827,11.414181005923828,0.824187961665835,0.1292439493699157,1.1741740461213883,-0.3617188715628743,-3.7035354439017008,0.0,29.38961615500628,12.498862170271716,-86.74527551889747,-133.14816085870248,217.9144195874161,528.4713519216754,15.288,1.0,10.70045433129502,0.0863766191188196,2.342693916728107e-06,-0.1028448801811239,-0.0027946015998454,0.0083040944249885,0.8342593376424802,17.174599949689643,29.40991772988249,3.9020123035257024
18.08,31.22076378408616,131.01189062833265,11.120976871229976,0.8409822898555751,0.1372525840645688,1.1808863287218865,-0.369806780021566,-3.755071899444717,0.0,29.39281405328433,12.491601232393792,-86.70560349008093,-133.9173312004777,218.68484839423536,528.6012475588448,15.288,1.0,10.654314504793096,0.0863857320488582,2.3370866622089386e-06,-0.1040197214875662,-0.0025948684303651,0.0084001060697865,0.8521080511403184,17.181641392181483,29.41437361815369,3.9537089606989952
18.09,31.2207634001778,131.01188939118848,10.827763349615248,0.8588004025834056,0.1454453301645935,1.187682149293435,-0.3783343350225243,-3.807825147859328,0.0,29.396106930949266,12.484185713501123,-86.66478996674604,-134.67493075810592,219.443718172546,528.7345796834788,15.288,1.0,10.607121717485844,0.0863951240546871,2.331626260022649e-06,-0.1052198043690406,-0.0023831523877488,0.008498209884543,0.8710286397657632,17.188879852325545,29.418953405449404,4.006651733489838
18.1,31.22076301672317,131.01188815469183,10.534540575272734,0.8776141092872252,0.1538129386127864,1.1945697459612648,-0.3873084920621231,-3.861835867200961,0.0,29.3994979180972,12.476611245121068,-86.62282489142245,-135.42083523100808,220.19090471900168,528.8714623425924,15.288,1.0,10.558877947530252,0.0864048043329844,2.3263189977675366e-06,-0.1064466345791192,-0.0021591863314264,0.0085985302174994,0.8909899520429211,17.19630600038295,29.42365876897556,4.060884264687827
18.11,31.22076263372576,131.01188691885932,10.241308679413446,0.8975256990904515,0.1623685225262587,1.2015560117318156,-0.3967433719970923,-3.917187633841487,0.0,29.402994660820543,12.468873199829266,-86.5796976398075,-136.15494405522568,220.9263075743532,529.0121721844837,15.288,1.0,10.509516349117836,0.0864147953527209,2.321171300825291e-06,-0.1077018288016063,-0.0019226905285603,0.0087012018696782,0.9120930660796948,17.20393702101277,29.428499414560417,4.1164913593099115
18.12,31.22076225118911,131.01188568370813,9.948067802196142,0.9186312812151168,0.1711241485806953,1.2086484784592877,-0.4066532547648578,-3.9739660223158766,0.0,29.40660506132369,12.460966666063548,-86.53539692166643,-136.87717969291768,221.649849313902,529.1569952754478,15.288,1.0,10.458972435125212,0.0864251203352828,2.316189740624732e-06,-0.1089871217622859,-0.001673371405994,0.0088063694869968,0.934432659848418,17.211789228763102,29.43348513976243,4.173560106265857
18.13,31.220761869116902,131.01188444925583,9.654818079803302,0.9410707708200606,0.1800994046551872,1.2158540753998408,-0.4170549861603278,-4.032272639377792,0.0,29.410339061657776,12.452886558893752,-86.48991068764116,-137.58748674418382,222.36147466013628,529.3062913222677,15.288,1.0,10.407158059434176,0.0864358084967793,2.3113810408437328e-06,-0.1103043306386779,-0.0014109276167118,0.0089141852477799,0.9581477310009406,17.219888323113636,29.43862896340032,4.232193123242645
18.14,31.22076148751297,131.01188321552058,9.361559648417773,0.9649173893836012,0.1893024710251965,1.2231827261026085,-0.4279631768317387,-4.0921971027911725,0.0,29.4142048226388,12.444627205865476,-86.44322601386865,-138.28583120242072,223.06114973931727,529.4603561823785,15.288,1.0,10.354018615320053,0.086446883817967,2.3067520881894435e-06,-0.1116555309536774,-0.0011350198405458,0.0090248219630362,0.983309516855114,17.228246927115368,29.443940331153417,4.292482450779757
18.15,31.22076110638121,131.01188198252112,9.068292651181867,0.9903012385290796,0.1987512959049239,1.2306436652346644,-0.4393958306071061,-4.153849869173339,0.0,29.41821309362228,12.436182680895175,-86.39532896995355,-138.97219975592367,223.7488613845967,529.61957916534,15.288,1.0,10.299468809950367,0.0864583778868564,2.3023099491940023e-06,-0.1130429070157578,-0.0008452963730952,0.0091384623419353,1.0100468736618788,17.236889867628577,29.449432811566258,4.354540304368359
18.16,31.22076072572576,131.01188075027687,8.775017225273256,1.0173302062946343,0.2084600472600603,1.238247433112443,-0.4513706445770321,-4.217340636474349,0.0,29.422374467998782,12.427546639421644,-86.34620450806759,-139.6465987642744,224.42461611346687,529.7843442900883,15.288,1.0,10.243433727757807,0.086470321832664,2.298061878600101e-06,-0.1144688260646286,-0.000541380355585,0.0092553041974088,1.0384660673982995,17.24583810268273,29.45511922340844,4.41847872105924
18.17,31.22076034555081,131.01187951880783,8.481733511846679,1.0461421072355093,0.218448049551111,1.246005046585557,-0.4639077868780393,-4.282794531662873,0.0,29.426701362950304,12.418712289436357,-86.29583633117822,-140.30905336322652,225.088439234083,529.9551016071641,15.288,1.0,10.185821504830876,0.0864827521441775,2.294015333384026e-06,-0.1159358518361405,-0.0002228673821853,0.0093755622036215,1.0687036801136596,17.255119563692293,29.461015019201472,4.4844250480172105
18.18,31.2207599658608,131.01187828813477,8.18844165802219,1.076889362390591,0.2287371619913124,1.2539283557553933,-0.477029231114154,-4.350348210652515,0.0,29.431207585805456,12.409672342800464,-86.24420675005416,-140.95960658083402,225.7403739630004,530.1323516567887,15.288,1.0,10.126531191728176,0.0864957093952219,2.2901779889217378e-06,-0.117446766682388,0.0001106783682699,0.0094994696194075,1.100911089499904,17.264766198861636,29.46713743975059,4.552518288006357
18.19,31.220759586660268,131.0118770582792,7.895141804955198,1.1097411368362513,0.2393521477526826,1.2620301143020896,-0.4907590031524615,-4.420151278110428,0.0,29.43590854341737,12.400418963096763,-86.19129652973201,-141.5983184531566,226.38048054263749,530.316653086458,15.288,1.0,10.065451489298578,0.0865092388599296,2.286557756983047e-06,-0.1190045952171496,0.0004597282715154,0.0096272803426738,1.135256657016315,17.274814628750995,29.47350578151333,4.622910525844275
18.2,31.220759207953925,131.01187582926315,7.601834102749019,1.0963047374901724,0.241996733783933,1.2711220857086738,-0.5025458374844286,-4.477344099806344,0.0,29.43880320382496,12.390971552754788,-86.13708509365824,-142.22526223279536,227.0088324450941,530.4358971823784,15.288,1.0,10.027893310738786,0.0865174597161795,2.28316278796453e-06,-0.1206017326084008,0.000822923653211,0.0097577204266828,1.1226929008264677,17.2750461305781,29.47681584885837,4.68133676033032
18.21,31.22075882974304,131.01187460109378,7.308518691565664,1.0102918567020625,0.2321613436456222,1.2803999504891783,-0.5103481323496268,-4.510046401080177,0.0,29.43873755454194,12.381602955567828,-86.08158280528313,-142.84027823386347,227.62526964108324,530.448470759542,15.288,1.0,10.027893310738786,0.0865169805100992,2.279993637145765e-06,-0.1221076330018819,0.001177800257007,0.0098798169774386,1.0366209234824904,17.260181186015345,29.47520527333286,4.715972623892308
18.22,31.220758452024203,131.0118733737578,7.015195718526716,0.9237242208152444,0.2221824082447698,1.288158363982748,-0.5176983963221135,-4.53886304512963,0.0,29.438672332466115,12.372378043655996,-86.02485602328494,-143.4428385151956,228.22926286399823,530.4610603131914,15.288,1.0,10.027893310738786,0.0865165025562346,2.2770353916508785e-06,-0.1234835912628808,0.0015176448847175,0.0099914060203106,0.9500669353223056,17.245552887676382,29.473572576072478,4.7464345926912985
18.23,31.220758074793743,131.01187214724084,6.721865323794927,0.836676896317699,0.21206875526282,1.294412917381776,-0.5245912743124949,-4.563775989132959,0.0,29.438607486342097,12.363297060429575,-85.96697843552307,-144.03246423533113,228.8203318569392,530.4736639898764,15.288,1.0,10.027893310738786,0.0865160257040838,2.274271576402038e-06,-0.1247288942087809,0.0018422575631216,0.0100924290172592,0.8631327760189895,17.231182542873558,29.471919092462137,4.772709092827273
18.24,31.22075769804796,131.01187092152838,6.428527645545104,0.749225135411486,0.2018293023716841,1.2991808416113435,-0.5310217858606091,-4.584770458535504,0.0,29.43854296564144,12.35436015038704,-85.90802566592491,-144.6087622771764,229.3980820921232,530.4862799627905,15.288,1.0,10.027893310738786,0.0865155498052712,2.2716858740154253e-06,-0.1258429421834582,0.0021514517010073,0.0101828366091113,0.7759323739802533,17.21709016834092,29.470246172756383,4.794786246927845
18.25,31.220757321783143,131.01186969660594,6.135182827917412,0.6614443111482095,0.1914730493077267,1.302480928162462,-0.5369853311186614,-4.60183497463671,0.0,29.43847872057704,12.345567359186685,-85.8480750452077,-145.17141930877375,229.9621988328224,530.4989064309625,15.288,1.0,10.027893310738786,0.086515074713615,2.2692621447278896e-06,-0.1268252492919063,0.0024450542116089,0.0102625886359078,0.6885992133800667,17.203294447345993,29.46855518084862,4.812659862056867
18.26,31.2207569459956,131.01186847245907,5.841831011075718,0.5734098526251237,0.1810090698850173,1.3043334477783952,-0.5424776965283123,-4.614961378959544,0.0,29.43841470211656,12.336918633803087,-85.78720538848428,-145.7201957484909,230.5124410997105,530.5115416210743,15.288,1.0,10.027893310738786,0.0865146002851413,2.2669844453262503e-06,-0.1276754435307052,0.0027229056230801,0.0103316541488747,0.6013002981811296,17.189812691784006,29.466847493029785,4.8263274156973965
18.27,31.22075657068157,131.0118672490734,5.548472330213387,0.485197180302183,0.1704465039549701,1.3047600673679869,-0.5474950601735505,-4.6241448542870645,0.0,29.43835086199514,12.328413822768152,-85.72549678086482,-146.25491972908827,231.04863563606625,530.5241837869969,15.288,1.0,10.027893310738786,0.0865141263781393,2.264837047048953e-06,-0.1283932668141847,0.0029848601769191,0.010390011413911,0.5142641539339435,17.176660809398737,29.46512449673786,4.835790039666951
18.28,31.220756195837392,131.01186602643432,5.255106925495004,0.3968816414966695,0.1597945493207637,1.3037837653668236,-0.5520339967932127,-4.6293839422629,0.0,29.438287152728,12.320052676496296,-85.66303037189948,-146.77548114116877,231.5706709523452,530.5368312107106,15.288,1.0,10.027893310738786,0.0865136528531889,2.262804452435648e-06,-0.1289785748962819,0.0032307859142742,0.01043764790666,0.4278421752876895,17.16385327625059,29.46338758930013,4.841052501815197
18.29,31.220755821459324,131.01186480452753,4.961734933108834,0.3085384461160923,0.1490624536148655,1.3014287458740033,-0.556091482436997,-4.630680557460024,0.0,29.438223527622217,12.311834847693548,-85.5998881793887,-147.2818258229622,232.0784915170671,530.5494822025602,15.288,1.0,10.027893310738786,0.0865131795731994,2.260871411101401e-06,-0.1294313371882396,0.0034605647500726,0.0104745602991358,0.3426592666647983,17.151403114533757,29.46163817666872,4.842123185407868
18.3,31.220755447543663,131.01186358333862,4.668356488249309,0.2202426026853753,0.1382595061489342,1.297720351837905,-0.5596648987502408,-4.628039997832072,0.0,29.43815994078771,12.303759891849603,-85.53615290289619,-147.77394995057844,232.57209214815208,530.5621351018841,15.288,1.0,10.027893310738786,0.0865127064034364,2.2590229344185447e-06,-0.1297516364724441,0.003674092534927,0.0105007544379462,0.260043075138289,17.13932187581892,29.45987767215106,4.839014066109015
18.31,31.220755074086703,131.01186236285332,4.374971727105377,0.132068854727329,0.1273950297432252,1.29268497760462,-0.5627520368727025,-4.621470951471875,0.0,29.438096347147784,12.295827267812438,-85.47190774707553,-148.2518946709974,233.0515126469756,530.5747882768817,15.288,1.0,10.027893310738786,0.0865122332115636,2.257244309091636e-06,-0.1299396685128478,0.0038712791047868,0.0105162453141239,0.1834983576178097,17.12761962977317,29.45810749513656,4.831740686504957
18.32,31.220754701084736,131.0118611430574,4.081580782883859,0.0440916175533771,0.116478372544806,1.2863499810865864,-0.5653511009384444,-4.610985499612199,0.0,29.43803270244928,12.288036338444792,-85.407236254771,-148.71574100932494,233.51683270666769,530.5874401256148,15.288,1.0,10.027893310738786,0.0865117598676597,2.255521109615587e-06,-0.1299957415625719,0.0040520483183142,0.0105210570246491,0.1245442866253018,17.11630495838736,29.45632906982115,4.820322128116308
18.33,31.22075432853407,131.0118599239366,3.788183787797698,-0.0436150844792267,0.105518899843405,1.2787435958829576,-0.5674607111643016,-4.596599115813428,0.0,29.437968963271693,12.280386371361487,-85.34222214972081,-149.165605072317,233.96816711665963,530.6000890759366,15.288,1.0,10.027893310738786,0.0865112862442533,2.253839209610963e-06,-0.1299202757694314,0.0042163380819785,0.0105152227256785,0.1141775444982498,17.10538495571337,29.45454382393039,4.804780980879728
18.34,31.22075395643104,131.01185870547695,3.494780873066045,-0.1309776801874567,0.0945259858918928,1.2698948436095143,-0.5690799065152923,-4.578330661294633,0.0,29.437905087036583,12.272876539746727,-85.2769491885795,-149.60163356185132,234.40566127715687,530.6127335860097,15.288,1.0,10.027893310738786,0.0865108122163471,2.252184792033927e-06,-0.1297138024802701,0.0043641003628741,0.0104987845775827,0.1615249180530856,17.094865233089244,29.452753187443538,4.785143310077143
18.35,31.22075358477193,131.01185748766443,3.2013721689141867,-0.2179231132032379,0.0835090057424614,1.2598334467410943,-0.5702081469373435,-4.556202376374737,0.0,29.43784103201541,12.265505923251068,-85.21150102190518,-150.02399960494182,234.82948703013136,530.6253721444166,15.288,1.0,10.027893310738786,0.0865103376614443,2.250544358262704e-06,-0.1293769634451362,0.0044953011892806,0.0104717936818548,0.2333756707098306,17.084749929808986,29.45095859131853,4.761438620715809
18.36,31.22075321355313,131.01185627048508,2.907957799602721,-0.3043789029816543,0.0724773271040919,1.248589742229382,-0.5708453151472996,-4.5302398680011,0.0,29.437776757337705,12.25827350896618,-85.14596106370007,-150.43289890093106,235.2398388074693,530.6380032708104,15.288,1.0,10.027893310738786,0.0865098624595656,2.2489047360657857e-06,-0.1289105099224697,0.0046099206389984,0.0104343100099997,0.3128888462518276,17.075041729161757,29.44916146622061,4.733699819364625
18.37,31.22075284277098,131.0118550539252,2.6145378973459623,-0.3902732051223994,0.0614403022323276,1.2361945961947138,-0.5709917179728213,-4.500472093353876,0.0,29.437712222998226,12.251178192477004,-85.0804123690558,-150.8285461816234,235.6369300920365,530.650625515765,15.288,1.0,10.027893310738786,0.0865093864932783,2.247253086461864e-06,-0.128315301686609,0.0047079528155016,0.0103864023244844,0.3950797729490533,17.065741879748415,29.447363241254973,4.701963173474627
18.38,31.220752472421847,131.0118538379711,2.321112587399337,-0.47553487095108,0.0504072598576374,1.2226793199324923,-0.5706480872346686,-4.466931339525013,0.0,29.43764738986374,12.24421877898966,-85.01493751942824,-151.2111719762215,236.0209901835209,530.6632374613182,15.288,1.0,10.027893310738786,0.0865089096477104,2.2455769094834925e-06,-0.1275923059390557,0.0047894058119681,0.0103281480918906,0.4781989617241045,17.05685022195387,29.445565342705144,4.666268268208108
18.39,31.22075210250211,131.01185262260933,2.027681994024416,-0.5600935063089634,0.039387497162116,1.2080755875154932,-0.5698155801658524,-4.429653199281403,0.0,29.437582219679385,12.237393984534352,-84.94961851507041,-151.58101966989864,236.3922612578886,530.6758377210298,15.288,1.0,10.027893310738786,0.086508431810573,2.243864048862026e-06,-0.1267425961250678,0.0048543016632545,0.0102596333883737,0.5614766792354922,17.048365219434242,29.443769192778472,4.626657960823841
18.4,31.2207517330082,131.01185140782636,1.7342462365122024,-0.643879529500436,0.028390271811493,1.192415355229834,-0.5684957793627989,-4.388676542931504,0.0,29.43751667507435,12.230702437241504,-84.88453667413917,-151.93834284257133,236.75099570701187,530.6884249403078,15.288,1.0,10.027893310738786,0.086507952872174,2.2421026956533896e-06,-0.1257673506572679,0.0049026762858984,0.010180952797577,0.6445050985928651,17.04028399545241,29.441976208359684,4.583178332665927
18.41,31.22075136393652,131.01185019360906,1.4408054421074388,-0.7268242283475718,0.0174247940508704,1.1757307830955708,-0.5666906922648968,-4.344043486325601,0.0,29.43745071956762,12.224142678690288,-84.81977253801757,-152.28340287284837,237.09745374345047,530.7009977965004,15.288,1.0,10.027893310738786,0.0865074727254379,2.24028139082864e-06,-0.124667851548078,0.0049345794062431,0.0100922093011356,0.7270330570707675,17.032602373877143,29.440187799774456,4.535878638820276
18.42,31.22075099528356,131.01184897994435,1.1473597221483407,-0.808859816304134,0.0065002188728643,1.1580541586935256,-0.5644027501604698,-4.295799355028471,0.0,29.43738431757227,12.217713165327888,-84.75540578240009,-152.61646679107585,237.43190125430047,530.7135549992915,15.288,1.0,10.027893310738786,0.0865069912659135,2.238389026855693e-06,-0.1234454829529009,0.0049500744767891,0.0099935141619357,0.8088859329162695,17.025314924640337,29.438405369562965,4.484811255506647
18.43,31.22075065354096,131.01184785275632,0.8625876914577895,-4.8899758960295,-0.9706421939258182,-565.0911438406375,15.399627391452324,218.42479309491355,0.0,26.41488191478137,9.393614881280856,-86.13726060480661,-147.66685191849027,232.2746923411776,427.3374608034772,15.288,1.0,10.027893310738786,0.0776245808673279,-2.0193096973002027,10.485519587631527,-2.5080167166377194,-0.7617181681096876,4.985150133671152,18.47503545109324,26.262421088301743,606.0317975234233
18.44,31.22075038531132,131.01184694533256,0.6207485392790502,-0.5055139603142764,0.1041225626582456,-511.4430679136768,13.195080271250916,278.5211703533004,0.0,22.18839192847003,8.578604218726477,-86.53466167144377,-10.199213936562014,93.08467731186866,301.5333539797915,15.288,1.0,10.027893310738786,0.0652041501072725,-4.891806703592808,13.583360368973556,-2.627959737323081,-0.8288936631512457,0.5161255572170689,22.187897773007208,22.204747453363645,582.5136600932984
18.45,31.22075013931138,131.0118461266237,0.4164707150567009,5.063417455270296,1.9111085115564883,-461.8348700329264,-62.425081322524974,222.38131533828124,0.0,19.05770097141096,7.757132381755907,-77.80568420354442,1.3326503985702507,78.71634420071464,222.4504226323149,15.288,1.0,10.027893310738786,0.0560039833320943,-1.0942947789637458,17.87067766689911,-1.6205969743976247,-0.9366682843961764,5.411193801450224,27.61699423557489,19.35784153287369,516.3736896551159
